9633148637
9746217329
9846193386
9995940410
9446552122
6238374592
8330098377
9497833390
7736731311
9495170100
9446760121
7306463874
9744678640
9947870215
6238072760
9207940047
9778365673
8848195337
9847136294
9495289851
9526562283
8714219845
9446289184
8547333563
8301078172
8304997990
7025612782
9539121854
9349429271
7736708093
7736897228
9188052529
8129754366
7736899197
9383402055
9188773213
7736041304
9778325359
8590464638
8848303402
8129310030
9744699267
9037891411
917510194363
7511123633
8129986081
9188276606
9645094788
8138818042
9388899570
9447079100
6238080499
8714307125
8111915183
9526155364
7736731917
917306963869
9895493065
9526723850
9447652225
8078715108
9495095044
9447598271
7356892170
8138947998
8848061580
6282595669
9188385810
8137997339
916282570834
9633612377
9544628774
8590425196
9495776665
6282994545
917902510561
9496716417
7736506784
9496975800
7902439953
9567876271
917510551011
9526685266
9778072521
9446038398
7559096246
9745232422
6282350749
9544938018
8301804775
9539676430
8304927209
7306354441
9207140298
9074569208
8078431225
974307444
8078269226
8086670993
7559903707
9656525780
9074197737
7356492350
9447654325
9048690760
9778187911
8089467078
9188636338
9567797761
8075586359
9400780938
7736834013
8289831646
7736236130
7736855357
7025687034
9526731223
8156953996
8848834030
9947898354
8075216707
8921983984
9717553707
7510558335
9188546404
9400526562
9644418899
9544025872
9383483076
8826160344
8943560126
8921581287
9495273738
8078834632
8078972186
8921670960
9496197695
9995470381
8281944796
7736957664
9895127983
8547485476
9207927022
8592031276
919400706131
8281063353
7736707026
9746715526
7994216771
9496245812
8848480418
8943463523
6238563261
9496433463
9999598006
6282778713
7907543194
9497582783
8086219446
7034588185
7025400694
9544900633
6238943968
9539495570
6282741180
9847605779
8714827226
7012019573
9605894704
7736585804
7902436803
7736906721
8590435121
8304991566
7012244583
9074133205
9746619191
7902684202
9446440521
9746004830
6282851765
9778345457
8848301514
918606313725
9003104910
8848799891
7025670678
8921309556
7736841035
7736163052
7558042507
8075236438
8606169508
7034920754
9446587876
7558072577
9188139276
9544056176
9539112744
9605999058
9037996562
9745244035
7736965615
7736751294
7902604119
8113876728
9567380263
8281848101
7306151772
7510301965
8943245747
9495250569
7558894968
8592887657
8111965791
9567793008
9633496817
8078707015
8590023462
7561869577
9074936758
9037597120
8547261169
7736012882
9745039743
9633159039
8590681228
919447710705
9446055122
919746082223
9539968801
9526573519
7034645701
917907029121
7559898990
8714271442
9747856083
9745143173
9447179202
8075041513
9958919549
9745576915
917994191151
9400286712
9746272412
7994251559
9995469403
7559966535
7012302169
9778295776
9895279163
6238441289
7558072703
9778253258
9400399252
9188690043
8129432672
8848568960
9745680749
7994632947
9037110591
7736782939
7592825294
8590540070
9061240233
7902422820
8590725515
9188503236
8943982768
8590777946
9745555993
6282972338
8590556947
9895308892
9497586517
7012425921
9961806205
9744041254
8281863369
9633078750
9348547655
9567763466
7902354990
9495966712
8138053457
7559925450
8547142944
7902447768
8078200152
8590417722
7736948330
9633194678
7907376384
9567082434
7994799695
8089352280
9809771820
9446812122
9061957808
918590849984
8304079066
8111930147
9446869213
9747494515
7592022617
9072105138
7561816409
9745470114
8281546903
9037456411
8590423121
8590615613
9383400181
9539245541
6282928615
9142303081
8590947230
8281965419
918921165578
9207932880
9061790601
8891096375
7356764317
7559093257
9995746114
9400531084
8921830453
8089593960
8590879048
9061433256
9544560616
9778425071
9544144939
7012372620
7034981519
9847509113
9074954090
7736705864
9497357176
9656401494
8078284471
9645662177
7736988740
7306297503
7994734175
8078022127
9446439793
7034743617
919656917437
917594017921
7994068703
9846160306
9526500558
8136817556
9400152355
8157985690
7012704664
7025467044
9447785989
9188418382
9072845659
917306594160
7306453503
9446546561
7907877767
8590222752
9562678564
6282343134
8129907606
6282022142
7012871327
7558856586
8590568445
8281684882
9544733561
9778370917
8606604356
7012630024
8078006254
8078962780
8921054441
9778217641
9188042587
9633582295
9567086511
7306709730
9539537406
8281563089
9745682853
8848683870
8593051984
9061321007
8848557149
9387302064
8156818014
9188318096
7994892973
7736756375
9539860739
918281094418
9526844728
9946313714
9846526114
9645547803
9400185943
9207581968
9072065760
8593942725
9567488034
7736836647
7736633120
8921174254
8330852213
7356079901
8589805750
8547518907
8089282491
8590910215
9567326343
9747692487
9526815228
8891177620
8078256072
9207145261
7736550389
7034488913
8714819411
9446569881
9746183265
7736237106
9544015435
7306762132
9656431293
8281223649
8138849636
9496389401
8086307725
8129012077
7558081549
8943938808
7907590426
8304987091
7559044282
8891630490
9207465816
9946850808
8606020566
8330074192
9074706319
9744399719
8606281851
7907696897
8330028284
8157084493
9188558018
8589949897
6238820441
9995066744
7306249055
9947487241
9497764680
8075523281
8943683387
9947322273
9447988145
9746157445
7025017193
6282302772
9567351245
9544309245
9400235383
9388163355
9072068297
9495889885
8129547628
9495383598
7994342917
9495140648
9446502116
8304987161
9061351844
918301938735
7558977006
8848925300
9633969403
9605045906
8547768091
7994400147
9400328099
9745938268
9074920625
8078190892
7306528649
9947182372
7994528894
9961706405
9946775533
8078737850
9497019054
9495224246
916238703687
9746799138
8589906242
8078568481
7994473969
9497286381
8606353573
6238173361
9496577827
8129839734
9895612709
9447357086
8304039951
9961930541
7994090796
9544247963
9633190595
8330040751
9846729523
9656355552
8943525322
7025015753
9895513172
7025486135
8157082780
7902328530
9073205966
9496379063
8547378071
9544716519
9895754678
9846601960
9207388984
8129404281
9495580939
9847647851
8943007179
9447677252
8606930440
9188033069
9446652554
8330029060
9188249010
8943148396
9847713869
8330035897
9744810760
8301854934
6235451763
8129394793
9497230741
7306108035
9539262642
918330067210
8111864632
9048214753
9744910051
9633394510
9400105589
9207563056
9400997974
9746335461
9495344168
9745996008
7561095288
9447373536
9188269067
9495458959
8281488694
9847452948
7907948577
7561044590
9995546534
7356070860
8547591966
8330835897
8089011798
9188079904
9400335730
8078148750
7907051607
8075826248
8078767101
8078880454
9567406852
9746223490
7994615472
9656089107
9188030366
9895527375
9539562432
9447504414
9656336084
8330809114
9496966697
8921871449
9995639948
7902777024
9895486581
9061410667
9400187251
9746123870
9495408210
9495596920
9495744173
8547451536
9400253962
8301966702
9947975499
8113066488
9061911103
9961691130
7994812279
9072341689
7034087625
9645123181
9447384461
8157958116
8129831677
9947451753
8547209743
9249724880
9539918347
6282102353
9383446533
7510820320
6282504171
8089994147
8547622195
8943177112
8590920860
7511129780
7736245159
+91 7994414248
8921618500
9447051065
8330053530
917034237407
8848608544
9496130967
7356853296
919868091037
9496961442
9207669971
8078805058
7034777123
8078512191
9961751070
9947023712
7012074970
9946566540
8592027735
9497126982
8606308988
8606601366
9605065351
9400242627
9539698644
8921057297
8547848859
8590151884
9400538195
7306320266
9633787266
6235720050
8113013351
7012555811
9846290986
7012097250
9846756232
7025470299
7012841131
7012182314
9745877949
8075857419
9497286535
9446306860
7902468203
9497039605
8086858466
8078250864
7994258948
9037896398
9656809917
8139879833
8301005784
7559952760
9633997726
8078792371
7034646519
9562773401
7306870941
8754362013
8606459171
9188307268
8891680069
9447673258
9048139963
9468938322
7012914605
7592987362
7593038019
7356217707
9567628903
9539754643
8086479197
9495180745
7994640285
9148226223
7510451429
8137088624
7356907156
9562060986
8078172808
9656267969
7561891676
9961300695
7559880735
8304802501
7907604138
9605953969
9188680152
9605512905
9188702371
8075978191
9847985667
8301964977
8281360350
9645443306
8113098673
8078195184
9048691819
9074063275
8111803522
8943939733
7902494091
9847422414
6235933048
8289820654
9207064908
8078097887
9400940329
9847643426
7736358824
9400663170
8156845424
9207933450
8304917179
9747849343
9447969895
8330055696
9544134202
9995656305
9400738632
8589899089
7356184640
8156968637
8281274614
8289891859
8921747712
9846506146
7561043876
8138952941
8129248448
9400138901
7558893900
7025183266
9746444223
9656129058
9745477778
9447156125
9447632600
9497364677
9947611902
8330892617
8547541811
7559961830
9746773151
9495351491
9497120510
8590136182
9740231800
7907577757
919605577880
9061313769
8547560582
6282852726
8590195713
8547548385
9567304880
7592873701
8129715162
8086279400
7902977640
8138891451
9746438196
7034608572
8075276548
8589000364
9400017040
9496620867
9745158362
9188702845
8220491828
9446831100
7736765867
9497296508
9633222365
9846731533
9995058738
8590095505
7306466795
8606019383
8113083011
8129505901
9495217974
8304942633
9930129844
8269502080
7994322909
9526605111
8137099818
7034349523
9821736746
8078746028
9562325379
8086799610
7510232568
9847712090
9446838421
8129468196
8304085594
9061673452
7034962164
7994307430
8593823218
9947670456
9207283866
6282213471
0974 619 5172
8848392749
8129970787
7736286322
7306349075
9496051942
9633696912
8589082142
8606150438
9562645400
8301986372
9745529706
7356028316
9496319630
7010892482
8281288307
9947316980
9567278858
9072846251
9605812711
7025912041
9188656807
8304906186
8281816713
7907190195
9526176288
9037203529
7902936186
9947576330
6235558401
919946043066
9497041664
8089059590
919539782982
9645934008
8547266382
8848039456
8281616195
9074266566
918593914119
8075609450
9744673160
9744741119
9539130930
9447211781
9744850339
9048953268
8078305561
919746912701
8289940051
8891171757
8368075235
9061014885
918086871434
9446545149
9383499840
9074196161
7559881526
8281340354
917560860295
9562886341
9539129769
9400158110
8606633776
8137051081
7902376536
7994042277
9947721872
9605231197
8301951154
9074144847
7306079656
8078461472
7561831653
7356625214
8590813487
9746156377
9497802026
7592032596
9747844906
8289936351
7034119064
9746740978
8714371716
9447851414
6282619949
9188356997
7593951568
8078373302
8547139100
917561042321
8137949145
9446192872
9400525938
9633535020
8156891609
8113955202
9207319199
8921056807
8301927993
8828388445
919747744268
7994743761
7356119701
9446025037
8943419874
9061895227
9686794728
8075695867
7560997657
9847872850
917034521214
9961048967
9188316187
8304910481
8330874275
9061625447
9207871465
8129291778
9745235485
8593927510
9048769975
9400588496
9496603228
9447725756
8156969353
8078011871
8078703195
7907339818
9645612064
7034071429
917306059378
6238576050
9061372388
9544419050
9895636790
9746337298
7306567836
8304926815
8078126797
8078729419
9846509895
8111946495
8281832485
9446434427
8589940946
8157918911
6238317125
8281834406
9605963918
7902840160
918075028290
9744846568
9446530398
9847759421
9061996035

