8593891046
8921019512
8086594367
7994940625
9961427378
9400166366
9745116332
9048335337
8129927720
8606559845
7559895502
9526811071
9496823679
8590934126
6235664573
9567734913
9645622791
9947604822
6238495758
9916099196
7356126456
9562464994
7356587723
9447973613
9048019430
7907327995
9048343099
9895870627
6282903434
9495015092
9847752323
9778082714
7907341653
9995795700
9745675240
9544793226
8086605808
9995859625
8848507987
6282948782
9605977256
8281725671
7994859641
9562565175
9495227076
9847040387
9400584343
6282717238
9446031696
9633595429
9847267490
8547949573
8089790210
8089601461
9207592310
7510110823
9447555138
6282928875
8618742708
9496576174
9947551113
9778487711
9074570591
8606135558
8075235008
9746985664
9605700703
8281862547
9072777825
9446079472
9526034673
9847869793
7907613237
9745367049
9446533130
8921899605
9061659120
7025292803
9946664421
9446336034
8129596275
9846341630
9744549196
8606583925
9446196421
8086881591
9249726048
9747386113
8891922466
9497728071
7909120821
9747423382
9744173318
7012856086
8075709723
9037349682
9495247838
9846165662
7012850140
9037668409
9388811676
9539605820
9495403575
9847176623
9037470194
9745561668
9745774260
7987111128
9447735851
8289954266
9605131510
8891939408
9605793744
8714936703
8891850914
9605666136
9946171076
6238021863
8547538593
9526990659
9605788271
8301069802
6282824507
7561042319
9388849390
9501229262
9048699862
8921625165
9895456130
8089128367
9074450842
9895546163
9747202866
8848873037
9539074127
9288808458
8075691937
9497338865
9895348260
9947165522
8139028997
9495419063
8848733568
9447527415
8943642838
9846279065
8547106298
7736708436
9895064374
9446876601
8590474308
8943939236
9074028946
9400827321
9895792266
6238130153
8714345043
9895564986
7907140452
7994772341
8547544999
9947478182
9495121460
9744717860
9497617497
8714076122
9656199154
9995122259
6282093816
8590787558
9188093048
9188129594
8302768401
9723637177
9605729637
9847920978
9846013845
9744206089
7306683947
9633125201
8129248692
9745690155
9544919147
8547309658
8281925140
9447962759
8590799931
7902891024
8547681965
8075787369
9400151306
9895163430
9526232793
6282640117
8281417440
8891303217
9526784380
9048000599
8907782839
9074046852
7736521505
8590396232
9495159309
8289874981
9539936932
8281509552
8606624824
7907746708
9061208485
9605790032
8848037839
9846099031
8590435535
7907806583
6235030880
8078172268
9446868418
9446867107
9400529582
9567708331
9562713393
9847392276
9074621113
8089832755
9447032470
9446205121
7907019401
8891462206
8129080511
9746911208
8086412768
9778372114
9746515032
7559841472
8592956776
7736866798
9961624940
9400533869
6235347910
9544505980
9400058093
9349788334
9895741057
9847105824
8129438730
9946751762
9744132706
7356436191
8129358659
9495129696
9446374062
9745054896
9497756514
9495697538
9497687882
7558971980
9995215255
8301014833
8848892367
9048605680
9446559973
9744133125
9633864244
9037681275
7902842783
8075451846
9605856655
8330069277
9995329935
8129364519
8606849463
8848833163
7907364159
7510624461
9605022959
7994691147
9496077282
9605699674
9446140289
8086967089
9995416931
7907775452
9526087526
8606697745
7994459360
7994859982
9995960023
8129749654
9846554450
9847633854
8078796858
8330855050
9847112288
8075574603
8590515501
8891089381
9744465412
9961204329
9961246479
8590061989
9746959586
8075101720
9995453782
9847329802
8089314082
8078764571
9446133824
8111906964
7736426930
9447780292
9995903600
9747642069
9400535944
9744224506
9496588241
8089427677
9074256754
9446047937
9947898767
7356786868
8089143379
9544194344
9526937349
8921875071
8891508831
7012744128
9544891416
6282455199
9847135015
9526582536
8921398025
6238821770
9447849229
9074208103
7012171615
8590865746
6282797138
8825978610
9562186096
7907817688
9778743978
9633466155
8137952170
9946549839
9074366354
9447040182
8891455737
9745682182
9947314060
9961140315
9048149419
9846520986
7907640795
8848880654
9526481765
9744533288
9188195585
8590864052
9061282181
9539432113
7736183512
6238708447
7994110925
8089269232
7510621565
9037179124
9037002850
8848541751
8129208565
8281765356
8281271292
9946421335
9447136659
9746293045
9745930603
9778006372
9947227955
6238245573
8848447520
8089536097
9847782275
9048988845
8589985401
9995666399
7736950365
9526852436
9995442666
8139827807
8547063236
9496335964
9946748882
6235164104
7907777829
9846671817
9446568268
9946303656
9946008299
8156871453
6282956587
7994172080
7736807490
8848605378
9037366439
9846952463
9497687194
9847430107
8078374177
9074551101
9447516326
9961367638
6235745985
7306164031
9633589692
9207423392
9747397638
8592951971
9495020091
7736220725
