9892519035
8590889320
7012812094
6238276247
9747896151
7907892866
9961522909
8547892859
9048248623
8943186304
00919539793702
9526356065
9061812559
9446215257
9496530581
8891802767
9745957572
918714014670
8848030207
9446741786
9446741786
9074357399
9496180636
8157031185
9446741786
9061691070
8139010216
9400569500
7994459360
8129438730
7306897521
9400140852
9495020091
9946554755
9142003082
945567885
7034288438
9747725187
06238386410
9895396165
8590515837
9443874072
8590360701
9645576853
8891450624
97477078590
8547127086
971563674144
9048815278
7909123124
9567106804
9037489845
00966554131537
7306390700
8129850488
09961785346
9895446740
8075771404
8138918292
9349788334
90740 69756
9074626401
09995634761
8590464872
8590464872
9048587264
9562229855
9961550043
9188720472
00919633938033
9037467313
9400315245
9497413175
8590596624
7306851097
9656800507
9995447687
7907297448
8281414331
971529286262
9495592164
9633714443
0096597274346
9447947286
00973-36473952
8547280334
9846768231
7994628103
808943670
8891134566
9605015910
9562570130
8075220343
9846671817
8590858352
9074963266
7907017277
8139075160
7907168738
9400452529
8078533360
9605216243
9961955644
9495885117
8281572167
8169714160
7907099953
9400563989
7736470390
9846022538
06282455199
9495388918
9747678496
9747140567
9895942881
9562356919
8848461541
9072449562
9446612399
9495700950
8547677320
9446802709
9995316129
09188276055
9387732633
8825978610
9446460448
8330885509
9446871605 
9446871605
7594911980
9846810494
8156883303
7306669520
9037292394, 9846810494
9497654424
7356731586
9605681259
8137807009
8137807009
9746919342
9744840800
9847104963
9037738440
8848320481
7306288574
6282028061
7306154064
9895524972
9746605491
9074094909
8891575034
7907640795
9074039641
9037599423
8129939121
9188276055
9400805418
8547582517
7559980408
9446962764
7356933847
9167310746
9895965156
9495610090
7560972788
9656277718
9744153827
7025280081
9645622791
9567290717
8129066669
9633034077
9895254722
8943091682
9946667363
9447106625
07907603030
7736380290
9995320103
8075541646
8281870623
9495367420
9037700361
8943823152
7736679778
9446374779
7356846409
8547504679
9562852937
9846974647
8078713952
9895700982
8075928115
9995581634
8547817611
8111858696
9048249051
8078747714
6282857215
9526827339
8590525981
8848037590
8547166312
9013338878
9946048270
9495334932
8590430958
9496381651
9207680436
9746293045
8921511176
9446323619
9495734600
8309824870
8129311977
9447169964
8547395105
8547395105
8893880812
7736582144
9895136867
9539696746
9946464718
9633998558
9207336071
9207336071
9447336071
9496725977
9746742322
8089031154
9745677151
0507344748
6383527565
9539151596
8589012681
9605350482
9847309544
9447234225
9895202798
7306851326
7510805304
9048031370
9447325352
9447378644
7907580749
9074549283
9495846941
7902808100
8891449086
8590182207
9895249815
9947319564
8547525385
9847688241
9745698018
7907784595
7073941227
7073941227
919562570130
9495805297
9567373485
8848050962
7902941801
9400759752
9778482646
9061413384
9567146260
00971501245451
7012095270
9846208161
9846208161
9048470004
9072965765
9745857633
9745857633
0096599834512
9447889513
65889053
9037349682
8891747142
9656132528
9497585165
9495014563
9895089899
7994502307
7012460691
9778796805
9745433553
8075367733
8113066943
9846594599
00971567563710
00971567563710
8606923073
7736877205
9946664421
9526301601
8590110437
8838021450
9061670397
9746706469
9447608831
09947005689
9605586957
9495804080
7907496850
9497329908
7306965909
7559088803
8138913954
9446740367
9946664421
9645329443
8848733568
7902326011
9037208317
919072840159
8848757105
9447111521
9895147596
9400968816
9567017807
7306763924
8907683929
7907017033
7593945526
7055672067
09846700867
8281418045
9400509988
9048063213
7034917245
8590174990
9447342092
9447342092
9567016103
8281572167
7356210409
09704879343
9995591892
9447870367
7907501691
9072152035
9497369646
8714432348
9562603144
7025051797
9847920978
9446032170
00971552780702
7559863512
9446211541
 9061097598
9495956252
9947329753
9048088458
971504970904
7736490478
9387806333
9995790185
8921057480
9846053079
97463 34582
9447144462
9836743623
9846836675
9446387305
9446387305
9497687170
9207752759
6238627935
9745369270
9745369270
9562874553
9037364789
9605740400
9446740392
8129713240
9447355920
73566 48724 
9562752237
8086278426
7510594348
7907531469
9745606740
9745606740
97473 97149 
8590110437
8078034269
93886 92157 
009656670802
9061662000
8943575650
7907224652
8111813470
9188098430
9995164761
9745953521
9846450741
8714391222
9539353218
7510121044
7530909090
9495001466
9048721108
9447458177
9961808855
7034094019
8593081058
09061496994
8879959518
9746127660
9400710107
9539632259
9747004262
9961785346
9074272361
7511174940
7907107648
9447010794
9947474100
8075076141
9072840159
8075585436
7012365422
9447352683
8078312795
8075598145
7907217411
9048097545
0097338190828
9562280460
9745682182
9061011907
8156969336
8921481580
8589010527
9288503382
9645323919
9605886199
8281737135
0096892970797
9497596877
09605263466
9605685555
9072580799
9072580799
9074226812
9188039984
9539367173
9847804947
6238746800
9846234642
9847234177
9446765235
7012777816
9539400252
9400547234
9061482332
8281533065
9744771938
9383499328
9946233938
9747165473
7736550228
8075205100
9207027905
9995720482
999591969
918075288551
9946146752
8714365411
8590020094
8086385392
9961204329
9645838382
9567037196
9037531771
9495664139
8089892964
7306664671
9895330681
9744680450
7560904269
9947453377
9495714869
9037408177
9188732465
6238019877
971508914764
9946865225
971561115848
9539029860
9747397149
0096598762094
9446224524
966557616270
8086350500
9072580799
8547538593
9745903091
00965 99135072
8129547628
8129547628
9495813310
8078331720
+965 67642594
9188693375
8714093382
9539587799
8547506799
9744409493
9778134743
8590441989
9605831323
9745677151
9746652399
9947855345
7592864606
9895763902
9495159309
7025123429
9847684067
7306085733
9846759758
9562445959
9495465775
8590616503
8848680464
8848680464
9207608854
8086794078
9645821570
9656290151
9656290151
6282964872
9447012728
7907159714
9846303151
7025104564
9188039984
00971543969399
96566140517
7907143564
9495443177
8891475600
9446228758

