9995157900
9746674784
9446995051
9497737875
8891423882
9895240447
8089513570
9447828986
9656802785
8547525880
9847466849
9744493132
9495218062
9895268324
9895194750
9446002222
8289855699
8907658128
9495187415
9447452757
9946346045
9349060422
8129311676
9446232825
8281642115
9544547493
9496521351
9496174787
9495669595
9446368833
8943376996
9447915578
8893435627
9447625078
9744855311
9496143232
9895073542
9539483515
9249404244
9446476676
9567065167
9895510039
9447291746
974749667
9539223495
9447052813
9446637555
9495487858
9447737380
9446355847
9747053000
9495383488
9497026174
9946158939
9539172667
9747097615
8547518324
9847431775
9497932143
9495669595
8547375024
9447718711
9447232327
9446885513
9447940070
9497306331, 9447415459
9747870040
9495254154
9447209348
9745804808, 9526118231
9961545562
9495184689
9847436664
9447328321
7558063468
9048569199
9847147198
8129780993
9048688788
9846051045
9847334115
8891706734
9447604656
9995259796
9447134441
9544270077
9539766718
9496242042
9539748676
9446613252
9495669595
9447210292
9447232311
9747344049
9846052779
9446740168
9645004606
9447412727
9496276127
9447160545
9746146885
9446686133
9447733080
9447476218
9447234099
9847047475
9447392005
9496059647
9495159384
8086036234
9497109322
9961990729
9447173550
9496179102
9446719334
9446865984
9846686210
9495933274
9946319691
9249777789
9809892392
9495669595
9744778448
9847912252
9496180933
9447908972
9995880262
9495944551
9446579577
9446173960
9947256503
9400563352
9539631039
9961005505
9446688662
9400226603
9562471879
9846190463
9495568516
9847093874
9995154230
9447190537
9895227282
9846110992
9946836210
9846841893
9745171364
9656941464
9447811296
9497367325
9495486258
9496976480
9495669595
9495635469
9847050604
8891289260
8592920888
9744424391
9495429095
9447307619
9895534698
9349607291
9495467683
9961298735
9947032611
9446412842
9809030335
9446628130
8281506352
9048546664
9847147198
9497367861
9400606263
9539565332
9447961647
9495674350
9446232962
9447985487
9400838739
9446449033
9447105026
9447155151
7025062383
9495669595
9447546733
9447186631
9495220519
9446127430
9446231504
9745068388
9497025409
9496289953
9495810619
8606234455
9447206475
9662063264
9539520743
9400167190, 9747434204
9567372269
9400172163
9947624193
9645719710
8547123915
9496532465
9447708473
9496204910
9847763327
9495026980
919868857548, 918285153767
8606877456
9895383439
8113017506
9447232427
9847164863
9495669595
9810711072
9744137824
9446651399
9447749279
9544864937
8156818008
9446149711
9847070270
9846261666
9645639623
9633149359
9847531287
9061996220
9645419797
9496016943
9995533033
9495445632
8547812839
9605833950
9847452405
9495493999
9446479124
9446568427
9847539838
9447673117
9447731664
9847113663
9447796479
8281746424
9656562768
9495669595
9895949196
9447761878
9446250025
9497114728
9447581613
9846153520
9447855130
9895864321
9447819328
9847729256
9745078710
9447728850
9447589769
9995532235
9400568120
9539764942
9744569358
9995804353
9447159590
9747473711
8590006978
9847588181
9446572153
9995706997
9497961996
9846076746
9946409279
9497325323
9447069440
9447581551
9495669595
9947704669
9947276949
9447414546
9526129214
9947312519, 9400701476
9400294173
9496461533
9895366667
9495892278
9809823846
9495062007
9605648448
8943681721
9846477631
9946098624
9447705876
9447889621
9555152535
9847171173
9387485033
9995038802
9496720200
9497202277
8138805705
9497831785
9447104041
9249346560
9400895104
9562957442
8089243789
9495669595
9947864432
9947616920
9495467495
9656410473
9947553794
9947261439
9447666207
9037149432
9447847020
9495763740
9847040983
8921542703
9497230995
9447381195
9961496094
9495603195
9745799870
9447783012
9961815385
9447759724
9946425339
9947898544
8089167822
9946409098
9605882236
8086667832
9605089958
9447743341
9447854631
9847528275
9495669595
8547698836
9497485001
9447604528
9446052236
9747247257
9495241440
9847911377
9562607001
9447253858
9446572824
9447687151
9447468370
9482514792
9495254286
9567554120
9446871649
9447396822
9495383607
9895029082
9446339931
9567677533
9961723230
8086054558
9495138143
9495945008
9447774802
8086345285
8129115149
9495560679
9847689044
9495669595
9994491177
9447573449
9387885805
9526981628
9846150887
9496702498
9847520550
9961147044
8129751714
9497822177
9846719011
9496826655
9400507172
8547887786
9847859239
9496306474
9495568490
9037573960
9745078584
9605739353
9847571386
9745964745
9488876975
9645531701
8943949301
8301029908
9495938647
9747982778
9947310990
9037200224
9495669595
9447712620
9745556230
9400777115, 9447720887
9495984377, 9447704377
9745186789
9447204206
9895876069
9446960477
9495529064
9447091900, 9447296250
8129157016
9995311631
9495962969
9495157427
9496177334
7403538595
8891656842
8547606911
9495221192
9497120230
8592919063
9745822260
9544128227
9846843141
9539586971
9495470035
9744958710
9567766073
9447402666
9633648392
9495669595
9446484159
9947872896
9945892659
9895353186
9497186937
9447605551
8086500495
9946428572
9846956142
9895288903
9961414392
8086190534
9539124635
9446932805
8714321678, 9447065626
9567769394
9944588767
9846045990
9567622426
9447918022
9037148330
9847515975
9495331686
9446926357
9446066637
9020165225
9048830014
9539410923
9846193298
9656788038
9495669595
9447574082
8891547754
8592951739
9446931654
9447808216 9446028631
9961986816
9496177227
8547990350
9447794462
9447127092
9961710282
9388953020
9747783000
9745027884
9946404784
9048889888
9496924938
9496924938
9969076432
9446122036
9567730787
9995632241
9847033700
9447551233
0484 3290108
9497884103
9495842743
9645911011
9447069467
8547639406
9495669595
9447734321
9526917062
9995545888
8281093018
9961468708
9947046132
9544878061
9809815958
9446836990
9447590954
9847758430
9037342779
9446508061
9495361928
9349289311
9446570017
8281648024
9847111932
971503430669
9895652610
9446928184
9895029107
9446494994
9446015537
9446145195
9446137233
9633330069
9567746603
9895441940
9847985590
9495669595
9496777465
9388903250
9567556238
7736204218
9605314424
9847236482
9447534282
9846079999
9495677083
9349480769
9567352575
9495676921
9496162098
9544058800
9645852557
9526613151
9895905091
9747191144
9447949469
9037229940
9495490490
9447708475
9947688084
9633203132
9446024613
9847770591
9847227296
9446686845,9745707424
9446426052
9495305150
9495669595
9847105605
9809678443
9847415551
9388637109
9446605588
9447772368
9946089844, 9745969928
9645955086
9747205197
9746818848
9961816611
8547896320
9400797449
8281746646
9745149900
9846015345
9447290011
9447913631
9446719537
9495748315
9496765914
9048505124
9497675613
9847271272, 9446000616
9446878895
9895371249
9567594911
9400527826
9447604566
7025828782
9495669595
9847038051
9447605551
8891256663
9447225737
9388012441
9446935424
9744634333
9447972859
9846058688
9388167242
9447061021
9496004603
9605087446
9846953727
9544344112
9446390609
9746011650
9496360480
9495047233
9447006263
9447486652
9447151467
9446218430
9745605691
9961700352
9895394469
9895099907
9447868675
9497026542
9446342639
9495669595
9961743600
9446232874
9995403138
9495707343
9400613441
9446607952
9446013080
9400781474
9656785573
9400747075
9946738160
9037221275
9947719711
8754582646, 9895658431
9446567416
9645006071
9895128003
9446979411
9506445505
9400577593
8547605647
7293981811
8547387838
8893543194
9961390972
9746103703
8547063428
9349119506
9447923047
8086395728
9495669595
9895716636
9846191200,7356258027
9447457669
9037857236
9656081970
9961669877
9446214865
9072086862
9747882917
9847072583
9495511349
9447212446
8606315225
9961690655
9496975460
9446256289
8547627877
9746523755
9400409304
9746496292
8547001009
9447481349
9961618946
9388615200
9745254484
9495211223
8281787814
8301035358
9447234457
9895513134
9495669595
9847114468
919645639829
9446562522
9497933169
9447929266
7034726948
9446433574
8606201505
9946450470
9744424133
9446832656
9744398164
9746710045
9349344880
8129916759
971504104508
9497104761
9846548557
8281554686
9495800567
9388842700
9447308494
9495891323
9446043813
97339659122
9895908954
9895357970
8943223900
9946402011
9895227197
9495669595
8547339798
9947660061
9446345803
9447166918
9446742509,9495841031
9037876765
9562501860
9846580293
8606671878
8086470159
9447416596
8281826691
9809080008
9746850766
9946609888
9446022387
9745583739
9400992366
9744976804
9496226636
9605403990
9020685388
8086400452
9946783451
9947616512
9496449239
8281670853
9447499688
9605875120
7356198984
9495669595
9400812081
9446867987
9061359136
8281525527
9567850334
9497420430
9037928932
9946578748
9447879968
8891651797
9446005657
8157029024
9995808201
9400980488
9496809664
9400875921
9847544665
9526738386
9400715057
9744342121
8138811792
8547727932
9961711547
9495735938
7022971492
9388828020
9497092295
9947261507
9645950514
9497728015
9495669595
9910383960
9497091741
8138855950
9846187614
947203531
9495849926
9656643423
9400545650
9400993932
9497496972
9037078405
9496162504
9544180453
9496627818
9645074505
9495523244
9846939621
9497139562
8089180551
97339690198
9497051997
9745833379
7736228591
8848795221
9446519722
9947399887
9947783292
9048116297
9567880676
9539206750
9495669595
9946537465
9656788752
9447827165
9946308014
9446522545
9446126784
9544692285
7736483750
9656115170
9605024034
9947419588
9746122928
9446390655
9495558377
9846322990
9349251106
9446024023
9747092770
9746451970
9656241469
9961523423
9847441981
9633640697
9446404627
9446139660
9946406656
9048529194
9435135247
9349855253
9656115756
9495669595
9048692919
9995747639
9847128861
8928049666
9495635106
8086256245
9446000614
9847569524
9072261133
9744808010
9387403439
9447414075
8547039643
9446544476
9539427947
9447187298
9745390972
9446741946
9496939829
9895646434
8089380121
9526593635
9645987982
8547611330
9871691414
8111924716
9895022139
9745604218
9847310629
919744159971
9495669595
9495705387
9746218191
9447949788
9633811492
9744111622
9539821127
8547722989
9946783207
9048005653
9447520398
9447105715
9895972718
9495128982
9388862009
8129044039
9847498933
9388602634
9037577637
9447783084
9895521443
9447578757
9447672052
9437103261
9747144165
9495126396
9446000614
971505475394
9447605213
9562899038
9447773555
9495669595
9495946504
9496088490
9674279994
9349243514
9496269600
9539409637
9446656147
9497660968
9495252801
9446029580
9447959619
9961245580
9496234751
9495286718
9744488822
9497562413
8592030470
9003080262
8157998642
9995616884
9496474912
9946565874
9656462751
9400408992
8089709070
9745300134
9895634251
9846767785
9446674463
9526736016
9495669595
9846040249
8281425939
9447114053
9388266685
9388843418
9847357899
9447077227
9447380009
9895233889
9946093227
9958406911
9447105360
9447815699
9961303541
9895912741
8714266516
8129006449
9446846222
9847567812
8943275691
9846023446
9745910127
9820981282
9400473039
7558031852
8089463814
9562211719
9847052441
9847269302
9447394474
9495669595
9446480551
9544667923
9946422466
9745651658
9539166341
9447339008
9846841883
9497253587
8281521135
96599577247
8547163162
9847305675
9747907502
9447769916
9605658153
9446584202
9947275135
9995659443
9961378999
9846023404
9446900631
9497796211
9895197123
9496094389
9495991550
8606822420
9846077122
9846119537
9446931841
9495137697
9495669595
9447060211
9847199444
9961217544
9747150425
9847839492
9847036530
9562846401
9447922715
9447308849
9446088118
9496120425
9447465433
9895141491
919567988941
9400418882
9349724535
9846363331
9947102288
9447816705
9995584514
9747413065
8129064881
9495783321
9847339654
7736309119
9447581460
9895142712
9446739824
9048915782
9744422587
9495669595
9446612459
9495279067
9447266728
9446059762
9447297030
9447914175
9539629682
9847757557
9446938142
9745807140
9497012837
9847201867
9567020108
9495248286
9446648111
9061184213
9645835629
9249242087
9496261605
8547574588
9497654564
9495151937
9400603760
8089729862
9447587492
9946468679
9349255632
9633499267
9947790056
9495212337
9495669595
9539240022
9747783912
7559004472
9447701639
9447379233
9567021120
8590037327
9446018891
9495411936
9400251673
9495876746
9048633527
9847178676
8281784492
9946402011
9446308249
9447988880
9895036458
8547538403
9446467315
9446055708
9744912889
9446317979
8157951011
9497683104
9946352267
9847050042
9447509196
9447404811
9495577272
9495669595
9947552097
8547745881
9446471912
9895836272
9744987917
7293745296
9447443294
9447729550
9400951208
9447434151
9995869736
9847154737
8589836273
9446859615
9400395387
8281812632
9497369067
9495884409
9995495096
9497443769
9447916146
9249962863
9539636579
9497052599
9847745102
9446345666
9496497069
9497106915
9605368593
9495050904
9495669595
9539749300
9891045196
9447578056
9497008487
9446233564
9745963912
9495025080
9895768517
9745062448
9847346383
9847520187
9745993673
9995855182
9447294564
9387787349
9605867821
9061004664
9447046944
9871691408
9387435155
9895430244
9847806756
9847578587
9769242564
9400234380
9446143031
9847048999
8086969445
9061610010
9048144930
9495669595
9744494104, 9496180526
8086337158
9895374261
8089217400
8891327038
9895885022
9947940901
9809304390
8086070219
9539963018
7736766368
9746299361
9447879666
9400806719
9567096091
9645799349
7560841840
9947270449
9495126726
9496215011
9895392111
9656598272
9947913959
9895146795
9400599047
9400948319
9562726438
9539703163
9633543163
9847422410
9495669595
9497682994
9995368925
9425559138
9446316393
7559008004
9446375896
8281721737
9400794400
9446305119
0484 2472359
9847402707
9544134069
9568919630
8086869368
9249352298
9895798092
9495220326
9400512877
8281347377
9446723966
9495382420
9446783300
9495676688
9544115518
9746835561
8086124395
9496945167
9037221112
9645487880
8547947518
9495669595
9497026752
9495669949
9447390680
8089011213
8893945403
9846063074
8289827208
9847134649
9633622790
8893392747
9497317892
8547247275
8089575906
9745715124
8137855036
9895776251
8129123112
9447722567
9747881446
9633890359
9447712180
8943120071
9746011180
7736301817
9961082126
8089104905
9605637741
8943953647
8281760027
9946574743
9495669595
9495781609
9495871467
9539672522
9746363566
9496179882
8281341358
9526594490
9061464143
9562958579
9048072022
9645362493
9995806834
9447509789
9746263846
8606336663
9020429495
8943192437
9496071353
9495739681
9447504101
9447130435
8547959002
9745905211
9746219728
9287521712
9746792322
9645734537
8547562982
9447252755
9685146225
9495669595
9495582883
9495558314
9447513410
9446040562
9497601369
9447437030
9447366760
9388621211
9495661983
9947872413
8086289487
9947719958
8891888907
9995325895
9895453680
9495819008
9656457779
9895128346
9497092526
9446078610
9496402264
9249723302
9995757688
8594091693
9388333061
9947572386
9495738093
918606362405
9446307773
9747865542
9495669595
9946519614
9895846604
8907059483
9400282355
9809856479
9446612608
9446747693
9995590709
9847920371
9447686298
9400307009
9497683304
9447834053
8943242500
9946151716
9447897971
9496125933
9809815199
8138821123
9496889755
9496568423
919447119835
7025473567
9446006152
9446958369
8086204541
8129099410
9496150201
9446231871
8547190329
9495669595
7356467117
7025881387
88913673672
9446583861
9061365152
9746146622
9947165475
9400412670
9497192701
9747780540
9744111577
9388414078
9447303181
9539585995
9946944338
9496340449
9400946795
9400990256
9447389757
9562828640
9388601260
9847789372
9020423070
8891769560
9020127228
9562175393
9947084509
9497653623
9539661352
9447830574
9495669595
8289843781
9446745231
9847353896
7736895257
9400661485
9496217800
8156930301
9495635579
9847022241
9746615040
8089363975
9539073662
9495561324
9400255763
9847185649
9645072330
9497627547
9495752322
9037031562
8113005458
9895723656
9895353101
9895652610
9400914465
9947473778
9048961074
8606612833
9496754770
9497314889
9400740255
9495669595
9747274678
9946881774
9946411525
9495592017
9446216873
9526537884
9446744438
7907929167
9961459456
8921901921
9567630815
9400243989
7356482527
9744425795
9947499269
7559894635
9495855180
8301853604
8129938891
9895917922
9497867329
9447056817
9497507685
7025162836
9567100696
9562308276
9947046651
9446628770
8281302815
8943728057
9495669595
9207571539
9645559059
8086029623
9447687463
9495032006
9495091237
9633251903
9745822446
9947856298
9447969895
9048421683
8547393021
9400877373
9656465978
9061041917
9745409530
8943014130
9605489015
9446458803
9497257200
9446741425
8137959284
8848815696
9048072578
9400453243
9497180512
9645282016
8547307813
8281285921
9447045064
9495669595
9745924919
9656335636
8943588064
9207944248
8714445180
9846752493
9744594272
9946832817
8606348380
9746972603
9947305858
8138082416
9400979402
9526220183
7025604960
9747377254
9207285657
7403100798
9447241790
9605206990
8281718812
9446015855
9496173462
9526622555
9400362598
9526753854
9961896133
9446357794
9846150270
9496699590
9495669595
9747865205
9496057117
9961254227
9447238978
9447850981
7592836470
8157986456
9995327011
9400813433
8330840705
7560841129
9605146744
9947359269
9562944020
9605444716
8943675694
8089493096
9061006685
9961203849
9645601173
9400500711
9895936419
9446963350
7356060032
9400379135
9495037760
9495165028
9497380659
8547145035
9495957589
9495669595
9400430696
9495738113
9048949106
9744225768
9447307434
8075992036
8281516401
8281252761
8289885584
9645772000
9961676800
7591900373
8592041746
8075506669
9497461138
9746729799
8606927420
9207171025
9961285500
8281636244
9495780650
8113962181
9207285691
8136844735
9446448397
9744570667
8289929589
9995140837
9645504653
9168567329
9495669595
9746609983
9497545737
8129118461
9744118284
9495959433
9447076230
8547441834
8281242010
7012866016
9633026022
8078855884
9539636514
9744692748
8547136651
7594892566
9846730423
9495146680
8086415990
9961198230
9496485043
8129784886
9037969499
8113063390
9497656739
9539265822
9567381690
8281337035
8089717132
9207183845
9497414091
9495669595
9496591656
7012921648
9400546786
9495536200
9495520263
9745564956
9496567839
9605484060
8281936935
8111877158
9480566470
8592898978
9072316298
9633617560
8281741324
9895936007
8086404626
9746390101
8281256783
9497627000
7034951109
9562845804
7902391267
9495473353
8281702775
8547500171
9400128661
9562758865
9946400377
9072426336
9495669595
9400821604
9744305568
9946020333
8129843750
8129718525
9526739991
9935173328
7559006229
9048407598
9495995661
8594030215
9048817633
9526156923
8281418542
7909294129
9061680724
919496969545
7561073942
9544614428
8606703237
8943177760
9544887000
9605066716
9846756627
9744276062
9048833331
9539393271
9849625421
9207586740
9712944087
9495669595
8281783351
7356494428
8907873031
9400123541
8086697491
7025147505
8547839769
9074406477
9400979198
8281991278
9400946321
9947709709
9447450864
8075807793
7025264583
7356372320
8589920284
8330853891
8893519340
9526523148
9946749773
8593037429
9946668944
9895092155
9961500096
9562986160
9526828808
8304988663
9746396612
9847267361
9495669595
8592028987
8078229266
8075043121
9497238401
9400760356
9633124464
9895744371
9447117009
8281724226
9961315658
9947974498
9142000800, 8848882819
8590691626
9961507511
8281433514
9562360777
7594992207
9497143104
8113852370
9496916223
8589012299
9847487229
7025571329
8893738120
9446521155
9072895787
8289969303
9745609695
9496116032
8301097891
9495669595
9496237359
9605991871
8606567201
9744223885
7561084342
7025472943
9495094919
9496512761
9744988828
9496068918
8129539598
8089167687
9744167018
8281943920
9495591905
8113803208
8921698048
9446280013
9188152085
8156953804
9188146085
9995317274
9847283879
9497568060
9496080479
8086176779
8281974861
9497285855
8136925881
9349354068
9495669595
8289995077
9747016579
8281241710
8606693174
9567401932
9400000135
9496785041
9207147098
8547430737
8129318020
9633647694
7012631175
9947009617
8281974805
8156909801
8281502580
8075984784
9544738419
9400337467
9567961840
8129044159
919567337012
9497551500
9496607687
9037204511
9207737616
9567875009
8606172479
9497675613
9544635417
9495669595
9400828228
8606278222
9446418135
8281864722
9497558100
8547618550
7356109909
9605027218
9207581587
8086022377
9746965648
7034360170
8304919524
9497336299
9744359495
9645577313
9446037294
9946347671
9495361191
9495948458
8547480791
8281556051
7994045898
8281380577
8289959486
9846224233
9656457530
7909178337
8281034631
9495026528
9495669595
9495428978
9847147279
9526313788
7025011208
7907217145
8086007661
8848085136
9496131696
8111801505
7994189775
9497356103
9400299931
9656352651
8289992420
918086423518
9048889433
9446645155
8547702433
8281863903
7736800692
9847353934
9495782893
9496607393
9756292391
9497055375
8281161781
9895684135
9447102360
7902821449
7559904084
9495669595
8606369825
9496416982
9745075235
9072934026
8138053707
9633070089
8129716391
9995508632
9544537049
9633552294
919745535942
9645945135
8281059650
9446633091
9847901739
8592942112
9496568390
9947824133
7025888037
9495781057
9633377412
7025235870
9400574893
9847048470
9447982622
9947906739
9567039552
9961178932
9526727839
9526171789
9495669595
9447077227
8156806636
7034269371
9497682764
9497580676
8129685015
9995872100
9895708879
8943211533
8281571899
8547455507
8289822756
8281849161
8111875233
8943920611
9847540443
8907908083
9539687686
8086270883
9744000827
9746664555
9400740168
9745832439
8281789264
8281558395
9895416779
9037677576
9746230661
8281596573
9446697287
9495669595
9495133110
8289837657
8592028312
8606877664
8129800772
9400363131
8089568815
9995999019
7025595745
8547885945
9446206869
8547879427
9656130768
8089136838
9633381052
9497678635
8281553007
9446805513
8606735787
8547307007
9567970606
8281544963
9656999019
9656211145
9995940918
8893975597
7736455396
8289856260
9747767841
8893223374
9495669595
8089629657
9495385386
9567143456
8547390120
7356590210
9447606741
8547641525
9539641842
7034678446
8136954006
8281208242
9995193688
9846382028
9747039311
8547672318
9961866290
8547919772
9645458998
9746230661
9567096447
9947463288
9947557477
9495429822
9961004436
9447440937
8138090071
9947855417
9495083760
8089250470
9447228281
9495669595
8078288143
9495896094
9447797935
8891241962
9495469717
9847849945
9495274909
7736369022
8129176446
9846146197
9605696750
7034488584
9745505298
9400100374
918281865264
9447791657
9895527490
8606708244
8137039062
9645013019
9446892855
9847323260
9946088069
8301964902
8301903066
9747441008
9946691840
9496346242
858996930
7558097310
9495669595
8943491563
8086428006
9497795032
9400701148
8547648276
9048335879
9995863202
9539364439
9746339137
9947493017
9605444214
8289974125
9605873313
8157066827
8281298659
9526400580
9496977964
9562697518
8281511995
8589969473
8547563766
9447727544
9526870566
9633638139
8606043175
8281520302
8281948649
9747867477
8547496124
9847135848
9495669595
8594095783
9645170766
9847314623
8289883600
9539992078
9495972145
8547510836
9495088718
8592054587
9645876631
8301872320
9495742577
9037589807
9995187639
9745355840
9567411587
9947653243
7736619086
9605022126
8547690396
8086871041
8138964206
9495468007
9388935001
8081290808
9447919689
9447440592
7907375547
9446205722
8281372600
9495669595
9495408050
9497820208
8547869088
8136832220
8281283250
9645145581
8289826265
8606258520
9447636277
8289824647
9846066721
8714377747
9497797665
9744076964
9207536409
9495882300
9539988037
8592953679
9495566120
7994191719
7034333411
8606763655
8547536619
9633386855
8136854937
8848736223
9061800012
9400081203
9645605755
9207142039
9495669595
7559884692
9495826726
9072915884
8848522511
9961454238
9446057759
8281582680
9400727148
9947469792
8547252508
7034205038
9446390287
9497273004
9847916881
9747420362
8301061311
9447854004
8547819660
9995740225
9447658686
9656869530
9633889846
8086585745
9495568364
9995882918
8281939989
9744088899
9846736278
8547978917
7907232706
9495669595
9497288464
9567381885
9526856670
9496883430
8547729733
8606730772
9847020712
7909247218
8289990407
9496218424
8281233203
8086103108
9747485134
8289990440
8086009098
9061037007
9496026174
8075692191
8606140557
8547877434
9656110018
7736279320
9388959511
9961045460
9645515636
8891389850
8289990770
9645082415
8547551886
8281189690
9495669595
8606440104
9745245208
9539543242
8281067519
8921833656
91506360280
9400070640
9496605839
9400788100
9349324539
8593891178
9061486233
9539609686
9947615405
9495746586
7736580137
9895271330
9846429508
9961735642
8289828261
9539030089
8129941391
7034946377
9539632562
9496190921
9744977553
8281381993
9645508002
8289955079
9745225549
9495669595
9400173503
8281785715
9446132283
9495487445
9744987944
7025462025
9995717479
919645759993
9539001310
8891311517
7025944664
9745401517
9809538158
8113977360
9048560396
9446019940
9497394383
9496604977
9495487445
9539557733
9526773991
9495503078
9995893736
9633368216
7356250322
9446961017
7560949737
9847223667
9656871202
8589873091
9495669595
9496897257
9497166289
9605676461
9605090671
9446277247
8281268015
9400363529
9947710735
9847929563
9446480633
7736656056
9946810130
9847930512
7559934060
8589863909
9072446664
9746878778
9567708240
918078306909
8281265267
9061248601
9562255100
7559828068
7025314136
9846088627
9400262654
9747401838
8330067037
7902767732
9847964570
9495669595
7510136920
8606677349
9446060157
8078147323
7012702355
9349780552
8111873392
9995599031
7403232324
9961991512
9526959908
8281156646
9447648438
8129314078
8075846054
9562739999
7025070701
8848543515
9895332317
8289871403
8089362380
8078446115
9447614908
9544700425
9846701012
8943153600
9946815267
9539487719
9072891447
7510532074
9495669595
9400796232
8978861847
8547622839
9562508103
8547627531
8547865011
9388893654
8281191898
8089840970
9447813820
9846462354
9516222666
9495021929
8606082823
9544270077
9446333243
9847166511
9847833728
9446978510
9048632474
7025464975
9846621022
9562965287
9961565381
9633203700
9633806610
9400348783
9544246644
8086140158
7736819151
9495669595
8139039768
9048495540
7907471054
9895243223
8075958569
9142176730
8547506644
9446239261
7034965063
9447045604
9656700057
9961011638
7034490468
8281780629
9562172314
8593850402
9447403990
9446101658
7025838001
9947452575
7356237915
9995987427
9447510561
9526254635
9446869784
9447208165
9995350464
9605576465
8848776372
7012384151
9495669595
9497657092
9496447964
9446094678
9995126989
8848671990
9447466194
9446672391
9846574193
9447083634
9446621423
9946777739
9605749172
8281407163
9847170148
9495576305
9447616315
9847323959
9446619663
9847655186
9895254626
9388426223
9526512899
8547503963
8606068768
9746555424
9744550245
9446765156
9400395834
9539122845
8281319997
9495669595
9400666731
9745801696
9446057289
9048071790
9656010294
9895053478
9767544777
9495692442
9946007302
7012381220
9847247589
9388676123
8138095078
7558955017
8289922494
7902254660
9447534283
8139058686
9446909413
9846436211
9745931140
919447574052
8078030393
9895348189
9746388388
9744457816
9526701774
919526815220
9846733092
9447251642
9495669595
9061054111
7356109264
7034396758
9495816515
7356189250
8078449250
918289978188
7025794288
9496204199
9947334769
9633338777
919946034528
9447552591
9048748648
9895618461
9947247248
9072263911
8921957198
9745656806
9846841901
8301062645
9946333248
8281502849
9846923343
9447432636
9387166677
8301849558
9562912522
9544613692
9744981158
9495669595
8943588622
8606920451
9895933335
9656900325
9447294597
9745839510
8547519067
9446946270
9645418886
8943320618
9895544763
8281712312
8078358002
9947229166
9995432
8606108335
7559852984
9562519263
9746380393
9497220267
9605053288
8606700372
9605783074
9495643494
7025766513
9544678174
9447973306
8921818017
9447483409
9446559718
9495669595
8078383750
8943232927
9207829490
9895741833
9747143257
9495045582
94460021329
9495045955
9447694522
8129991884
9446085771
8547316065
8138997095
9846623068
9400852669
8714414922
7736614073
9495721774
8113947405
9037223429
9847524336
9562677341
9567887012
9349201436
9446869532
9486711913
8606278035
9447275349
7902906563
8692946281
9495669595
+91 9072415658
9495763498
7736717193
9747150189
8606742880
9847432343
9747264307
9388842638
9562302340
9656931848
7559026288
8943182541
9400482142
8078314606
8943662462
8129114910
9446055306
8111059291
8589939824
7559892554
7025871171
8943118935
9349820953
9847606453
9446856886
9946452353
9447088814
8943766059
9447733347
9947184568
9495669595
8593052932
9447684995
9656975523
9446097082
9496280487
9495445654
8078471798
9895016012
7902600857
9633733173
9497026153
9447055722
9961204865
8086842315
7902844369
9526284396
9847533190
9037461751
9497933124
7561053827
8086983867
9744328144
9747086154
9446709538
9446219457
9048859885
8943442616
9495552674
9037390901
9061873289
9495669595
917025331833
9895150336
9400996955
7907811863
9048774755
8281823384
8547412375
9946559797
8547236279
9946115611
9048167656
7025362851
9995680600
9995800540
9656704636
9526075022
8592079940
9745459994
8589853162
7025058962
9633058400
9447671595
9072257990
7558818565
8547463322
8891167686
9562436438
7356101784
8281371490
9744346279
9495669595
9495315752
8547177039
9207940465
9747791274
9562267067
9539341823
9446573378
9447610399
9447251685
7902337289
9846099502
9495043897
9495811761
7558097336
9495466333
7736791780
7025497209
8921686208
9497497319
9745906138
9847624035
9388940001
9349815100
9847591186
9746350013
8281649664
7356643280
7306660410
7356830775
9048994992
9495669595
7560979947
9562437209
9526166664
9946865441
9847064630
9745160959
9847346383
9745369196
9061233751
9447370014
8113906477
9961989090
8547588047
9495549279
9539178321
9744166373
9847310869
9495497423
9947576890
9495677344
9495539654
8921993090
8137028762
9400852276
9037579377
9745198707
9497266557
9407796677
9048344977
7736796475
9495669595
9895968120
8157840700
9656637625
9633311585
9986669892
9645896425
9633603605
9042647728
9447602773
9947531584
9446982273
8281315311
8289955131
7907230066
9846600685
9605916032
9544881884
9544863619
9847456902
9895478646
9496443430
9447135773
9497244797
9497545562
8606194386
7560996608
9895627603
9495249030
8129418068
9745743301
9495669595
8113978376
9995767442
9446005572
8113054954
8281805918
7034745482
9446480334
7559919228
9961514760
7736559214
8078177433
8547827670
8547762655
7025950448
9495073631
9495132141
8075697361
7025046883
9400924446
9037286084
9495551235
9747781110
9656623608
7012978907
9048233710
8157851378
7356964864
9061726162
9446550372
8281594265
9495669595
9037105787
9633440295
811184055
9633246847
9495418652
9995425350
9746291601
9172833378
7356877938
8921688577
9946861526
7559907352
8129041999
9496778127
9562577628
9895370012
9496977359
9497796276
9400151233
8138050192
9567327509
9745185661
8301058460
812998640
9895419467
7356849539
9495732207
9847907532
7510604040
9656303656
9495669595
8943025958
7559873998
9747691541
8086682982
8606358338
8129729076
9497305142
8137921861
8848802454
9886621133
9496417296
0487 2381709
9495209296
9961927399
0484 2473522
8301832994
8921061312
8129949580
9539655119
9656287575
9072700729
9526915167
9562673777
9207283396
7025663713
8156966440
8089611120
7736668867
9995868102
9207327319
9495669595
7560962362
9847446616
9495576345
9400323809
7560899867
7034581718
7025004658
9745428551
9567090603
9497317604
9605934575
7034131253
8943858184
8129022632
9562414062
9895291569
8129049966
9747054187
8113845078
9349253124
9497715278
7559041949
8086059605
9074993665
9562440646
9400810910
9745468001
8547171506
9895341019
8086208434
9495669595
9497190635
7558818571
7902900829
7025549324
9846361359
8156889154
8086127955
9447513544
9496490767
999592013
9544215587
9961620709
9446491167
9447343275
9656140955
9605334449
7559890787
9400787944
9744472563
9400210690
9744959580
9447166557
9007306982
8113825563
9544868010
8907560068
9544293788
9895053661
918848860696
9745508205
9495669595
9846393434
9847281229
9495056267
9947220834
8281961738
9447421610
8547272474
9446127432
7012717987
9400863517
917560822116
8921797986
8137012878
8301878127
7560832362
9946224523
8078343852
9495272883
8943083288
8111832658
9895594154
9447763696
9895105861
8921411601
9946021423
9495610360
9400921658
8078097023
7560925120
9847851194
9495669595
7012247652
7902332345
8589034938
946023969
9447503906
9847635402
9447435770
8330024027
9526513575
9562298360
9961440118
9400174458
8547172845
9605569477
8281960070
8848652088
9961973830
8089364021
9447380554
9947989905
8606774944
9656514566
9539322954
9745296190
8129553317
8589953244
7025560636
7025950855
9605001116
9400724262
9495669595
9447979331
8606843771
7293042643
9605501713
9207086245
8921673745
9847558939
9846276299
8078294972
7994342856
9656467326
9446938703
9846355406
8547775241
9496285547
9447315598
7025518322
9496030119
9446625565
9946094609
8113048823
8547782882
9497444753
9495364280
7736647725
9447973273
7994233232
8606330595
8921677798
7561801847
9495669595
9961581777
7592936597
9995902362
9400216380
7559937450
9142126053
7025946306
9961530158
9605591731
9495541050
8078556896
7902788064
9446392459,9847956617
9745733261
8078281744
9400919075
9447451889
9847237487
7025788507
9747122825
9446962375
9745491112
9746059322
9746011295
9745686931
8113033636
8547042315
9747319273
9400854130
9745024991
9495669595
9567105525
8304904217
9446964729
8281839991
799438573
7356819333
946239001
9496492882
9497054678
8281574553
8281103040
9447652550
9961799787
9656210253
9605799816
9645955235
9400545007
8281395061
9746238501
9495294533
8281323658
8547957781
8075771459
8547996931
8078442072
9747875413
8129473106
9446244545
9446217686
9526453234
9495669595
9447795657
9847737367
8943939104
9447325516
8078133907
8281475183
9947134325
9847246621
9605314285
9400014178
9037383238
9188043341
7559051413
9847094252
9846836703
9496272794
7025017054
9048065659
9496038703
9447812549
7356823693
9539763653
8281630361
9544433973
9447218588
9497080301
8157858397
9446776776
9447139195
9539992132
9495669595
8281531532
8289919369
7510557267
9497818368
9446677263
9495016764
9447872516
9207363291
9447574821
9447504432
9846297811
9567973364
8138918393
9061237507
9605616210
9562565425
8304926120
9447897816
9249492010
9447186111
8547741068
9400550611
7356314711
9188005504
8281812479
8089686700
9446890404
7510270606
9847028051
8606331690
9495669595
9188239388
9744285542
9847756883
6282520587
7591966983
9447467446
9447250764
9446548361
9656710321
9846597169
9645254066
9188230833
8848191739
9544100808
9656636152
7510173803
702525874
9645710055
9847214731
9895077788
9744051911
9526322906
9074734473
9747581844
9072791558
7025920420
9188218092
7902686847
919656850331
9846402968
9495669595
7593071948
9400264029
6282309760
9495890965
9447871570
7558890411
9995989480
9188227685
9061061823
9061222905
9656875414
7025665182
9188870927
8547554107
9744878332
9188204889
9447856767
9446035017
9496820577
9562307768
9496982724
9496113908
9961015005
9188265486
9717328388
8606632290
9447271953
8086160314
7592030370
9995358569
9495669595
9496717798
9447232814
7560995384
8281352051
9847321277
9605618253
9495747847
9847523221
9495482903
9846030020
9526730087
7400422456
9846191638
9188001903
7510531696
9847600446
9526761950
9037779580
9249724880
9496372134
7558830636
9890072023
9447365915
8593882669
9447115476
7909171181
9446451520
8943906033
9947660811
9061653047
9495669595
9746615040
9061565075
9539033733
9539106594
8547384354
9744933199
9446062834
8330017969
9449161469
9947729357
9847835972
9446685615
8129823780
7559973121
9447576930
8606330293
7356091735
8606042749
9446937094
6282411923
9562399871
9961667170
9495677083
8301029598
8078975677
9447978206
9895254626
9447540395
9995096666
9495733254
9495669595
9495187600
9946726297
9539812275
9497839678
9447020611
7034004488
9447174472
9495635383
9947489878
8848622624
9847920941
9947350948
7907484532
8547507577
8606225959
9809446309
7592015575
9744330825
9447105715
8129426886
8547169056
9895166634
9446619942
9387612868
919947615446
8197995136
9446389294
9495772770
9846044716
8606915172
9495669595
9895515525
9895392282
9496293102
8921079042
9645258121
8111873830
9747022231
9946815410
8547117203
9846926717
9188490480
9961343817
9544934495
9447168613
9446240894
9188048431
9744831756
9447045805
9188732465
7356342699
96899716460
9074998360
9544922366
9954019620
9453701667
9447909261
9388619244
9445375634
7558894205
9847929349
9495669595
9811668957
9745344089
9847902464
9961738844
7560877376
9495551672
7560841308
9496807826
9846089105
8111938811
9495105218
9895968697
946544070
9946728368
8281602897
9747567880
9496567289
9846770414
8086411044
9562786996
6235279933
9188327677
9947069550
9605591233
9388639120
9544300778
9747865045
9495871091
9446747523
8943668033
9495669595
9496416802
9497895794
9744398332
9895771185
919744139730
8078257183
9495719470
9995627777
9447777345
8800846248
9388704634
7025037201
9605137563
9495603290
9961082535
9744735679
7592974757
9447913356
9447576089
9847522688
7306802161
9447549322
9495170279
9947193761
9605166976
9747843536
9496375408
7902491956
7510264150
7558094770
9495669595
9188699088
9400454253
8111802389
9995715109
9495992386
9400689263
9188701189
6282734506
9746745647
9400599282
9562695055
9946749472
9645702345
9895147702
9349184107
9746183682
8547649567
9497375943
8078486071
918330053103
7025331684
9447059297
9207535731
9447250589
8078457900
8606520482
8289969170
8078261350
9207940210
9895452035
9495669595
9446762567
8129572060
9447558634
9895328121
8129108582
9495747847
9847596196
9847301688
7025702482
9447203050
7510989518
7356131568
9747650995
9995482620
8129353923
8891374326
9745116080
9447542479
9846155542
8547515261
9497933565
9486635447
9846438856
8921194443
8943215966
9495441422
7994028169
9188623025
7025650943
9495166128
9495669595
9447254155
9446742187
9605053409
+91 8943951991
7356563295
8113090477
6238125390
9846379026
9746013632
9895407781
9207594579
9497211340
9946294052
9995908446
9400224599
8086742450
9048987115
9497679537
9495477552
7025238383
8304862004
9446440665
94947627339
9447886212
8592935383
9995844225
9446316755
9539446477
8086483425
9497318291
9495669595
8714333105
9689869448
7559879336
9946696872
8089144118
9846947226
9744505821
9747366315
9895780903
9744239274
7034295888
9656174393
9605936922
8129031172
9809907723
9048021046
8111833175
7994088140
7025755092
9061551280
9446052208
9446317134
9633544025
9061076421
9526295225
9447458074
9895430795
9567014447
9947412533
9847816882
9495669595
8589066169
9061268930
9946652425
9061430722
9895601663
9746412570
9605817434
9961607394
9446694588
8129329029
8547508225
8547830234
9847738934
8281811465
9745386493
7025430211
9020085543
7902351817
8281319995
7034219977
9645213794
9946167526
7560908077
9809959696
9496856100
9400764878
7356839572
9072929297
9747414482
9037281757
9495669595
9746237722
7592968680
9447869902
9567932489
7907213654
7034921870
9745849151
8921933620
9846056562
9020039520
9249582680
9747078072
9061314279
8078260136
7034738390
7356232463
9061230268
8136818398
9544027854
9947158542
9188680486
8289857688
7356876515
9567447680
9846030448
6282350840
9895447801
9495677135
9846247505
8281597295
9495669595
9497460058
9526768334
8281151612
7293562367
9544281892
8078271305
9447759912
7025736400
9747613535
9562905550
9446550748
9526761642
9388538340
9656280339
8943855223
8078032025
9539938173
7559901174
8848614230
9633114710
7010058993
7510133909
9074005354
9526111983
9446647328
8078289907
9995731214
7012921661
7558853768
8129426099
9495669595
8547089761
9495259061
8304043598
8086715247
9447430825
8547800972
9188229985
9746592645
8943370095
9048152877
9040903156
8943328216
9745593389
7591915619
9895192554
8156874954
9645014378
9447499307
8592052486
9446578438
6238794454
8113966113
8660139659
9447555111
9747284672
9526552585
9188220470
8921851106
9207226154
7558860132
9495669595
8078551369
7403237806
9947702834
8289979411
8078397730
8547564802
9048395587
8111873035
8113093494
7594084315
9847304894
7736435869
8281637046
9497411378
8547938611
7034851779
7559025538
9645270309
9061576772
8111957463
9567504195
9633317807
8375098255
9656687795
9745625300
9495815156
9746629184
9446019725
9947435319
9048382322
9495669595
9605748764
9645778409
9746403274
8301957077
9447944262
9995388608
9188578854
9207421338
8606320167
9746409092
9497627403
9744948734
7034120719
93449435459
8078545919
8281760434
8606670896
9495572185
8089703996
8086319326
9496729022
9249665533
9847689979
919188204874
8304007206
971505758332
8594086475
8921101974
9747685617
7594992689
9495669595
8547836292
8086887395
8547391594
9915031130
8593870593
9446489169
9447330688
9746920580
9496204580
9869907725
9747067230
7560849334
9496752744
9567888561
9846316061
8921054861
8078962536
9497089085
9947719711
9961201303
9288952616
9844379417
9946537263
8281555577
9495842741
8086407068
7034818944
7025076013
8606776899
7025628413
9495669595
9947911764
9188244103
9496177831
9447960380
9446074194
9207000443
8156868098
9562839179
9633163169
9496206517
9847974167
8111874807
8547425592
8589037854
9847646004
919526397795
7736695779
9188556417
9496375894
7994859696
8606042724
9847048981
8943968460
7994664350
8086298992
9745714903
8137915798
9037061507
9048056413
9446355676
9495669595
9846102755
9446575828
8547021829
8078552110
9539646466
9061423769
9961183519
9496366086
9387822363
9526428280
7025962241
9747015936
9746741465
7025807036
9447380236
9400565089
8281120296
7902982337
8593909754
8086408601
9446677733
9633262899
7025146929
8078789336
9447192754
9746183033
9497430268
8589070601
9495842745
9497801874
9495669595
9446967212
9961531172
9497701885
9447254201
7034384606
8086753347
9400794696
9847311884
9188620436
8139893667
7025785419
9495560307
8891124380
9847014577
7034040680
6235122122
9061637517
9074020973
9895657742
7025028736
8593030509
9946388543
9656331918
9447182200
9388215545
8289826349
9567946919
9188823691
7560812915
9497374834
9495669595
9846730639
8281492451
9947666277
7025010435
9539404721
9497824120
7558851177
9497413046
8289957600
8301070744
9895641084
9446239225
7025017193
9497019054
918301938735
8129547628
9446652554
9656355552
8330028284
9846729523
8281223649
9074920625
9895754678
9497286381
7994400147
8606353573
9207388984
9188033069
8075523281
8606930440
9495669595
9847647851
9633969403
9946850808
7907696897
8304987091
9746799138
8891630490
8078737850,8606360618
9544309245
9567351245
8943938808
9746157445
9995066744
8589949897
7994090796
7994342917
8129839734
9544716519
9495889885
8943525322
8848925300
9072068297
8129404281
8078568481
8129012077
9061351844
9497764680
9947487241
8606281851
8943683387
9495669595
8157082780
7907590426
7025486135
7902328530
9947322273
8547378071
8589906242
9074706319
8330029060
9447357086
9495580939
9447677252
9400235383
8330040751
9605045906
8078190892
9495140648
9744399719
9846601960
9073205966
9633190595
9961706405
9745938268
6238173361
9207465816
7558977006
8138849636
9496389401
9446502116
916238703687
9495669595
8086307725
8547768091
7306249055
9188558018
6238820441
9495383598
9496577827
9946775533
7994528894
9388163355
9947182372
9895612709
7558081549
8943007179
7306528649
9961930541
9544247963
7025015753
8330074192
7559044282
8304987161
9400328099
9447988145
9895513172
8304039951
8157084493
9496379063
6282302772
8606020566
9495224246
9495669595
7994473969
9400566290
9495596920
8547622195
8113013351
8921057297
9383446533
9947451753
9188030366
9400253962
7907051607
8129394793
9495344168
9846290986
8078512191
9400335730
9746335461
9207563056
7034087625
8111864632
8943148396
8590151884
7736245159
9539918347
7306320266
9995546534
9072341689
8606308988
9961751070
7012841131
9495669595
8921871449
6235720050
8921618500
9645123181
9744810760
6235451763
6282102353
9605065351
8606601366
9539562432
8848608544
9496961442
9995639948
8089994147
8078148750
9495744173
8943177112
7356853296
8330053530
8075826248
9400997974
919868091037
9447384461
9400187251
9496130967
9946566540
7356070860
9539262642
917034237407
9947975499
9495669595
9567406852
9188079904
7510820320
9061410667
9846756232
9447504414
8281488694
8078880454
8330835897
7561095288
9745996008
9895486581
9495458959
9847452948
8301966702
9539698644
8547451536
8330809114
9447051065
8590920860
9496966697
8547848859
8129831677
8078805058
+91 7994414248
9495408210
7902777024
8330035897
7012097250
7034777123
9495669595
9048214753
918330067210
9746123870
9497126982
9746223490
9400538195
9497230741
9400105589
9847713869
8301854934
8113066488
9188269067
7561044590
9633394510
9961691130
9061911103
7994615472
9633787266
9400242627
8547591966
7025470299
9207669971
8592027735
7994812279
9895527375
7012555811
7012074970
8089011798
8547209743
8078767101
9495669595
6282504171
9656336084
9947023712
7907948577
7511129780
9447373536
9656089107
9744910051
7306108035
8157958116
9188249010
9567418572
8301005784
6282852726
8891680069
7593038019
7592987362
9562060986
8547560582
8301964977
9447969895
7736358824
9567628903
919605577880
9605512905
7559880735
7907604138
9497286535
9847985667
8075978191
9495669595
8330892617
8921747712
8304917179
8606459171
8086479197
9207933450
7306870941
8156845424
9207064908
9740231800
7559961830
9847422414
7356217707
8754362013
8129248448
7561891676
9188680152
9846506146
7994640285
9074063275
9567304880
7356184640
9400738632
8943939733
9562773401
9495180745
9745877949
8086858466
7902494091
8330055696
9495669595
9048139963
7994258948
7356907156
9447673258
9061313769
9497364677
7510451429
8139879833
9468938322
9961300695
9633997726
9188702371
9188307268
9656809917
9037896398
8304802501
9148226223
7559952760
8078172808
9539754643
8078792371
8075857419
9847643426
9605953969
9645443306
7012914605
9048691819
9400940329
8078250864
6235933048
9495669595
8078195184
9447156125
8289891859
8156968637
9400663170
9747849343
9995656305
9656129058
8113098673
9544134202
7025183266
8289820654
7561043876
9497120510
9746444223
9947611902
8590136182
9745477778
8547541811
9495351491
7558893900
7902468203
9446306860
8111803522, 
8281274614
8078097887
9400138901
9447632600
9746773151
7034646519
9495669595
9656267969
8137088624
9497039605
8589899089
7012182314
8590195713
8547548385
8138952941
7907577757
8281360350
8129505901
8086279400
9995058738
7592873701
8137099818
8113083011
8138891451
8304085594
7306466795
8078746028
9497296508
7034608572
9562325379
9847712090
7902977640
9745158362
8304942633
8129468196
0974 619 5172
9495217974
9495669595
8075276548
8606019383
7510232568
8086799610
9633222365
9526605111
8593823218
7034962164
7034349523
8220491828
9633696912
9207283866
7736765867
8129715162
9496051942
9947670456
9188702845
9446831100
8129970787
8269502080
7306349075
8590095505
9400017040
7994322909
7994307430
9846731533
9930129844
8589000364
9446838421
9496620867
9495669595
9746438196
8848392749
9061673452
9821736746
7736286322
6282213471
8589082142
7907190195
8301986372
8848039456
9188656807
8606150438
9605812711
9947576330
9497041664
9072846251
9745529706
7356028316
8304906186
8281616195
8089059590
8547266382
9496319630
8281288307
8281816713
7010892482
9947316980
9037203529
9562645400
919946043066
9495669595
9645934008
9526176288
919539782982
6235558401
7025912041
7902936186
9567278858
9946587639
9074743187
8301826648
7012530325
7510768077
8848929768
9744546779
9654143550
9539641626
9747475922
9496494006
9847593670
9497896451
8281400293
9645633751
8301969850
8137019844
7356030110
7559007498
9074999659
8606749527
9400264050
9747014709
9495669595
8891662155
9746201041
9739047736,9886040171
7025208986
9400231411
8301037525
8547633491
9633419762
8547188346
7559843578
9207580394
9656321854
8089247401
7560996563
8547359305
9400825597
7012011255
9400261779
7306279788
9645333842
8943839604
8592880926
9840471134
8086614371
9746041110
9400776717
7034889157
9846148369
8606848414
813786657
9495669595
8281515170
8129476216
7012336673
8547838432
9744983986
9847249028
9946069559
8075392154
9526991676
9846838303
9567749567
9495743604
9744281284
8281728722
9605812811
9496692269
9645273180
9605416244
8304802614
7012780456
8606482116
8075157572
9207169661
9747680857
8606724490
6238631970
7558094373
9895481409
8589870727
9746108487
9495669595
8606913011
7558084799
7356553166
9447619426
9656775969
8304992969
9605651246
9656730226
9495700333
9846194285
9947511453
8921822323
9446622661
9495304047
9846203683
8113966236
9567689555
7902303494
9048108552
9061413246
9847100711
9207251441
7902281541
9446582460
9495308062
8289857442
9567733423
9447573875
9920684566
9605741566
9495669595
8078795037
9495610510
9447144159
9188550955
9645552990
8330015288
7994120058
8921905026
9400541399
9847725111
7510770217
9061528746
7736810234
8138884252
9446442632
9526814275
7907932652
8111969126
9526682813
9207603364
8281031722
8089243940
8547901126
8129658047
8281994560
9061974435
9072900326
8086919852
7510377357
8301924627
9495669595
9895619487
9778117069
7034116694
9539342971
9746333930
7356742144
7025730015
8281880453
9946149686
9895382620
8157856156
9526414922
9895031479
7909240224
9496610745
7994422985
919061506400
8547105013
9207037499
8113803307
920740820
9061448368
9746031086
8594070367
9744250819
9747051952
7592972062
8086404199
7034754795
8304991033
9495669595
9961861245
916238221182
9747800584
8086991706
919544756834
9745962476
9747607866
9207183718
9846879597
9496206517
7034449411
9048675110
9388941050
9633015723
8078583617
8136924388
9207611665
9539564936
9072089283
9747144794
9746696379
9061521044
9061194142
9746236484
8078717005
8943919194
8089902272
9400146747
9947265935
7560810264
9495669595
8078720190
9495566387
8137949145
917034521214
9745235485
917560860295
7034071429
7561831653
9446192872
7994743761
9746156377
9645612064
9048769975
8368075235
8281340354
8593927510
9061895227
8078126797
8075609450
8078011871
8828388445
8156969353
7306567836
9846509895
9747844906
9383499840
8113955202
9539130930
6238576050
7994042277
9495669595
8281832485
8547259110
9188356997
9746740978
919747744268
9744846568
7356119701
9539129769
8078461472
9400158110
9074266566
8078729419
7560997657
8075695867
8156891609
9207319199
9061372388
8304926815
8078703195
7306079656
917561042321
9686794728
8714371716
9446545149
6282619949
9947721872
918075028290
9061996035
8281834406
9961048967
9495669595
8589940946
9446530398
8129291778
9447211781
8301927993
9605963918
8891171757
9061625447
8157918911
9446434427
8301951154
9895636790
9562886341
8078373302
9744850339
8921056807
9048953268
8078305561
7902376536
8111946495
8330874275
9605231197
919746912701
8304910481
9061014885
7592032596
917306059378
9447851414
9207871465
9633535020
9495669595
8547139100
7907339818
9074196161
7559881526
9446025037
6238317125
918593914119
7034119064
7902840160
8137051081
9744673160
9847759421
9744741119
918086871434
8943419874
7356625214
9447725756
8606633776
9544419050
9847872850
9496603228
9400588496
8590813487
8289940051
9188316187
8289936351
9497802026
7593951568
9400525938
9074144847
9495669595
7356217555
8281952250
9645566044
9633238818
8281881840
8129434191
9961123121
8921266311
8848109704
9496664711
8157900986
9747623913
8592922719
9947052543
9497526701
8136961429
9947983982
9061568644
9400766231
9946873370
8289940441
854710624
8136841891
8943288861
9446883326
9447848890
8075347581
9544195111
8304829936
8848005451
9495669595
7025921396
6282101866
7994228199
9567182653
9656249256
9846418256
9633047925
9526677804
8138821301
9048383846
8078282983
9746098451
9645309077
8075409414
7994912822, 9446139657
8547468583
9633206964
7994883806
7558961142
9895326055
9495962128
8762416284
9746603540
7306479678
9744666804
7902597049
9645511831
8547627877
9747092881
9562675951
9495669595
8281844097
7909212291
7034366055
9995060083
7907797839
7025872100
9496376845
8078304149
9747328485
7736405028
9895460109
8848276418
9061157514
8606939264
7012436115
7902428897
7594875793
8113095872
9061345519
8078279679
7034145037
8590730749
9048922210
7025673061
8921544958
9526626565
8943483337
9656620499
9747849358
8547862661
9495669595
8304920094
9539230313
8848627797
9895113769
7994183443
7907563138
8593922761
8921146960
9562282285
9961886202
9744629531
9562015196
9946995607
9539880411
8281368423, 7994919985
7025639291
9496727889
9061786863
9995813847
8921054380
8281216597
9446906880
9961306304
9562050058
7902210279
7025462559
9995401869
7012061348
9497117893
9562440412
9495669595
9048606563
8590427972
8590138919
9846012007
9207326467
8921159540
9986394272
9495870359
9526107903
6238859530
9745968329
7902372184
7561833853
9995531323
9536347927
9446623804
7034865606
9995005963
9895658681
9747245010
7306071136
9605293373
9400964548
8848326390
9645366648
8606625753
7559934004
7306816873
9747294773
8129541973
9495669595
7592927072
7736084941
9895594077
7034928893
7022110579
9744909026
9961591209
7902939979
8848307705
9072431712
7594882837
9074265699
7907770957
8304893349
9747100657
9526883736
7994545077
8078396764
9946500990
9995848062
9645094244
9526452120
7025776113
8330090884
8943146726
9656098093
8547511415
7592932760
8848945967
9495332473
9495669595
8606579709
9446115014
7736510228
9495854025
9567712735
7356237961
8848061649
9847587202
9061712255
9072786834
9995254039
7909213586
9656105305
8281494147
9995764029
9400013194
9048189217
8593008807
9746990866
9747087491
9495034162
9846111366
7559855451
9895458833
8078876117
7356174409
8848661887
9496867367
9539911679
9539250949
9495669595
9539755719
8848159620
8156991205
9961515034
9946425299
9400416259
9495103096
9995466197
8848231116
9539298140
9645431315
8848953596
9846691688
8078724483
9895470872
8086478512
8592073883
9562109877
9400290208
9207171558
9446654274
8075210344
91 97783 49331
917356184124
9745507995
9745055372
8606852636
9447383616
9072785246
9995608725
9495669595
9447163270
9447829991
7594802484
7510277495
8078456981
9072413874
9074683132
7025566090
8129585723
8078286737
6282360321
9846906567
8129509435
7025858385
7356885070
8592872841
9539946084
8078906521
9447527929
9605044363
9496862384
7025234310
7012888132
9497032121
9074040250
9387223949
9746389454
8330835366
9447424284
7034885279
9495669595
8281245177
8714425344
9497520323
8281237709
8086748803
8220736559
7593946375
8921089094
8606974002
9544780680
9188481078
6238545143
9539319719
9207135934
7012070418
9946150886
9846565316
9746404816
9746270014
9447652550
7558894972
9400805053
7560898657
8289996800
9656493618
9446855153
8111988969
9061148899
9388481531
8281665468
9495669595
8606710544
400730576
9446555400
9539331663
7994681177
7025965158
8075537208
8304990136
7034963936
8156896508
9074637939
7994533189
7306337734
9562055211
8281460614
9745829477
7025365451
7902399862
8590825597
9497225510
9497881358
9656641172
9447276991
9048474428
9895056906
919495944977
9961468994
9745513303
8921475114
9188006889
9495669595
9995071524
6282581551
9048661234
8075001912
9995577347
9744665188
9020144072
9496747790
8848750070
8848810200
8129086591
9188096386
9633684782
8301053041
6238036876
9995822348
8138844857
919427307220
8848881716
917510570917
9061884363
9496738486
8075347655
9048585548
9496088490
7025737910
6238249388
8848098759
6282552956
9447665582
9495669595
9633389806
8086603678
7012493391
7025240229
8089565453
9400908384
9497379351
7511115347
9895109213
7560841292
9747455258
9961506933
8281302550
68282579940
917902277216
8547806124
8137054836
919744084894
9495725657
9048672667
9400298472
8075553620
9496228090
6282798533
956 283 3697
7025168611
8113809975
9048123449
8086556902
8590294053
9495669595
9072000420
9207771912
9567796028
8281822030
8589897562
7510691478
7510891591
6238156567
8547942742
8137849709
8156970190
6282814651
9207836437
8078082048
7559888795
919497249310
8089135897
8301066656
7561004739
9072965921
9496671570
8129112446
7510815560
9446742849
919645423866
7558882975, 9544562384
8086141215
9947070560
9947275117
8137964305
9495669595
9567513773
918891552806
9188422606
7994372792
8330065006
7736411505
9383434749
6282938686
7994381865
7994410716
9895656603
8590767350
7012217820
8590843988
8547613393
9562069262
9495896413
9188223282
8086984826
6282889701
9526353407
8848331883
7306917987
9633423645
7559939170
6282563184
9188455113
9188255457
9846659219
9747661793
9495669595
8113932750
9645095783
7025777965
7736098412
8289965487
8547852387
6235474126
9061549910
919496041328
7736280533
9846752622
6235591047
9495257415
7510962281
8547855066
9447166741
9633045864
8606278456
9188042549
9048235206
7907646805
9544351606
8848685773
7559066621
7306019199
8714234734
8848508490
9746361867
9061316332
7025527343
9495669595
9207096206
8304020119
7306718227
7034111020
7356729975
9072773224
9497553521
8590115227
9207799496
9847081597
9961294307
9747716021
9061524624
8129140809
9567745437
8089397399
8891387504
9188013403
8590385039
7034631746
8089114417
9745458458
8089829083
7561870391
8138092798
8590180552
7306154930
8157016439
9495624053
9207577195
9495669595
8078983244
6282719784
7561892171
7994351097
9074290819
9020902263
9847740623
7025047112
8139098642
6282419985
9947960678
7994254162
9495256263
9746036012
9207288984
8861285734
9400226101
9074538609
8136841654
7356522798
8943226312
8921542943
8921092068
7306462368
8138847698
7025739531
9207667919,9495801926
9811058889
9633341297
9074509396
9495669595
8078502140
7356434767
9961971140
7025898195
7025566110
8921110278
9544461604
8590467397
6238193053
9037281452
9539429847
+91 9061819746
8078282474
7592014333
6282225252
8593839992
9074000713
9746246339
9072186554
7559804628
9495346545
8848567914
8606219898
8137979744
6238194216
9562201168
8547025989
9446127941
7559804031

