9562451416
9947725142
8891413363
9400246376
7076678463
7025124104
8289940377
6238131970
7306051385
6238691341
9961248906
8137884324
8921511829
9847529517
8590113689
8590773083
8714266991
9074100803
8848032626
7994668472
8848994241
6282163771
9847227758
9496106351
8547140935
8848897903
7356625664
8113933153
9447011034
8848286981
7907651937
9744418965
9497830695
7592966762
8590033605
8075215749
9061034413
9605003302
7560865076
9847664984
9995673036
6238963257
7907581446
6238912503
9995136033
7012771701
8089736769
6282989288
8129938715
7034313002
6238027880
9037541725
9400526712
8547414340
7907945866
7306715634
9188621244
9846468195
7356519227
9447269141
8590505609
9947061540
8075750634
9496025869
9895956435
9048930750
7356666430
8921462329
9656586301
7902441746
9747066040
8330822465
9074340875
09747031385
9496449342
8281548112
9497065579
8075462066
8301812844
8590503417
9061545805
8301905339
884860676h
9539151667
9567327524
7907773606
9787291019
9446632025
9037222746
6282548655
9004665872
9633043970
8547523986
9895430404
9468182230
9947296488
9072230656
9496438256
9846231974
8589878940
8075855899
9048088458
8606374976
7012672563
8281515149
7306375183
8289948254
8129317768
9207441714
9061645950
9061005753
8089871649
6282423361
9446493550
7511139770
9496879301
9645968275
6282099838
9846422286
9188171481
9952121202
9048184064
9544667923
9400337369
8075957017
8138082695
9544810691
7012592504
09446179393
6235935115
