9633824557
9747273978
7736687386
6282260595
9447365721
7907298605
8078418729
8606309161
9446023276
9961200720
8547204547
9947449944
9633094379
9495992637
9895680281
9048898100
7907752885
9497815700
7012933801
6235679202
8848581244
9061636848
9567539091
9995679520
8590593766
9778157971
7510323218
8089224458
8921117445
9567648788
9605153665
9447194004
9746124834
9778316795
9847038474
8281632271
9048033338
8547042783
9037795005
9037149658
9496112989
7012020723
9207495422
9061523587
9946490116
8921576904
9961624984
9633170669
9731479079
6235560984
7558862436
9562017171
9809003916
9074144456
6238098695
6282845158
8281934360
7306293989
9567063860
9544016744
8078145169
8304846273
7907146988
9037965107
8252022644
9895652934
7736005635
7012673042
9388255565
8907970780
8590795498
9995287972
8921179945
9496808917
9496808917
8089216054
7306289673
9496759654
9074722859
9605480867
9074667486
9873726430
8891601978
9746866097
8289975214
9544648297
9447588643
8590585832
9847478882
9497043761
9562244777
9552753896
9846794733
8590219486
9656313157
7561825021
8590833396
8590068942
9142111020
9495801430
