9447608237
9048121365
8111897128
918891051646
7736277029
7561839070
8547852557
7902791553
9207524855
9946898035
8943428936
9895771101
96892572680
6282202700
8138818110
6282725589
6282922971
9946954989
9961472869
9895046312
8075943671
7306275861
7560995172
8921870116
8590538083
7204347729
7736597340
8592052005
9446341235
971582292599
9496862873
7012151864
9846070636
9947364580
9207009044
8078823617
00971564152467
8078726350
9656977073
9446177324
9562202004
73052 35401 
9620902248
9495285002
9847727616
919746139792
9037418994
7034962164
7306595363
9633911656
9020994455
9818441302
7975273285
7736379349
9746717626
9447134176
8089433165
8754218735
9497873650
9037955468
9060857591
9447352943
8301913339 
8921331311
9605014310
9446868440
8590581792
6282263762
8547693284
9544566633
8139857316
7510855194
9526191461
7012050186
00971569122209
7012114661
7736154343
7592054575
8921952800
8078340847
9048369667
9447035998
9497167692
8848416496
8547012612
9539220177
9895993856
8921988735
9539333388
9544152299
9447291449
8943938808
8589862838
9446605625
7306253847
7356996063
9496032762
9645691312
7994572151
8590978742
6282532203
8921952271
9567644111
9645015097
9400078304
9995611168
9730757629
9605987101
9446531742
8089326399
09447329765
9188451720
8078353119
8157965615
9745197829
9964753816
8078079684
8075934204
9846738131
9497685140
8590993574
9615222333
9496824282
9747711349
8129083199 
7560883587
8301917349
96560477060
7561032005
9539494769
9745608438
8547000351
9188762290
9746198550
9188762290
9400655014
9526849013
96569306610
9516232180
8089654183
8089737196
9074703413
9495501315
9495205550
9744403406
09995149065
9846855355
9895078649
9496118686
7561017873
8714740689
6235463029
9539007475
0543288202
8848694882
9961231198
9446552705
9544447981
8590873762
7012690039
7994304344
9496702508
8590511453
8281854134
9562732788
9447133127
9605488113
9947580201
9656614940
9747291655
8921639017
918129474212
8921639017
919061570573
8156945189
8590346993
6238049083
8606816427
9846306661
9074457949
8113831412
8281575277
8301975044
9497362790
8547063133
9995540549
+91 90615 42159
9447646449
7012124852
9744497361
9496148102
80787606
9778335793
9495276784
7306414569
7306947722
9447329765
9446873437
9048623161
9995940816
00971527557550
8075379545
9846358988
8129745254
6282606092
9656828835
9895144498
9497688175
8590346993
9495851084
0097336699165
 85907 50043
7902687402
00971552001099
9495677670
09995419343
9946123772
8547353265
8590991197
7012958200
8281108350
9446555865
9947604688
8848532039
00971505461734
+91 9446477103
9037600627
8590968115
8138082695
8589852233
8848532039
09447329765
9448817930
7736637593
6282129733
9447528212
9310024624
971589212005
09495882949
9447575152
-
8089438212
966509907650
918075903392
919946894206
9544810691
9496451115
7907135526
09447329765
7012592504
9446800913
8848679075
8848650158
00971505453188
8943916594
9946524164
8589092682
9605351525
8891178741
9037996372
8589852233
9895178418
8943692818
8943692818
9747497940
7012476346
09446179393
+91 9562827263
9048333196
00918129677184
9946065500
8921467076
966533637374
9037900586
8547867912
09497688127
8129692179
9497362790
9539651901
7902311820
97466868156
9446235283
9061954173
8129118777
8714250967
7025087639
6235935115
9847110815
8606825667
8086066481
7034136065
7736877205
8089966224
9562668979 Brother (Rusafid)
0096899270817
9447603547
6238110704
9447329765
9605601434
8714101348
+973 38861678
6282506566
07356325197
9342649580
9947609043
00971557207436
9656947498
9391679940
7994666092
9447884843
09744749676
7994958329
9497787433
9846169139
6282831879
9847422939
6238438662
9947662708
9656104224
99958 22324
7356519227
9995021636
9037125347
8714157359
09495576025
9496226439
918593811853
9446589269
8086782650
8547012612
09895998870
8590787733
9567620632
00965-97630205
9048782301
9739829720
9388085100
9037579420
9496587770
8593090306
7025656202
7561848936
971505680638
09846407720
9037197977
9037469626
9496790430
966566525501
8590212547
9400656110
7559871580
00971529736162
7012970402
8075609830
9447960010
966594392550
09447891527
8078249730
09947972940
9496356176
9447380812
8589068099
8589068099
8089318857
9400237015
9447701848
9159074412
8547934436
9446501700
09074579019
9746524060
9709352396
9846625958
9847963399
9846095070
9895076577
6282110891
9400173097
9040024064
9605819172
9744932659
8075861995
7559871580
9778495441
9188623213
9074299639
07736374585
9544318243
62357 18771
8281688736
919495559351
00971507592079
8281831679
9656927612
00919744514292
0096566933744
9207381604
7907186244
8547251714
971559942466
8075861995
9947426868
6282279941
9847014243
971569922901
9873751828

