9846099337
8075021185
8089066328
6282720830
8281619351
7510364604
9567975020
9895342776
9400677115
944713 6759
8590369109
8139029063
8332944320
9496129300
9961478665
7907898001
9072886513
8281291903
9447835725
7012230772
7736440469
8891525454
6282933598
971508187365
9902162270
9746906381
9633352183
9895436003
9188469796
8089592339
9048167856
9745582002
9074447274
8156967693
8089309460
7907525118
9496751611
8330857571
8547929980
9895799570
8714764973
8590584485
7902612887
9048519933
9349198298
9562566293
7902931637
9447054325
6282536368
8547596492
8590513857
8330034844
9995974499
7510772177
97476 94410 
8129712932
971529872770
8086398061
9447260070
8714877062
8714106718
8606356285
9447872663
8594093479
7907553865
9496944555
8089934944
9789027326
8848930226
8281920639
9744041588
6282236015
938346636
9847666238
9400389424
9497813500
9072159129
9207507593
8590468340
9995470401
9778083917
8078097674
7356879585
9048661490
9447391001
9074754080
8848078989
8129041154
7356767812
9495604176
9995320103
9447183236
7559917282
9447262451
918921210561
9446411026
8547324192
8848462905
9074993882
9495650858
9400415196
8590501400
9074946536
8075173163
9961307658
8547486253
8921622028
7902448497
8015705730
6282264209
+973 38959515
8590989069
8848401517
974-70150725
9037772150
9446591469
8281466343
6238256998
6282923495
7559895502
8807466978
9555865978
7907326896
8891234148
9496714663
8921499897
9744101897
8547357833
8089080045
8921504310
7065222076
91 7736072397
7736294042
9562851243
7736157852
8075897266
7306984430
9495140903
9061348712
9847030107
6238410760
9496922749
9947328830
9633452470
8590066983
9526990659
8157866888
9495407778
9746892518
8075641318
8157076730
8593915958
9746564485
9495237464
971569190748
9495852700
9446470830
9447036066
8590501400
8848545875
9072103498
9846232365
971501859166
9447878121
9037806169
9744186884
7012099277
9037659162
8848996693
8547349451
9446353442
8714348375
9562823735
9446473099
8075272644
9746735739
8590642254
8921325170
9539015155
8547461350
7736154281
6238056784
9946037026
8078845412
9745920632
9847501727
8113803374
8714454607
9946045477
9383499328
8943555111
9847912252
9497139510
9497801171
9995570039
8111932357
9061722050
7510606223
8078857165
8078813541
8590005919
9633818171
9746594895
9387733585
96599804529
8606268667
9447404640
9526671078
7902361938
8848983400
9500720420
9846099031
8078325640
8156948274
7012623045
8075574603
9446929648
9747989005
9656883080
9895012772
9446962764
971502007445
9539612700
9400734500
9037558180
9961936569
8891484368
917356085871
+971 52 745 5677
7736884231
9995295589
7356786868
9847862673
7034274940
6282441917
9037015082
6238211756
9847378346
9497464634
9496124150
8547402593
8848265146
9645533247
9946641283
8848610729
9995755015
9207677121
9061705777
9562322480
9995826681
9746756363
9388961466
9846009511
9745868661
9037828844
9074419544
9895152909
7909114990
8590359711
7012724991
8943668473
7907168738
7356511871
9207415190
9495228928
9947219445
9495989967
7902944327
7356087791
9995409273
9446792136
7012000692
8848662713
7736474922
9446602956
8281694228
8075576549
8921513306
7012955742
9539589087
8053037473
8590531756
6235075864
9633425333
9745922235
8113809084
9946950301
9496728555
9645940013
9747980945
9847012777
9526625956
8848068848
9746493847
8848034139
9188070890
9745351998
9946818104
9995323273
8547138422
8139050514
8594096850
9895604598
919747440659
9495427577
8921641190
9074822347
9400786594
7736859928
9847819489
85473339972
9895592755
8129020289*
8078026561
9446670879
9207019487
8606219787
9744048630
8848723720
9633747116
881850914
8590714149
9447958662
9895524972
9207866808
9947901251
6238983765
7736837844
9400313704
7994557698
6238308984
9447664425
8921084619
7907327191
9961253005
8606710584
9400256204
6282756687
7902801906
8138918292
8547142360
8547142360
6282310261
9995584220
8590430673
8891584793
8848871424
8848871424
9447509905
8848668517
6282066159
8078295239
9446458536
9447727781
7012562355
9719379195
9447132485
9400090246
9995821407
8590457134
9747929590
9947345252
9061413384
9544162497
7012746461
7909247278
8891488707
8590995994
8075927052
8848645699
8606219787
9496204815
8714247152
8714247152
8714247152
8714247152
8714247152
8714247152
8714247152
8714247152
8891412673
9495934995
97336053875
8891412673
8281720521
9446741786
9497189704
9446741786
9745349200
7356731586
9747913876
9633007656
9633007656
9633007656
9633007656
9633222465
9446741786
9446741786
9388849390
8848602501
8848602501
8921511176
9946865225
9846132838
7012746248
7012746248
7012746248
8547633709
7306390456
7907406397
7909114990
7736235189
96879898164
9633310917
9846623414
8075164934
8138913954
8086911154
+968 91280255
8130291335
9020368383
9400044515
9400044515
9400044515
7510366150
8075949406
8547349451
97455029980
9447036066
7356467686
8547905797
8547905797
9995149063
9895755920
9778366853
9400594402
9400594402
9400594402
9400594402
9400594402
9400594402
9400594402
9400594402
9400594402
9400594402
9400594402
9400594402
8089757771
7510282992
9778730869
8943926126
8943926126
9446567303
8089236632
8089236632
8089236632
8089236632
8089236632
8089236632
8075656146
8075656146
8075656146
8075656146
8075656146
9745097879
9447703602
7902361938
7902361938
7902361938
7902361938
9605098992
8593921836
9995893042
9605024611
8330067995
8330067995
9744101976
9037357687
9037357687
9037357687
7012052622
7012052622
7012052622
7012052622
7012052622
7012052622
7012052622
8075927052
9931368101
9446574778
9892519035
7012812094
7012812094
9961522909
9961522909
9961522909
8547892859
9048248623
8943186304
8943186304
919539793702
919539793702
919539793702
919539793702
9526356065
9061812559
9446215257
8891802767
9496180636
8157031185
9446741786
8139010216
9400569500
9400569500
7994459360
9846022538
8129438730
7306897521
7306897521
7306897521
9946554755
9747725187
6238386410
9895396165
8590515837
9443874072
8590360701
97477078590
8547127086
971563674144
9495014563
7909123124
7909123124
966554131537
9961785346
9961785346
9961785346
8138918292
9349788334
9349788334
9995634761
9961550043
919633938033
9497413175
9656800507
7907297448
971529286262
9495592164
9633714443
96597274346
00973-36473952
8547280334
7994628103
7994628103
808943670
9562570130
9846671817
9074963266
8139075160
7907168738
8078533360
9605216243
9605216243
9961955644
9961955644
9495885117
8169714160
7907099953
7907099953
9400563989
9846022538
9495388918
9747678496
9895942881
9895942881
8547677320
8547677320
8547677320
8547677320
8547677320
8547677320
8547677320
8547677320
8547677320
8825978610
7594911980
9846810494
9846810494
7306669520
7306669520
9037292394, 9846810494
9497654424
9497654424
7356731586
9605681259
9744840800
8848320481
7306288574
9895524972
9895524972
9074094909
8891575034
7907640795
7559980408
7559980408
7559980408
9446962764
7356933847
7356933847
9167310746
7559980408
8129066669
9633034077
9895254722
9895254722
9946667363
9946667363
9447106625
7907603030
7736380290
9995320103
8075541646
9037700361
9037700361
9037700361
9446374779
7356846409
9048249051
9048249051
9895700982
8075928115
9995581634
9048249051
8078747714
6282857215
6282857215
8547166312
9013338878
9946048270
9495334932
9495334932
8921511176
8921511176
8921511176
9495734600
9495734600
8129311977
8893880812
9895136867
9633998558
9496725977
9746742322
8089031154
9745677151
507344748
6383527565
9895202798
7510805304
7510805304
9447325352
9074549283
7902808100
7902808100
7907784595
7907784595
7907784595
7907784595
7073941227
7073941227
919562570130
9778482646
9778482646
9778482646
9061413384
9061413384
971501245451
971501245451
971501245451
971501245451
7012095270
7012095270
9072965765
9072965765
96599834512
9447889513
9447889513
65889053
65889053
65889053
9037349682
9495014563
9895089899
7994502307
7994502307
7012460691
9745433553
8075367733
8113066943
971567563710
971567563710
971567563710
8606923073
7907501691
9946664421
9526301601
8590110437
8838021450
8838021450
9746706469
9447608831
9605586957
9605586957
9495804080
8138913954
9946664421
9946664421
8848733568
7902326011
919072840159
919072840159
9567017807
7907017033
7055672067
9846700867
9048063213
7034917245
9447342092
9447342092
9567016103
9704879343
7907501691
7907501691
7025051797
9446032170
971552780702
7559863512
7559863512
7559863512
9495956252
9495956252
9947329753
9947329753
971504970904
9387806333
9995790185
9995790185
97463 34582
9447144462
9446387305
9446387305
9207752759
6238627935
6238627935
9745369270
9745369270
9037364789
9061413384
9605740400
9446740392
9447355920
9447355920
8086278426
97473 97149 
8590110437
9656670802
9656670802
8111813470
9188098430
9995164761
9846450741
9846450741
8714391222
9539353218
7510121044
7510121044
9048721108
9048721108
9447458177
7034094019
8879959518
9400710107
9539632259
9747004262
9961785346
7511174940
7907107648
9072840159
9072840159
8075585436
97338190828
9745682182
9745682182
9745682182
9745682182
9745682182
9061011907
8921481580
8589010527
8589010527
8589010527
8589010527
8589010527
8281737135
9605263466
9605263466
9188039984
9539367173
9847804947
9847804947
6238746800
6238746800
9847234177
9847234177
7012777816
9539400252
8281533065
9383499328
9383499328
9072965765
9207027905
9207027905
8714365411
8714365411
8590020094
8086385392
9961204329
9961204329
9645838382
9567037196
9567037196
9495664139
9495664139
7306664671
9895330681
9744680450
9744680450
9744680450
9744680450
7560904269
9947453377
9947453377
6282857215
6282857215
6282857215
6282857215
6282857215
6282857215
9495714869
9037408177
9037408177
9188732465
6238019877
6238019877
971508914764
9946865225
971561115848
9539029860
9747397149
96598762094
9446224524
966557616270
9995790185
9995790185
9995790185
9995790185
8547538593
00965 99135072
8078331720
+965 67642594
+965 67642594
9188693375
9188693375
9188693375
8714093382
8714093382
9745677151
9745677151
9745677151
9745677151
9745677151
9745677151
9947855345
7592864606
9495159309
7025123429
9562445959
8848680464
8848680464
8848680464
6282964872
9447012728
9447012728
9188039984
971543969399
96566140517
6238019877
8891475600
9446228758

