6238982456
8191086064
8089590083
9497692529
8547513203
9072910612
9446674864
9497712099
7907941137
9544170934
9746072207
9995976729
7736211079
9496104812
9846406932
9037123688
9895396436
7034796052
7510273152
8281139936
8138918485
8921449944
7736723468
9526708419
9447346928
9446094798
9496646750
9037355998
9496276383
8606122189
9946633599
9048066350
9567025747
8590369410
8590569190
9074472146
9447479440
9061994548
9447676985
9746023684
9778532013
9633878583
7012613528
8590784402
9778073621
9778343082
6282184055
9496451409
9895120926
7025812997
9778019868
7559035310
8590285272
8921147744
9447818627
8606933578
9645749567
8129636421
6282776402
7034449567
9778074215
6238049083
8589827636
9846306661
9037600627
9400551111
8590303225
7034139997
9846160306
9074023860
8078782533
9567167620
9048202767
9188019160
9567774585
9526607083
8891551891
8848911924
9072003095
8939923455
9656947498
9645814548
9961851172
9388136955
9544554267
9747211579
9495486785
8129118777
9048600113
9400404894
7306555424
7034431333
9544707850
7306811624
9446288809
9495218840
9495715150
9778594278
8606222262
9895083700
9895805668
9946781760
6235393873
9746801388
8547000351
9447818993
6282700430
8301977753
9447072470
9745969561
9061155426
8547436790
8547461378
6238789357
7902941023
9946364020
9400746035
7012078338
9495429093
9446681969
9074241728
9562354521
9895726659
9846699220
9495205550
9847699126
9495180117
8848870945
9605519972
8921994105
9495205033
9744706484
9400399828
9539451041
6238157457
7025539902
9656482419
8590413287
9037462382
8921485781
7012740167
8848430474
9061808483
8129878123
9446508715
8848572202
7902311820
7994685683
7356845038
9249925646
8281958144
8848063071
7403286634
8330038036
9447815468
8281786377
7736044556
9495554102
7012459086
8891761757
8547179476
8590200639
7356845583
9037886531
7558973575
9496929680
7012509004
7907876490
9605020500
8281177921
7356807059
9895543351
9895558437
7306199908
8921372142
9947704946
9746716334
8921374868
9495997899
9895174621
9846870225
8075901856
8921870116
9567495149
9745641710
9747823817
8590693346
8590540204
9446470551
9961531395
8089880584
9544954380
8921779157
8714835473
9947151016
9746925855
7907035703
9495979535
9207236691
9544358069
9633035733
7306766246
9746905775
9188524233
9074379563
9946444958
9995907038
8590535853
8714534970
8301053850
9495682915
8075788324
9656250620
9495332305
9847654639
9495002112
9846937876
9846732779
7510684920
9645666923
9447348461
9747717990
7736289955
9744088692
8289860623
9656811580
6235210803
9744629220
8921051731
9074003781
9400166886
9995303464
9020455500
9846341605
9446206410
9447921306
7907457192
9995554185
9446391698
9447890131
7356594813
8156849202
7034983672
9645783223
7907629368
8921080922
7736799875
9567804887
9020864399
7594845401
7592940704
6238132278
7561862636
9048320040
6235234722
9847069013
9946039334
9400196753
9497661669
7591921036
7907558012
8281818290
9895427987
7356916641
9645726176
8113080119
9539163295
8590681449
9061290916
6282663227

