6238982456
8191086064
8089590083
9497692529
8547513203
9072910612
9446674864
9497712099
7907941137
9544170934
9746072207
9995976729
7736211079
9496104812
9846406932
9037123688
9895396436
7034796052
7510273152
8281139936
8138918485
8921449944
7736723468
9526708419
9447346928
9446094798
9496646750
9037355998
9496276383
8606122189
9946633599
9048066350
9567025747
8590369410
8590569190
9074472146
9447479440
9061994548
9447676985
9746023684
9778532013
9633878583
7012613528
8590784402
9778073621
9778074215
9400551111
8590303225
9074023860
8078782533
8891551891
9947811507
9562079789
9847023725
9072207336
9633683271
8078430186
9656223220
9778799417
9496227183
8137880126
9995264998
9949036618
9746888809
9495385935
8281868658
9846004515
8075325878
9633450304
9633494407
8129118777
9400404894
9446288809
9495218840
9778594278
9895083700
9447818993
8547436790
9946364020
9495429093
9847699126
9744706484
7025539902
7012740167
8129878123
7356845038
7403286634
9447815468
8547179476
9605020500
7306199908
9947704946
9495997899
9895174621
9846870225
8075901856
8921870116
9567495149
9745641710
9747823817
8590693346
8590540204
9446470551
9961531395
8089880584
9544954380
8921779157
8714835473
9947151016
9746925855
7907035703
9495979535
9207236691
9544358069
9633035733
7306766246
9746905775
9188524233
9074379563
9946444958
9995907038
8590535853
8714534970
8301053850
9495682915
8075788324
9656250620
9495332305
9847654639
9495002112
9846937876
9846732779
7510684920
9645666923
9447348461
9747717990
7736289955
9744088692
8289860623
9656811580
6235210803
9744629220
8921051731
9074003781
9400166886
9995303464
9020455500
9846341605
9446206410
9447921306
7907457192
9995554185
9446391698
9447890131
7356594813
8156849202
7034983672
9645783223
7907629368
8921080922
7736799875
9567804887
9020864399
7594845401
7592940704
6238132278
7561862636
9048320040
6235234722
9847069013
9946039334
9400196753
9497661669
7591921036
7907558012
8281818290
9895427987
7356916641
9645726176
8113080119
9539163295
8590681449
9061290916
6282663227

