9645900095
9446255982
9188171481
7907850891
96555922361
9567979882
8848353953
8281286780
9920672022
8590339496
8714054792
8939923455
9961513803
9495570810
9495400752
8943448945
7034115057
7306675400
8921644017
8086124461
9847305561
7558860412
9778728655
9745503205
6381949553
8075530725
9901633256
9946633599
8547263046
7902765563
9847611417
9188591129
8547147814
8891568562
9048830894
9048830894
7736200837
6282376370
8848410043
9495467637
9446811481
94997060020
9544344848
6282753285
8078944764
9447208565
9495150095
8547134649
9188837638
7994160289
8129088991
8111983311
8606132904
7736364080
7293361122
6235950164
8089458962
9048812657
8086754109
96899659946
8547523986
9207004788
9447342873
9496180293
6238473945
9495157834
9745965993
9387557775
9207033010
9400137984
9633472572
9633227619
9447608572
9645532710
97475 77374 
9778593270
9037590223
0999 560 8731
6238576977
9400577857
8113027853
9995709955
9497043125
8086385486
7736989129
8281991206
9946423573
9611237512
96895685354
9495960078
7559035310
9582827767
8943431999
973 39292177
8330821044
8921042077
8848654450
7012058169
9562291975
9633491333
8075859340
00971569122209
9961724369
9847773337
8891257097
8157898733
9952121202
9562757383
9562757383
9744556656
9961724369
9207413009
9745641710
0096871177482
9496586554
00919746126654
8129430045
7907173096
9947657130
9495554628
9778191375
7034090168
9995577208
9961724369
9747155995
7994421647
9349896979
7736800350
7736800350
9400238745
9447349529
9388880028
9495812223
9567558394
9048184064
7306211214
7561063787
9061329074
7025027987
9074022798
7510513605
9496236307
8848250341
7012524060
8590275618
9544087355
8590635125
09447247510
09447247510
8590123862
7907886387
9447391742
9447159979
9847085545
8848275679
8891377890
9072938333
7306150072
0096895245472
9745854134
9446618480
9847183452
9188409230
6235225166
9947732197
9744729056
9048676083
8547619692
9746447514
9207806351
965 65519210
7907279555
8590173610
9496228911
8590303225
9745451543
9526914220
9447293042
7902203585
08606774852
9447131949
8593932322
6238709198
9072046585
9746850677
9947701159
09447859734
971504213449
9447602874
9847192434
8590578895
8281540120
9074734244
9544667923
9961125435
7736562307
9495157834
9946639802
9495667456
9946548175
9037081160
9946673854
9447629388
9567875946
09544184236
09591670779
9495852427
8075295471
8129495863
9495637752
9567447163
9709352396
9048745474
8086762243
6282314221
7909159803
8078995323
8547054383
9048956354
9961537715
0097430546076
7012683533
9846022472
7012708679
8921323033
9947657764
85478 66009 
9847569890
9961700657
9645585757
9188566728
9526557422
6282741435
9946832937
9061855850
8590656308
9946361581
8547072094
9605710801
9778756353
7994131558
8590242757 
9895514978
9562751749 
7736123688
971507539313
9400337369
9495995072
6238188265
9446427929
9048956354
8330068600
8590739218
9745910106
6282081322
9895068231
7561060265
9995538510
80789 86751
9497631878
9539491360
9349921747
8156963739
9847853769
9074586054
9446781962
9946644479
8848755890
9566280833
966504483284
8139808218
9447811575
9048756765
9895159758
7306474293
8590578895
9074646886
8089287533 
7306735903
9778736517
9188414616
9745555017
9061715103
971528630513
6238820238
8606001347
9447716309
9496871900
9567408435
7559937817
9656250620
9449730003
8086884390
8075792430
6235820589
8547070269
9632174510
7972385706
9958735408
9778236832
9447803488
7909155873
9495066346
9037343279
8089630436
8138818110
9946071305
8281450604
9778236832
9447674659
9497787433
7902237250
8075957017
00971552001099
7561017873
8848786407
8547728695
7012004613
919447891527
9846504152
7907571833
919447891527
8921023261
9895119992
9446600936
9995193089
7306722367
9544458672
7978803120
9048654131
9072159187
8848896152
9446231167
00971505880562
00971505880562
7907866793
9633211692
9567534497
9895221212
9495468670
8606365129
96895478012
8547294920
0096567050252
9447990839
+91 6282700430
8281382270
8281382270
971589212005
9947039142
9995750126
8301906746
6235789063
8157062407
7012148073
7025541041
7306779702
9074767569
7736637593
6282957435
8547029118
9446897674
8590305617
8113932202
944689868
96895851920
994600785
773622135
8086966647
8848616029
9526364267
9746488370
9846344309
919847010144
9995599528
8075546670
8075455963
7907340750
9497891426
9447608237
9048121365
8111897128
918891051646
7736277029
7561839070
8547852557
7902791553
9207524855
9946898035
8943428936
9895771101
96892572680
6282202700
8138818110
6282725589
6282922971
9946954989
9961472869
9895046312
8075943671
7306275861
7560995172
8921870116
8590538083
7204347729
7736597340
8592052005
9446341235
971582292599
9496862873
7012151864
9846070636
9947364580
9207009044
8078823617
00971564152467
8078726350
9656977073
9446177324
9562202004
73052 35401 
9620902248
9495285002
9847727616
919746139792
9037418994
7034962164
7306595363
9633911656
9020994455
9818441302
7975273285
7736379349
9746717626
9447134176
8089433165
8754218735
9497873650
9037955468
9060857591
9447352943
8301913339 
8921331311
9605014310
9446868440
9446868440
8590581792
6282263762
8547693284
9544566633
8139857316
7510855194
9526191461
7012050186
7012114661
7736154343
7592054575
8921952800
8078340847
9048369667
9447035998
9497167692
8848416496
8547012612
9539220177
9895993856
8921988735
9539333388
9544152299
9447291449
8943938808
8589862838
9446605625
7306253847
7356996063
9496032762
9645691312
7994572151
8590978742
6282532203
8921952271
9567644111
9645015097
9400078304
9995611168
9730757629
9605987101
9446531742
8089326399
09447329765
9188451720
8078353119
8157965615
9745197829
9964753816
8078079684
8075934204
9846738131
9497685140
8590993574
9615222333
9496824282
9747711349
8129083199 
8129083199 
7560883587
8301917349
96560477060
7561032005
9539494769
9745608438
8547000351
9188762290
9746198550
9188762290
9400655014
9526849013
96569306610
9516232180
8089654183
8089737196
9074703413
9495501315
9495205550
9744403406
09995149065
9846855355
9895078649
9496118686
7561017873
8714740689
6235463029
9539007475
0543288202
8848694882
9961231198
9446552705
9544447981
8590873762
7012690039
7994304344
9496702508
8590511453
8281854134
9562732788
9447133127
9605488113
9947580201
9656614940
9747291655
8921639017
918129474212
8921639017
919061570573
8156945189
8590346993
6238049083
8606816427
9846306661
9074457949
8113831412
8281575277
8301975044
9497362790
8547063133
9995540549
+91 90615 42159
9447646449
7012124852
9744497361
9496148102
80787606
9778335793
9495276784
7306414569
7306947722
9447329765
9446873437
9048623161
9995940816
00971527557550
8075379545
9846358988
8129745254
6282606092
9656828835
9895144498
9497688175
8590346993
9495851084
0097336699165
 85907 50043
7902687402
00971552001099
9495677670
09995419343
9946123772
8547353265
8590991197
7012958200
8281108350
9446555865
9947604688
8848532039
00971505461734
+91 9446477103
9037600627
8590968115
8138082695
8589852233
8848532039
09447329765
9448817930
7736637593
6282129733
9447528212
9310024624
971589212005
09495882949
9447575152
8089438212
966509907650
918075903392
919946894206
9544810691
9496451115
7907135526
09447329765
7012592504
9446800913
8848679075
8848650158
00971505453188
8943916594
9946524164
8589092682
9605351525
8891178741
9037996372
8589852233
9895178418
8943692818
8943692818
9747497940
7012476346
09446179393
+91 9562827263
9048333196
00918129677184
9946065500
8921467076
966533637374
9037900586
8547867912
09497688127
8129692179
9497362790
9539651901
7902311820
97466868156
9446235283
9061954173
8129118777
8714250967
7025087639
6235935115
9847110815
8606825667
8086066481
7034136065
7736877205
8089966224
9562668979
0096899270817
9447603547
6238110704
9447329765
9605601434
8714101348
+973 38861678
6282506566
07356325197
9342649580
9947609043
00971557207436
9656947498
9391679940
9391679940
7994666092
9447884843
09744749676
7994958329
9497787433
9846169139
6282831879
9847422939
6238438662
9947662708
9656104224
99958 22324
7356519227
9995021636
9037125347
8714157359
09495576025
9496226439
918593811853
9446589269
8086782650
8547012612
09895998870
8590787733
9567620632
00965-97630205
9048782301
9739829720
9388085100
9037579420
9496587770
8593090306
7025656202
7561848936
971505680638
09846407720
9037197977
9037469626
9496790430
966566525501
8590212547
9400656110
7559871580
00971529736162
7012970402
8075609830
9447960010
966594392550
09447891527
8078249730
09947972940
9496356176
9447380812
8589068099
8589068099
8089318857
9400237015
9447701848
9159074412
8547934436
9446501700
09074579019
9746524060
9709352396
9846625958
9847963399
9846095070
9895076577
6282110891
9400173097
9040024064
9605819172
9744932659
8075861995
7559871580
9778495441
9188623213
9074299639
07736374585
9544318243
62357 18771
8281688736
919495559351
00971507592079
8281831679
9656927612
00919744514292
0096566933744
9207381604
7907186244
8547251714
971559942466
8075861995
9947426868
6282279941
9847014243
971569922901
9873751828
9645900085
9446255982
9447689272
96569643803
96597521505
9567979882
9847546370
7907964971
9920672022
9746908706
9526244792
8939923455
9961243803
9446902670
9747319032
9846003214
8943448943
9745024418
9847634660
9400771515
9645164687
8848747274
9497853045
9496516612
9074006120
9645012380
9447938623
8891568562
9946633599
8547263046
00966507881269
9446253417
9495674387
8547957814
8891568562
9446788401
9446788401
9567644111
9446521693
9447674659
9446678432
9446811481
98465229100
9495420048
9447369978
9495842647
9446731565
9446241797
9400264649
9495726638
7356039204
8129088993
9946808325
8606132904
7736364080
9495960576
6235950164
8075812858
9544881265
8086754109
0096899659946
9072226256
9207030228
9074113375
9496180293
9400376229
9495157834
9745965993
9387557775
8075752811
8137089667
9995306119
8281489035
9447608572
9400970257
9562870592
9446551314
9037590223
0999 560 8731
8304892383
9495387158
9495961657
9847619955
9497043125
8086385486
7559080129
9605796853
9048533867
8861678285
96894552551
9495960078
7559035310
9582828267
8943431999
973 39194100
9446453044
8943665015
8547885033
8921468747
9562291975
9995087896
9946821366
00971505977265
9947657130
9847773337
9947272374
8157898733
9952121202
9847307383
9847307383
9744556656
9947657130
8891991344
9745641710
0096899429279
9496178554
00971504890995
8129430045
9400689029
9961724369
9446635847
8547985058
9747360745
00971562021915
9947657130
9544422285
7994421647
9447576166,9349896979
9447710490
9447710490
9446415881
9447349529
9388880028
9447549175
8848945058
9048374054
7306211214
09946494382
97431679259
9446623328
7306877175
7559868199
9495108964
7025812997
7012524060
9656772434
7994262639
7907604802
9447247510
9447247510
9847874515
9048122432
9895651753
9497476688
9847085545
9495909243
9847917258
9947538333
9747211696
0096897320672
966502195524
7593925925
9847874785
9072410967
8590085836
9947732197
9744729056
9037674620
8547619692
9895632257
0505955067
965 97853620
9947089974
8606794589
9446467670
8075949918
9745464753
9900994747
9447293042
8281560845
08606774852
9447131949
9544079626
6238709198
7558088244
9567566563
966503109847
09447859734
971555527130
9447602874
7900917540
9446593870
9605573204
9074734244
9605896098
9961125435
09745442378
9495157834
9447639802
9446077496
9946548869
9567550522
9497168304
9447614600
9268562077
09544184236
9880100229
9495045023
8111819990
9497647863
9495637752
9562962820
7494072523
8089809840
9846297170
9605390736
9495430648
8078995323
9744924383
9048956354
9526860715
0097430546076
 9846004777 
9846022472
9633321457
8086754155
9539057362
8547866009
9847569890
7559960657
9946832209
9446366728
9744655557
6282741435
8943492510
9400639072
8086731131
8921492079
9847464109
9495272689
9847333883
90482555558
9846189569
8301944978
9349659154
9946378191
0566816365
9895923855
9447015072
9745622715
9847030031
9645629328
9446119037
7356686778
9745910106
9446274821
9895068231
9142427091
9946808510
96050 41845
9405209234
9539491360
9645851746
9048598420
9544743018
9074586054
9447445574
7356644479
9387348301
9940554611
7907340750
9895908218
9447811575
9497727249
9995593879
9744550165
9446593870
9495476030
00918129605633 
9526368760
7025266690
9497837616
9745555017
9745533915
971509021837
9207785454
0096899096816
9847944309
9901455520
0096897987917
8113814757
9447747497
9449730003
8547414219
9539182998
9847523092
9895763903
9880794384
9846929548
9650378805
9177382740
9447803488
94474744142
9847535523
7356527199
9447360436
09562656898
+62 8117740969
9605942491
9177382740
9447674659
9747549474
9961237250
9487565026
9744041404
00968-99476216
9447196860
7907974984
9072890118
8291177142
9496997261
9495713426
8291177142
6282353294
9746139855
9446600936
9961637162
9400205778
9544458672
9437104129
9447913613
9072159187 / 9074629090
8921340589
9446381367
00971555880562
00971555880562
9562934302
9633211692
9846804684
9947125328
9496647278
97339224621
96895240341
9544913676
0096567050252
9961220629
+91 9447170408
9745166043 
9048063270
971507204431
9495841611
9995750126
8301906746
7558098305
9656199054
00966509256268
9847481041
9995559295
9074767569
7994092688
9847473305
7012299409
9446897674
8848424039
8113932202
9496300660
9496880807
6282832136
9544881954
7025584519
8848616029
9447904686
9846618073
9447716309
919847010144
9447305274
9847202091
9447813182
7907340750
9400441426
9447608237
9846701997
9946409293
919747152646
9447029576
9562990455
9495714889
9496743170
7902948722
9567027896
9745453211
8086675758
96895851920
9846774677
9562656898
9447024318
8848880324
9446994589
9961472869
9895046312
8075943671
9037678208
9497628482
9747455680
8590773537
7204347729
9778261224
859205205
9446341235
971503483564
9496862873
7012151864
9846070636
9847327725
9947053996
9447915616
00971586891865
8078726350
9947977073
9048627201
9744202929
84282 81460 
9591364555
9446741774
9847727616
919746039792
919447318994
9745662176
9645105927
8078818888
919747707630
9818441302
9447467887
9946101733
9746717626
9447134176
9846199762
9446605617
9497873650
9048436468
9188866728
9497683327
8301913339 
9539433933
9961542643
9744157280
9744157280
9447544662
9446134901
9446746287
9747711349
9895457316
8593992815
7736069781
8891744818
9605381855
9895321536
8157054575
9400748108
9495576025
9846053326
9447035998
8281667692
9400104946
9249936686
9496762000
9387820501
9747245534
9048600009
7025818573
9496878322
9946942723
9446159653
9446605625
8547126331
7356996063
9447931944
9061400912
9895660070
9995055476
9946955584
9048550415
8281036085
9846066937
9400078304
9446546829
9730757629
8510021678
9446531742
9995536055
8547703170
9447510720
8547499119
7356996063
9745197829
9964753816
9847475500
7306796757
9846133131
9497685140
+974 55251445
9615222333
9496824282
9544566633
9207402989
9207402989
9747921306
9526801349
96550166267
09447315569
9447494769
9745608438
8086142887
9188003928
8138000551
9188003928
9447993080
7025828734
96569306610
9516232180
9995137553
971559445861
9074703413
9446763771
9496753474
7907060070
09995405902
9846151519
9895078649
9447326636
7561017893
9995304497
8075269991
9539007475
0505215371
9744575833
9446731198
9744907518
9947833638
8289800860
9497826782
9961424400
944 739 3621
9447835366
9495444134
9847236877
9447133127
8547091113
9947580201
9544414940
9388878889
9946660142
9847643034
9946660142
9061570573
8156945189
8156945189
9495974062
9846197761
9846106661
79072 05610
9539795320
9495877527
8086816173
9497362790
8547063133
9995888910
+965 90022865
9447664109
9745018451
9961235123
9323267670
8589092682 
8590692682
9567777374
9495276784
7306414569
9037798628
8547703170
9446873437
9048623161
9846839532
00971527557550
6282544969
9847058988
9562115254
9495511975
9656828835
9495111977
9447812250
8156945189
9495851084
97339950393
9656900041
9895998870
00971552001099
9249993932
9446429980
9946123772
9495285337
9847760990
9497473946
9496747339
9446800913
8157869234
9946915141
+965 98797651
7306046245
9495426731
9526238695
701442770
9946915141
09447329765
9846315836
7994092688
9947203154
9447528212
9310024624
971507204431
7012684613
9447575152
971506768642
9447528212
966504483284
918075903392
919946894206
9544810691
9447577314
9447834161
9388085201
9947338813
9446555865
8075399664
8848650158
00971505324327
9961852836
966501761473
8589092682 
9846315836
9656270747
9288084666
7012442770
9605178418
9387557775
9387557775
9747340460
7012476346
9446179393
+91 9388596867
9048333196
0097339823223
9895765953
9809358295
966509072331
9539533393
8547867912
09447133125
9645950289
9895158931
9349224874
7902311820
97470200590
9446235283
9061954173
8589803920
7594837736
9645569644
9846076717
9447048841
9847110815
9744786883
9072358476
7034136065
9497777205
7510342857
0097455845435
0096899270817
9447603547
8921334047
9447329765
8138001434
9496458258
+973 38861678
9447551238
07356325197
9442214013
9947238889
00971557207436
8113046423
8754421569
8754421569
9446116241
09447884843
9961675575
9446334395
9497787433
9846169139
9846745210
9605090650
9004665872
9747402056
8606893224
00971504890995
09995740440
9632821636
9846256659
9496826218
9447224341
9656206518
 9946101682
918593811853
9447035269
09835749371
9249936686
9895554406
9846796050
9544651986
00965-97521505
0096596659472
9886493423
9895270232
9037004915
9446854965
9744225022
9400322880
7561848936
971505680638
09846407720
9496781948
9497656967
9496790430
966558771681
9778248422
9400656110
8921958789
971503780261
9995801530
9446515415
9447960010
966594392550
8281177142
0096566217167
9446600950
9496356176
9495637659
8589068099
8589068099
9495177249
9400248106
00965-50076654
9495514451
7094225670
8547934436
9495860423
9846014518
9746524060
8002878845
9846868356
9847963399
8129314275
9496976577
8129967206
9400173097
9040024064
9605819172
9744932659
8848370436
8921958789
9072226256
9447916184
9847655126
9567808750
9747536009
62357 18771
9847054736
919447035531
8606828169
9447939413
7306341694
00919847124292
0096567001995
9400381604
9995918433
9539256844
8547251714
971559942466
9447792572
9947420188
9447173461
9847014243
971559942466
9560333920

