9447163793
7907079940
7736193906
8547900552
8848444055
9036224200
8848037001
8606383725
7306085733
7510981004
8089302533
9072035227
9037414804
7510907413
9037418464
8848022598
8547261758
918590606604
8089302533
9746962837
8891051646
8289943486
7012578928
9074361507
8089067945
7736490478
9567567113
8374997316
6282685144
7736715345
8921289382
9539078075
7510404822
8594040878
7736650956
8848680751
7034544661
9995492862
7592033482
8921629834
9188286422
9400449086
8281761366
9188720751
9210120098
9846500153
8590955212
8590851688
9102585046
8281432372
7025790126
9947933680
6238669051
8137927047
9744623220
8136848433
7306555424
7012726486
8089880584
8606730631
9164329565
7902331374
9961872794
8078537146
9074574454
7025714922
7559085100
9539109210
7356709081
8078243076
8075354833
9745109941
8921124944
8547951595
9633199626
8943603524
7736490478
8078782533
8891782135
9074179288
8891345600
9496163006
9048064506
9847849247
8848646546
7356224996
966530790458
9947920507
9188144314
8078304828
7907683841
9207329517
8590625026
8590657909
9995577007
7511129321
7025957552
8547482280
8606028311
965 65149987
96550648043
7025185656
9746191844
9778708045
8089764392
7907294197
7034102087
9747857133
8078227328
7894185296
6238296972
8590166723
7593067579
6282682042
9061726817
9846239898
7510647328
9061736817
8078993722
6262331111
7907292895
9497401687
8590509907
8921815030
9074229547
773654941
9995395576
9061989064
9495290220
9946995033
9633488990
9526484080
8075535922
8921018440
7306782100
9048851601
9744991146
9605899861
7736217218
9778293562
9846448202
7012231462
9446568402
6238984035
7306691951
8592972557
9745583349
8304877312
9567880999
919496867721
9995133495
9605761491
9745597816
8078227328
8138979933
7510192397

8590970805
8714828047
9847013403
7736879251
9746599566
9995904474
8921394743
6238170186
6301678203
7306974767
9946917110
8075156645
7736647421
9496226799
9746905775
9946220927
9061298040
8589821427
9400973857
7907566244
8281685996
8086650705
8848639351

7356351002
9037999787
9847828167
7617310311
7902634070
7902217782
6282269914
9544582217
9074441321
7907081898
8921086230
9446203367
9495406980
7902493948
9778237705
9037563650
8078421501
9495139497
9074984200
9544221711
9072227375
6235385503
9946991169
9207834730
8848493630
9447094097
9037752874
9446278643
9895026596
6282081746
9995196055
8281461661
9072143034
9995357192
9446583084
8129941386
9778548745
8592820229
9746818484
9496976822
8590267021
9496976822
9746931658
9400355509
9495246152
9037462382
8089781809
9946086287
8113050026
9400432631

9495360360
8149012340
8589012476
9072265738
7012930531
9567647421
8075591977
7907610116
9746344902
8075466006
8075130633
7907808362
9447933951
8078389141
9744873573
9497824530
7510588417
8138014887
8921018642
6235532815
8086159923
7907876490
9946430020
9048046996
9947076451
9961123695
9400032145
6282684606
8086650705
9946317211
9562950775
8589989416
9539159900
9567585951
8848466861
9048305153
9497274788
7907338125
9539257486
7012991907
8086215572
9895455340
9495331165
7560922602

8590572959
6282219845
9946569756
7907673665
8138072502
8606886264
7593046501
9645296088
9744566868
9074730642
9495896421
6238092072
9074910263
9188270519
8111811751
9061145476
9961609435
9447952017
9446964403
7025239464
8891362207
8075036331
6282987432
8921264620

9744723270
8089541813
9847344017

9747827062
7902510332
7012834313
9446480142
8891362207
7306204662
7559983400
9953044103
8129572645
7899351275
8075929512
9061707483
8590846037

7012062621
9188491476

7559969801
9048807835
9745135539
9744855576
9048412542
8086236402
9895735127
9072980080
7593910556
9495838904
8943622765
8590294697
7306101078
7012596838
9539091787
9207842219
9778541651
7306558085
6235787719
9048513298
6238626172
8848875470
7025200523
9656830380
9249783910
9400182298
8891362468
7012454230
9072410781
9535181175
9495747597
9847769350
8590409206
9539760936
8891640903
8075274814
7907784792
9447057470
8921242890
9497687199
9207879394
8921964101
9567255027
8943930830
9846847205
8891241228
9995615294
9074657189
8594043385
9447024020
8891130667
8281780375
8594085733
7012771701
6282527851
9847478882
8075131278
7012162136
7034136081
8078995323
8848463013
8848405332
9846064164
7736813443
9562345753
7012307958
9961966467
8714385844
7736790984

8129377247
8078725592
9496488288
9446965594
8547359882
9778185454
7012551377
8281773865
6235258877
8547261863
9188464795
9946634978
9846012316
8075710692
9446581295
8075920236
9746191844
7012415290
9446450478
7034036390
8714170983
9778210122
9354932417
7560990023
9746070979
9446203367
7907140753
8590701650
6235744348
9539416254
9188569972
6282689261
8921189866

8281962336
9037410976
9494712913
9746494067
7994602268
8590867089
9961490126
8848987296
8075656775
9746831857
6238136984
8547147101

9048900444
9747027011
9400293803
9207204589
7025072005

7034063779
8590405712
8075749533
9847422339
7034707611
9496524002
8714784461
8547814155
9995545971
917560881054
7907421290
7012092025
8075244138
8533034934
8547965928
7907479328
9497153906
9446521464
8921433143
8921684778
8921326218
9562634000
917012743958
7012936665
7738684383
8089814290
7025158589
7994483308
7902251756
8880007828

9745605737
9446826636
7561070374
9497663531
7907159714
7907959484
6282289514
9544845050
9544667933
9633952933
8590555853
9562062400
8891919696
7559803974
9947457470
6282206139
9778507292
8075426477
7909158603
7306270363
8594096333
9778706993
8136944670
9745356374
9747572186
9895920059
7025869371
8921952800
7025236889
8921411349
8281391584
8075885534
9447418797
8156917254
8129120959
9037454886
9744009898
8921845774
8139071322
9847086878
7306101357
7204650842
9946404666
8891718155
8089453749
9846440771
9048609450
7025633073
9188580147
9746794711
7592903989
7593967016
8590360803
7902310027
7025353306
9567653069
7907586144
9497258174
7561879934
6238165377
9995674446
8129120959
9746911755
7736136246
8157878062
7736352829
8138917919
9061224260
9847039189
8086531955
8137088823
6282833759
9947900249
8075906766
8590449296
8590511524
8590501050
8138095354
6238288641
9447800223
9037618199
9526494785
9778003834
7012866646
8921352904
9446353728
9995905493

8590640711
7560985805
8848515397
9946112943
7012467791
9778515199
9895360357
8714835473
8714792006
9946453876
9947268677
9400918588
9447428756
8590537818
7909140142
9526255804
8848902142
7356689767
8891285714
9048063270
9048830894
9778228530
9745495684
8547431917
9037448118
9846491219
8075781547
8590700440
9567979882
8075943671

