702525874
9496038703
7592030370
8606331690
9447218588
9447504432
9744051911
9562307768
9447574821
9656636152
9539763653
7559051413
9447812549
7558890411
9188043341
9447186111
7560995384
9188230833
9605616210
9188265486
9188005504
9544100808
9717328388
9072791558
9447856767
8547554107
9744285542
8281630361
9847756883
9447871570
9400550611
9847028051
9446677263
7356823693
9447467446
7510173803
9497080301
8281531532
9496820577
9188239388
9526322906
7356314711
8157858397
6282520587
9400264029
9847094252
9497818368
9188204889
9846297811
7510557267
7510270606
9061061823
9446035017
9895077788
9447232814
9074734473
8086160314
9544433973
9995989480
9496272794
8304926120
9061222905
8138918393
7902686847
9447872516
9496717798
8281812479
9446890404
9447897816
9846597169
7591966983
9539992132
9567973364
9207363291
9744878332
7025017054
7025920420
919656850331
9995358569
9446548361
8289919369
8547741068
9447139195
7593071948
9496113908
9496982724
9495016764
6282309760
7025665182
9747581844
9249492010
9447250764
9961015005
8848191739
9188218092
8606632290
9656710321
9446776776
9495890965
8089686700
9645254066
9188227685
9447271953
9061237507
9847214731
9846402968
9562565425
9656875414
9645710055
9188870927
9048065659
9846836703
8281223649
8138849636
9496389401
8086307725
8129012077
7558081549
8943938808
7907590426
8304987091
7559044282
8891630490
9207465816
9946850808
8606020566
8330074192
9074706319
9744399719
8606281851
7907696897
8330028284
8157084493
9188558018
8589949897
6238820441
9995066744
7306249055
9947487241
9497764680
8075523281
8943683387
9947322273
9447988145
9746157445
7025017193
6282302772
9567351245
9544309245
9400235383
9388163355
9072068297
9495889885
8129547628
9495383598
7994342917
9495140648
9446502116
8304987161
9061351844
918301938735
7558977006
8848925300
9633969403
9605045906
8547768091
7994400147
9400328099
9745938268
9074920625
8078190892
7306528649
9947182372
7994528894
9961706405
9946775533
8078737850,8606360618
9497019054
9495224246
916238703687
9746799138
8589906242
8078568481
7994473969
9497286381
8606353573
6238173361
9496577827
8129839734
9895612709
9447357086
8304039951
9961930541
7994090796
9544247963
9633190595
8330040751
9846729523
9656355552
8943525322
7025015753
9895513172
7025486135
8157082780
7902328530
9073205966
9496379063
8547378071
9544716519
9895754678
9846601960
9207388984
8129404281
9495580939
9847647851
8943007179
9447677252
8606930440
9188033069
9446652554
8330029060
9633148637
9746217329
9846193386
9995940410
9446552122
6238374592
8330098377
9497833390
7736731311
9495170100
9446760121
7306463874
9744678640,9447940498
9947870215
6238072760
9207940047
9778365673
8848195337
9847136294
9495289851
9526562283
8714219845
9446289184,9778361556
8547333563
8301078172
8304997990
7025612782
9539121854
9349429271
7736708093
7736897228
9188052529
8129754366
7736899197
9383402055
9188773213
7736041304
9778325359
8590464638
8848303402
8129310030
9744699267
9037891411
917510194363
7511123633
8129986081
9188276606
9645094788
8138818042
9388899570
9447079100
6238080499
8714307125
8111915183
9526155364
7736731917
917306963869
9895493065
9526723850
9447652225

