8075709723
9037349682
6238786080
9495247838
9846165662
6238918551
7012850140
9037668409
9388811676
9539605820
7306179953
9447849832
7558921372
9447012728
9495403575
9847176623
9074582706
7902712067
9037470194
9745561668
7306602832
9745774260
7987111128
9447735851
8289954266
9605131510
8891939408
8714194478
9946971178
9605793744
8714936703
8891850914
9605666136
6238021863
8547538593
9526990659
9605788271
8301069802
6282824507
7561042319
9207973979
8547799373
9388849390
9447027610
9501229262
9446087321
9048699862
8921625165
9895456130
9633243968
7592804161
8089128367
9074450842
7025265030
9895546163
9747202866
8848873037
9539074127
9288808458
8075691937
9895348260
7025648049
7994814436
8139028997
8086119386
8714142860
8943642838
9846279065
8547106298
9446876601
8590474308
8943939236
9074028946
9400827321
9895792266
9847392276
6238130153
8714345043
9074298231
7907140452
9447692311
7994772341
8547544999
9188541314
9539015155
8606862972
8302768401
9723637177
9846013845
9744206089
7306683947
9633125201
8129248692
8547309658
8281925140
9447962759
9400151306
9895163430
9526232793
6282640117
8281417440
8891303217
9526784380
9048000599
8907782839
9074046852

