7907186244
8547251714
8089318857
9400237015
9388085100
8547012612
9846252317
6282506566
7994958329
7902311820
9037900586
8089438212
9995940816
9605488113
7012958200
9656927612
8891178741
8590346993
9747291655
9497688175
9562732788
9995149065
8589092682
9846169139
9497787433
9188762290
6282129733
9447646449
9447329765
9747711349
9497167692
8754218735
6282279941
8075861995
9947364580
8139857316
7736154343
9446897674
9446868440
9447891527
971505453188
971509021837
8590242757
9497631878
9495637752
8129083199
9847853769
9847192434
9947609043
8590578895
8547070269
9995611168
9846022472
7034090168
9995822324
9207004788
9995577208
7893892687
9947679397
9995599528
9947954688
8547268421
9847136570
9447636142
8848366407
9946111607
9400712168
9048745474
9400973113
9496904246
9495551672
8248501345
9400642226
8943587142
8590285272
9539007475
9562994523
8447475868
9947927646
8891568074
9447463967
8078551758
6282381631
7907717128
9037448118
8891370466
9446518762
9567979882
8281884520
8136830170
8714266991
9846211123
8129420105
8075340026
8547975816
8289975214
9745731385
7558862436
9447739474
8075479119
8590794549
7736537379
917403615413
7907130926
7994572151
9037721240
9746954460
918848806670
9847381796
7592877014
9447085428
9747303708
9446938105
8848242556
9539880873
7510769901
+91 9747301618
9037434169
8921952800
8848214876

