9387330298
9061782398
7893892687
7560889777
9995577208
9847085545
8590578895
9497631878
9847853769
9446897674
9995599528
971582292599
9446868440
9497167692
9995611168
8129083199
9539494769
9188762290
8089737196
9495205550
9995149065
9447329765
9995940816
8590346993
7902687402
7012958200
8590968115
9448817930
8089438212
971505453188
8891178741
9048333196
9037900586
9497362790
7902311820
9061954173
7736877205
6282506566
9947609043
7994958329
99958 22324
00965-97630205
9739829720
9388085100
8075861995
9656927612
8547251714
9074581751
6382545616
9495157834
96895685354
971504213449
9946361581
8089630436
9497787433
9060857591
9544566633
9446605625
8078353119
8089654183
9544447981
8590511453
9747291655
8921639017
9846306661
9744497361
 85907 50043
9747497940
9605601434
9391679940
9447380812

