9048331563
7356499206
7293046027
8129147532
8714535257
9645956539
9847994142
8111892170
9496208803
919567110457
9495669595
8139834400
9656624990
9539501155
9495434752
9074612171
9746812588
8136848363
8086805097
8137854830
7306361223
9946563382
8592073690
9567995465
7902492503
9495216830
7736364033
7306633965
7034634649
7034881359
8075477157
8089966348
7560834943
7902263015
8086854561
9526483987
9645423989
8606876018
8330079839
7510702934
6238440287
9495669595
8606175303
8156996841
8137906571
9961228702
9995958592
6282822843
8078539188
8547927901
8111949575
8714514495
9526553940
9744112917
9645359392
9074130475
9061356076
7736568765
8089395699
7994317812
6282273149
9809441532
9207492282
8078204467
8590937461
8848213152
8157870990
994 662 2877
8592959250
8547254282
7012800713
9526224346
9495669595
7902556666
7306588196
7025637399
8089721407
919037345938
7306263905
7356423884
9567354486
9048428056
8921284165
8714454922
8606656980
9447055766
6238575169
9562569698
7907649186
8129434114
8078326002
7356926614
7736829104
9074281323
8547955523
8714716268
9605276827
6238151728
9605235758
8714365273
9072147060
9188249685
7025433717
9495669595
8281493663
8157032765
8075109544
9847346932
9497181247
9562523104
8590682360
8089310459
9961672133
9447201303
9037473931
7356863411
9539516436
9544484789
8848369138
8301917611
9037096477
7907915435
9446944196
9383411209
8075117065
7356618627
8547551667
8590423098
9744653064
78960181
7558935056
7736884794
9633265387
9526477296
9495669595
9995449000
7736447927
9446641044
8590784056
8590120093
9605682430
8301032401
9037383129
9605369983
9633354419
8547471816
9645065959
9995776540
9400321306
8590218003
8943034571
7561818761
9961871676
7510836233
9633067797
8547352852
9744905683
8593910591
9447541723
7909142470 , 9072713698
8089498323
9048552803
8590630917
8592812141
9961742677
9495669595
7012412278
6238449248
9778030701
8921086445
9495157798
8921883577
7736963346
9567820357
9605068028
9072079406
7306769346
7559007110
7902660892
9207190056
9497179064
7736800151
7994333442
9383440904
6238800558
9037204371
9847166165
8129401514
8547395026
9656791723
8078994886
6238522747
6238800731
9745561624
8921452721
9188567718
9495669595
7736799442
9947571947
7200336338
7025008292
9061221233
9745461970
8848266103
9656520168
7558081417
+91 6238384774
8078308058
8921490614
919061062290
8714023906
7025847870
7510782990
9745594830
8943178051
8157862245
8086277959
9947700595
7510604112
8592804161
9072919203
9497394339
7306649215
6238924025
9567806939
9847631603
7306349002
9495669595
7994265612
7994471915
9526211252
8129261354
9544751310
9446260432
6238929098
8113952447
7558848998
9567059312
7736854527
8157070084
7510176883
9037757893
8848073884
8891382063
8129826026
9497717712
6238768352
9995921193
7736653149
9074344273
9497789543
8590498543
8921880949
9496543147
9645649913
9947709655
9895383566
6282406951
9495669595
7592873520
9188240166
9961258095
8089751949
8593832928
7907914952
7907085400
9846396884
9048468156
7012862977
7736739540
9188033629
9946876255
9961175534
7012921647
7012761255
8086181978
9048966794
9645740819
7012525686
7907289932
9497834329
9526124092
9895475019
8590196339
919656746792
8921715294
9447403906
9495452992
9447678724
9495669595
8547226801
8921342741
8289933005
8136941389
9633955172
8590536093
7306208938
9746019256
7306204225
8921-120710
6383807391
9946170617
9567870269
6238343122
9746421075
9037402323
8590539522
7907753126
8848298051
9567272004
9539020465
8590323343
9746738484
9645136241
9778184857
8281003081
9496246198
9778038822
6282675691
8138901211
9495669595
9037799662
8921825966
9567070113
9745811752
9946100463
9778031307
7907226731
9495988438
9605412381
9496510960
9539739060
9995019700
9188406151
8281884495
8075180956
8891534042
9048679969
8848174385
7306430057
9961601250
9633225303
8129685054
8606531424
9188833743
9074457916
9497197876
7593013254
9037488978
9947728428
7994245436
9495669595
8129850270
7012959180
8590381775
9497208148
7907080678
7558875846
9847193086
96565940842
9544519440
7025738697
9447153807
6238469091
7593911565
7025316606
8281475919
9207660402
8281573482
7012574285
9633099181
7558062553
9567505379
7012352598
8075900479
9074416262
7736053319
9447000207
7994880563
7561844824
8547253127
8590572758
9495669595
9074462297
9847050747
9847857287
7306229706
9400802801
9746447541
8891198405
6282563919
8891884565
9400050203
9074116685
8848645621
9037363296
9656791816
8891457709
9961946505
8075866998
8075501850
9544257178
9446112033
8086029699
8089696746
7736214384
8075603090
7907148959
8921885130
9446552992
9605229683
9745118520
8304800315
9495669595
6235760459
9567738076
9048929114
8086032826
6282130907
7994058050
9207618115
9605650488
9605083547
9446420944
8304060347
8281095426
7736191409
9778742109
8281760464
8078092069
7736056803
9207832341
8590304391
8921091288
7025616263
8304069368
8891125731
9188439087
8714122932
9745116314
9995833419
9567808396
9567815961
9995191738
9495669595
7306919413
8089033773
6282016343
9778220423
7025977597
9747684763
9778440262
7907523244
8921193721
9847221389
6282672737
9400029759
9495506005
9496056981
7994252319
8137096922
9400792074
8078405662
9048837392
9947344968
9061035775
8281002979
8921293969
6238543430
7356566766
9496975275
7356408163
9633528753
8848934599
7558054816
9495669595
8943211453
8129082992
8714198005
9497557644
9846860002
8848544516
8281613380
9447794200
9446873219
8714848185
8075853634
7736659127
8714972293
6282261408
9446448837
9188661758
9207123227
9074280892
9497793555
8281094472
9778508031
7994411469
8590976230
9188368321
8590211729
9447186920
9446391556
9562863654
9072801114
9744613312
9495669595
8129719799
9447418595
8089902961
9495940838
8086486928
6282244773
9074938281
8156998220
9567587577
9074079935
8943180471
8907948388
7356893326
9400844380
9747105715
9895034564
8590932377
7736514431
7510112110
8590062692
9188017414
9207555578
9446031949
8590784776
9447848461
9447704007
8111829815
9072166470
8086180382
9048956099
9495669595
8304894943
8848776258
9895036264
7558991342
9188301994
9947354958
8714007789
9778159335
8113915953
9400012741
9645573257
8921954450
7909106431
9496459656
+91 9074434442
8075424602
9947570208
9544222614
9656860413
9895178943
6282320448
9995504314
7592910211
8547994163
8921559939
8547557937
8848584789
8089549255
6282536083
9946246241
9495669595
9496419808
9048888353
8590373670
7902547904
9495452466
8113804396
9496864801
9188132366
9895110079 , 9645778000
9605682184
9895109405
8129867217
9495915154
9447011629
9495128695
7994914520
9633723011
8590458788
7902927777
9497025398
9188257525
7025104024
7012136100
6282675341
6238658701
8281069254
6282380298
9526721455
9567249230
9952404668
9495669595
7902380658
9496024418
9947473658
8590205597
7012218535
8089421673
8590540866
9745663030
7306652529
9605603476
8089852599
9847021504
8891525081
9633114250
9496750194
8921598494
9384500638
7909135545
9495192714
8089063799
8289875642
9061485944
8289949027
7012574450
6282411513
8301047026
9778080322
9447358217
7736705987
8590317005
9495669595
9840225702
9778223791
9745037962
9778357291
9072300044
916382489458
6282682778
9745033657
8281205452
9656660037
9048103892
9495421734
8289854098
9747245374
8848080507
9645827924
8589020476
7907285439
9605087065
9048103892
+91 73062 14418
9656463018
9778208607
9747534860
8921597275
7736124710
9747425440
8590922563
9037267251
9746779897
9495669595
7510689451
7306238791
9072817373
7012424289
7902880862
8156872279
8590656797
8086999237
9400379545
8157844719
8289854811
9847098796
8547931039
8075446328
8089034035
7736564167
8547934084
8089437224
8590410057
8590072604
9544091948
9400211871
9633373587
8590715898
8075673914
9645275524
9447870118
9946217237
8281678564
8128797451
9495669595
9539573720
8943240541
6282150806
9074919903
7025480722
8590932744
8848019588
9995444139
6238473446
8590846074
9188722542
7736570944
9567770682
9562805805
9446464574
7034829304
9447439785
7012139695
8606696002
7736861961
7012058725
6282947531
9746037400
6282408614
9061077189
8589023286
9656667717
8281323205
9946160238
7025503236
9495669595
918891264734
9745269219
8139893542
9946513151
8590963933
6282264724
9995884761
8921528472
9895424939
9544821353
9074516493
9074170439
9744992827
9207326674
9447702701
8921045373
8590203483
9539777792
9447691213
9074095863
9946853996
8113930973
9946267444
8848154204
9846224542
8086987416
9562083413
6282567825
9656080361
9400533076
9495669595
8590921758
8086101250
8547080928
6282993965
9995247240
9995030213
9207621328
9745943715
9388760210
7907719741
9746599459
6282513638
7025987112
9447842930
9677107963
7994420830
8943405468
8590999783
9778264170
7994261705
9746428111
8921020913
6238488230
9072701294
918139050871
6235368703
8157022981
8848679414
7012504113
9400698645
9495669595
8089997594
9188218683
8848624893
9447077486
8086963633
9497273607
9446256793
7702161557
9573394835
9074191740
7356629719
9400406060
8330860039
8590965946
9544773798
8921547604
9605055415
7025674416
7025566502
9072072521
9447458326
7994209323
8891508081
6282482677
8129022893
9447704464
9544195985
97474 93030 
9074328674
8281748594
9495669595
9744530036
7994076873
8590663768
8714223099
6282786308
8075016955
9447419837
8943415911
8304056645
8078104131
9995763853
8075817989
8921371086
8078191622
9746221265
8129697053
8848375057
7510760429
9995158473
7012036136
8606098077
9745648692
9207698447
7510136695
9447763269
8281055117
9961658321
8590811963
7558891965
8078589064
9495669595
8891451017
9745148434
8289811439
9605278286
9567806663
8590282142
9847940312
7736775320
9778028682
9947945562
8848299276
9562416656
8943040656
8075499941`
8078827643
8136864557
7907023072
9744889670
8589815073
7559952070
7907929172
8921591312
9778205476
7558013347
9605236858
6282685145
7907191406
9847916293
7994296732
9400228052
9495669595
9995641168
9496890455
9778089033
8714003391
8304030362
9037020296
8086497666
8089556500
9207593297
9605255557
8590020162
8086282316
9496760330

9778145997
9400877107
8590451121
8086873510
9526321975
8138990692
9746172311
9645512370
9605729848
7012544340
6235034871
7356545018
7902286389
7994232358
7736341971
7510505128
9495669595
8086993897
7025188390
9447945302
7907403244
9562615126
7012719372
7025342031
9567075566
8330070845
8078332380
9447275778
8129181864
8593020861
9072182984
9539411833
7593071393
9207554235
8606624622
9656254784
8078132230
7994431545
8921868816
9567895472
9633890604
9946246977
9778154309
8590063031
9778180160
7907454756
7736949380
9495669595
9656097075
9544940025
8606922515
7306214410
8330847798
6238524613
8137964387
8137839952
7561882307
9846289552
8129415969
8590689256
9745723249
8921114349
9562948142
8593992264
8139857403
8921887668
8157947225
7034322317
8590544010
9633172624
9846478127
8714173997
7356596655
8078017710
9539046962
7356855793
8078856772
9778392231
9495669595
7994073152
7736382819
9074820675
9400451764
8137879035
8289919369
8590363069
7736451915
7592974293
9745275253
7736843713
7736237611
8606794309
7510930678
8139820627
9656386496
8281255654
8606425684
9496768655
8592832334
8606941244
9037000618
9747051001
9747659099
6282011259
7558045844
8606592087
8281044815
9961377795
7034217485
9495669595
9633939938
9961015566
8281921470
8606660873
9567996853
7034546947
9567612667
9526805195
8078569135
9747213392
7592889019
9496865849
9745182609
9074051179
7025239596
8547128441
9946772743
9074793184
8590866327
8590769663
8848669634
8086843269
7510892563
9567958969
7025940722
9633591213
7306490391
7907586363
7306231406
8590414618
9495669595
7736018936
7736228441
8157827160
8590905988
6282615940
8848952825
9778189469
9846532569
9847657729
8281878006
8848400913
7736970225
9961842321
8129610865
9605745322
8078485445
9526013290
7306593080
8129043774
9895443958
9072473220
7356667468
8848798379
7025768257
9446840470
8136823603
8592960248
9656369859
6238798042
7902790759
9495669595
9656654652
9567977637
8139082817
8086990142
9496169099
9567966770
9061143376
9778065529
9745965684
7736921172
9539903208
9895906674
8113077532
9645715481
9526691842
7907527171
7034901872
7736784396
9539789330
6282823310
9048024473
703451893
7025236540
7034686842
9539497110
8590192428
6238992191
7560817680
8547284144
6238452953
9495669595
8330057229
8086852645
7902289812
9188503408
9072360510
7012516191
9567777801
8075197426
9947259093
9207433643
9037898237
7591924139
8089771492
8156853620
8281392240
8848525704
9847596642
9037938382
8547116144
8848273428
6282164460
9544781377
8089158575
8590541126
8891560818
9383461509
9446452233
7510491762
9539890857
9656031122
9495669595
7592955267
9074509745
9544345421
9249289309
6238617992
9633847069
9746277023
7306274473
9188456328
8921608358
8547505327
9072170454
919544482546
9207576382
9895464869
9446757375
7012777568
7736126359
7025847883
7034156400
9074751962
9037012842
9188061566
7994347037
9447266909
9633662635
9645389837
7907826493
9447756938
8943116753
9495669595
8138831159
8086486269
9895117070
9656166274
8078777615
8589024792
8547095307
8891506619
7907375435
9846370130
9778527904
7907851394
6282995338
8590903656
7736842994
9895393214
9495503339
9061806073
9846818916
8592083336
7012214382
7902317544
8281707487
6282231503, 6238963174
8075063637
9947535847
9072608843
919846133889
8606790065
9497891225
9495669595
7560862702
9447465877
8129861779
8594054335
8281017397
8848993594
7909224315
9567042735
9846072720
8848127265
9895280790
9846923157
8714741189
8075145100
9846005267
9539542526
8086819545
8547512501
9188129114
9400622330
9495671228
9037873471
7736597948
9778539313
9446732130
9562840772
9381379663
9446893393
+91-9745725351
7303335456
9495669595
9995320027
9995275162
9946554447
9895706518
9567674063
9567486266
6238396023
96456323355
7594031714
8943738542
9497862068
9061723452
7025966962
9744949157
7012527891
6238555047
7902328530
8281152443
7025731162
8129084635
7356612940
9495852195
884897093
9074092903
7306325305
9605953969

