9495669595
8078022127
9495170100
8848303402
9037891411
9778365673
9497833390
9526562283
8547333563
9446552122
9495289851
7511123633
8304997990
7736731311
9388899570
9526723850
6238080499
7736041304
8714219845
9383402055
9746217329
7736708093
7306463874
8714307125
9447079100
9207940047
7736897228
7736731917
9188773213
8111915183
9188052529
9495669595
9447652225
6238374592
9895493065
9744678640,9447940498
9846193386
9446760121
7025612782
9633148637
8590464638
8129754366
8138818042
9847136294
8129310030
8848195337
9947870215
9645094788
8330098377
9188276606
7736899197
9349429271
8301078172
917306963869
8129986081
9995940410
9446289184,9778361556
9744699267
917510194363
9539121854
9526155364
6238072760
9495669595
9778325359
7306354441
9745232422
7559096246
8289831646
916282570834
9048690760
7902439953
9497582783
8078972186
7025400694
9074133205
9847605779
8921581287
9188636338
7559903707
7356492350
9999598006
6282595669
8590435121
7736236130
9074569208
9495273738
8086670993
9400526562
8714827226
7902684202
8281063353
9496433463
9544025872
9495669595
6282778713
9400780938
9446440521
917902510561
9644418899
919400706131
8547485476
8078431225
9447654325
7510558335
9539495570
9207140298
9188546404
8078269226
9995470381
8848834030
9526731223
6282994545
9567797761
8078715108
8826160344
6282350749
9778072521
8848480418
7012019573
9746715526
9074197737
7907543194
9496197695
7356892170
9495669595
8921670960
8078834632
8590425196
9717553707
9496716417
6282741180
7736585804
7025687034
8848061580
9544628774
9746004830
8138947998
7736855357
7736957664
6238563261
8943560126
9526685266
7994216771
9495095044
9496975800
9496245812
9544900633
9778345457
8592031276
9539676430
7902436803
9495776665
9947898354
7736906721
9633612377
9495669595
9188385810
6238943968
8921983984 , 9846127711
8943463523
8848301514
8301804775
9383483076
9544938018
8086219446
7034588185
8304991566
8281944796
9446038398
8089467078
9207927022
9895127983
9605894704
7012244583
7736506784
974307444
8304927209
9746619191
9778187911
8137997339
918606313725
6282851765
7736834013
9656525780
9447598271
7736707026
9495669595
8156953996
9567876271
917510551011
8075216707
8075586359
9037110591
7736782939
8848799891
9061240233
7558072703
8590556947
9539112744
8590417722
8547261169
8590023462
9539968801
9961806205
7306151772
8943982768
9188139276
8590725515
8943245747
9400286712
7994632947
7558894968
8281863369
8078707015
8113876728
7902422820
9497586517
9495669595
7558072577
8590540070
9526573519
9037597120
8078200152
7012425921
9778253258
919746082223
7902354990
7907376384
6282972338
917994191151
7736948330
7034645701
9188690043
9567793008
8111965791
8075236438
9745039743
9544056176
8281848101
9495966712
7736163052
9605999058
917907029121
9633159039
9037996562
9746272412
9567082434
9745680749
9495669595
9895279163
9446055122
9995469403
7736841035
9633078750
7510301965
8590681228
9745555993
8075041513
9744041254
8138053457
9745576915
9633194678
9567380263
7736751294
7994251559
7736012882
7736965615
7012302169
8129432672
9747856083
7902447768
9778295776
9447179202
8592887657
919447710705
9188503236
7902604119
9495250569
9003104910
9495669595
9074936758
7025670678
6238441289
9745143173
8848568960
9745244035
8606169508
7559966535
8921309556
7034920754
8590777946
7559898990
9958919549
9895308892
9400399252
9446587876
8714271442
7558042507
7592825294
9633496817
7559925450
8547142944
9348547655
9567763466
7561869577
7994799695
8304079066
9446869213
8590423121
9809771820
9495669595
7559093257
9400531084
9142303081
8590615613
8921830453
8089352280
8111930147
9747494515
9037456411
9539245541
9072105138
7356764317
6282928615
8590879048
9061957808
8089593960
9207932880
7561816409
918590849984
8281546903
7592022617
8891096375
918921165578
9995746114
8590947230
9446812122
9061790601
8281965419
9745470114
9383400181
9495669595
7736988740
9778425071
9645662177
7306297503
9544560616
7034981519
7012372620
9544144939
7736705864
8078284471
9074954090
9847509113
7994734175
9061433256
9497357176
9656401494
7356079901
7736550389
8590568445
9188318096
7306709730
9207145261
9447785989
9544733561
8848557149
6282343134
9562678564
9526844728
9539537406
8593942725
9495669595
8078256072
8848683870
7306762132
9188418382
7034488913
9207581968
9544015435
8891177620
9633582295
8281684882
9061321007
7736237106
8589805750
7025467044
9526500558
7994068703
8136817556
8593051984
8156818014
9778370917
917306594160
8606604356
9567488034
8089282491
9400185943
9946313714
9846526114
7736756375
8078962780
8281563089
9495669595
7012871327
9645547803
9526815228 , 9388816921,7025088320
9846160306
9446569881
8157985690
9446546561
8714819411
8921174254
8590910215
7736836647
8078006254
7012704664
7306453503
9656431293
9567086511
9745682853
9400152355
9747692487
9188042587
9567326343
7012630024
9072845659
919656917437
9539860739
8129907606
9072065760
917594017921
7907877767
9746183265
9495669595
9778217641
8330852213
7994892973
8590222752
9387302064
8921054441
8547518907
7034743617
6282022142
7558856586
918281094418
7736633120
9446439793
9061104922
9074726731
9526373725
9633120100
9037034717
9778202979
9526323975
9745860673
8590321385
8078444278
9746585739
8138031389
9495161903
9188302320
9746900726
6383670544
7356225817
9495669595
8547016416
9061192605
8078521230
8078102854
8086797282
8086396967
9746913890
9747185180
9446579926
9061369850
6235130324
9495744503
8848581952
8921060062
8606594411
9037568181
9061894049
9847796267
8156918527
9633914658
9400733261
9747978007
8075813741
7902545780
8304072839
8921267355
8281506282
9847316774
9497699624
9895308542
9495669595
7559889880
9447566452
8590713348
8606331974
8921694026
9497029288
9605312351
9946251047
9495314994
7902602292
9074683416
9400572428
7510299073
7736050112
7012964266
8891110763
9544263523
8714197745
6238516041
9778575252
7994658579
9633419921
6282225797
8089829472
7561824377
9745228000
8606006443
9995457978
9037181220
9495592707
9495669595
8606019310
9496633002
9778724058
9995955396
9496022691
8281086263
9747586060
7997199888
9605849457
7736304737
9072034046
8921408060
6238258169
704459355
9778012938
9746026869
8547656928
7907612097
8137884010
9656851324
9137050810
9400204491
7907979449
9946633475
8848316156
8113841197
9496432008
8139810436
8281108350
9048625492
9495669595
8078309195
9747055287
9400358309
9496686870
7907680204
9747136608
8301830372
7012839737
9895855032
9539132593
9895024495
9562400633
9188207760
9037226650
8590179942
8078463192
9778787048
9074244983
7592875798
6282231025
9656871098
9207637383
9744403981
9447146744
7907422575
9946303132
9895306866
9074097055
8281311675
7558802124
9495669595
8075949851
7994811051
6238240531
8281066920
7994417807
8078555316
9447828486
9446464906
7560902950
8304099198
9745300489
8156855137
8089104254
9037108844
9496188075
9895621714
8289969179
9778194175
9447773555
9400394348
8301904407
7594833156
7558877384
97466146284
7994044307
9656464204
6282536760
8547262630
8139029805
9746314005
9495669595
9207835235
9778168364
8921645917
8848392791
8590746088
7025801183
8289850268
9744462364
8547267745
9746797059
8281852327
9746259864
7736386159
8113043302
9846349331
9745754700
8921015541
9746873120
9633509281
7558879219
8078330573
8113063809
8089818743
8921805603
7907513285
9400677374
8086333470
9539783129
7025905680
6235863510
9495669595
9633702339
8289867644
7736354292
9188315097
9207411761
8714194131
9447945269
7907139606
8606909009
9188740537
9400426502
9847744856
8848897985
9496998888
9074810981
9656217761
9061038240
9526557966
8943119419
8075884601
7736508254
88482163112
9846090038
9995485966
8921291648
8078921893
8891104003
8137979356
9633259970
8590226846
9495669595
9446073998
8891566997
7356950642
8590506532
9946503147
8281235122
7356137634
9497317531
8891422410
8281192360
9746088175
9072074067
8139011415
9188855100
7995900319
7994532665
9891982183
7561805389
9947108028
8138970843
8089576527
7994838319
8281666248
8943628088
9778200617
8891960896
8281176765
7012011409
8089896242
7736619933
9495669595
8089600316
9778431137
9074670990
9496248774
9400913733
9400178015
8921052656
7360000999
8891444677
9946677257
9526039414
8592003724
6238676347
9895005763
8606070143
9446617170
6282534638
8943571909
8129120049
8590386752
8848452505
6238848922
9988826677
9847724106
6238732151
9400621165
9207769103/ 9895149489
8078261479
7356452426
9946889201
9495669595
8136847003
9072000622
7736728611
6282585917
7994115011
9544311976
9778402384
9778158376
7356688947
8129551564
9567365540
7034294973
9544059345
9188748415
9497356965
9961797252
9207930366
8281894203
9072174136
8891858201
8590872828
7592939510
7907693690
9207146756
8086880271
7025481189
8848041115
7994636624
8281388495
7907294774
9495669595
9497276744
9074842416
6238838200
7561042207
9207447789
9249776662
8075791921
9048755209
9188701806
9947531517
8590744366
6282784918
9048437790
9446939652
9544495100
8547345773
999587968
9207037344
9633653894
9605370924
9446629593
8086120804
9995334453
9870585254
8138959375
966507901339
8848656105
8606766978
9446387224
9447480510
9495669595
8891297553
7736287909
7994487220
8943338060
8304909105
8281648769
9048929280
9447019952
9495872991
8086041647
9544413854
7902954274
9447994266
8606453073
8078031269
7736991846
9745178896
9037275442
8301950578
9061537746
9539667679
7736314636
8078700315
8078253484
7907910626
8891701432
9747618975
9633891477
8593903723
8921178714
9495669595
6238870323
9562132967
8157815050
9995451472
8891449305
9567079959
9995613263
9995510863
9946589218
+91 8129286607
8589934399
8113840839
8891664224
99037390873
9947946377
9497657349
919778101140
9188046755
8590188582
8139058333
9495120939
8156964720
9645115397
8848311672
6282445700
8848289409
8589868426
8289873981
8848998179
9207078268
9495669595
8075330083
8281002949
8943523969
7558832240
9567992330
7025503759
9778335944
8547069294
8075667531
9846159041
6282346836
9496412056
8590320401
8281526777
8138091476
7736060813
9526088462
8078901248
8138084357
7736654983
8714442388
7356666844
8921764259
7510718336
8219866854
9567256446
9746397472
9072965359
8078533091
8590072354
9495669595
9645838542
9497443180
9495889374
7907122139
8075070493
9207734773
9645601650
773672149
9496173040
9846730098
9446657524
9061983797
9061034100
8075437404
6238408636
7736540862
7592026085
9446537070
7025950070
8289966507
8943693905
9567350607
9778740104
8921123767
8129598955
9447166260
9847028561
8281632410
6238713899
6282526122
9495669595
8078917650
9207900184
7994831676
9744241221
8590510329
8137877873
6235559333
9961968301
8921519404
9074013250
7994603278
8078864427
6354314556
6282949731
9495229800
9747937247
8129926644
9544392817
7558892268
9446719580
8075701842
7559047239
9207790422
8138072803
7994203921
8111911192
9745923058
8590891989
9446684070
7994880936
9495669595
9074138216
9633651460
8590731992
8590851430
8136995048
9072502855
9778257955
9539117855
8547785022
9061186975
9995510648
9526033716
904810582
9446938090
8157047443
8590584120
6235802002
919074793690
9188787659
9995120066
7012013446
7736513457
9544990502
9526589771
8075691009
9633651220
8921471780
9544983714
6238463157
8138868450
9495669595
7012905438
8137964044
9746118222
6235469038
8547973262
8943451832
9946055280
9400643256
8078323409
7907502969
9539024905
9048682260
7306670329
9495287352
9446597046
6238351768
8547507062
8590869514
7306114301
9656042003
7907429285
9061961072
8139854527
6282498465
9921914124
7736691384
8139051377
7034932048
7994404700
9074413217
9495669595
9961947799
7356664443
9995496510
9946258396
9496574505
9074034546
9207403039
8075603134
9847063178
9746493979
9746594379
9074461933
9074219807
9526237423
8138840589
9846954251
9961528801
9947508725
7559809439
9567612795
9446870715
8137930250
9400842384
9744971359
8943160659
7306495508
9037898282
8137837412
7012017120
9048659092
9495669595
9778326043
7907502118
8848035357
8592001607
8086268487
9744472710
9495211790
9567394713
6238013585
8943477234
9495247188
7736642441
7012679106
9656182315
7025989923
7306008757
8078775486
8137948502
9072968759
9539557558
735853991
7561880032
978173320
9446207316
6282455024
8590384773
7025345168
8129897819
7907379950
9349215012
9495669595
7012647033
9633143712
9400837177
7034932174
7994990237
9745119570
9746825425
7025605640
9778306382
9539028702
8590599659
7034471797
9061453386
7034989327
9400864612
8086714141
9207038551
9188811940
9497882491
6238984883
9605512888
9645472557
8289977511
7994419874
7306810265
9847720942
9656417720
7736220811
8138868261
9207773441
9495669595
9995378301
7591949698
9656713495
9961543713
9633778736
8157875339
7736677165
8590763195
8281350045
8714729268
7736466572
8089338368
9400968934
9037367448
9895644917
9207069669
8848589891
8590741557
9947439012
8590499317
9383489236
9074097607
9037453949
8330810126
7034583113
9496292791
9745270885
8086396251
9037174376
9656058190
9495669595
8714093645
7907104501
6238453065
7838476983
8590653004
7594082998
6239099428
8590250361
9495714974
8547917849
8078543114
8590636881
9656802427
9497674073
9446729432
6282485491
9946568880
7034460098
9847729381
8281939174
9188725853
9037312488

6235221806
9497261436
9446761818
9847748858
9847461698
9037477691
8129338992
9495669595
9447852899
8075965304
8113823382
7994243534
8083883621
8547367818
9037005968
9846686576
8078313514
7702538394
6282181842
9400049591
9633185899
8547785427
9539482556
7039070903
9495509181
9656500281
7902947290
7510958946
7558025229
9446297020
9633516378
8714426015
8547570665
7560989408
9446668627
7736947668
7356627462
9605369922
9495669595
8891333884
+91 8714540872
7902627484
7907067558
8089511611
9946522820
9020142015
9995926474
919995072376
9778434702
7736730240
87147804
7306949592
8157944911
7907339493
9446321888
8921473572
9400470772
6238568835
7594886853
7032206558
9633166764
8281266257
9633189098
7025371766
9633948710
7559923434
9387776827
6238846634
7736244607
9495669595
8139057205
6235189013
96899342799
6235932624
9496989734
9495824451
7994728837
8078142549
8714476531
8078353361
9567213681
7736265620
9778295561
8129944803
9847473624
9446954137
8330098446
9605061880
9188823153
9061440419
8086245188
8089893166
9946942962, 7593954698
7902667215
8590725305
7907534070
7356671559
9895624372
9072061397
7034797747
9495669595
9656980910
8111985749
8714724982
9847705005
8089459292
7510278750
9188863647
9061561961
9605748015
9496121376
9947673701
9495184841
9400721615
7902642172
9447225006
9747805364
8547848393
8281831165
9447331977
9995286465
9645202195
8848913491
8304959574
9447002799
9605332706
8848117003
9995791095
9400902319
9188560485
6238701108
9495669595
8590449717
9495249924
9656857255
7860026260
7356761247
8129075625
8547990715
9747625252
8848910075
7591914513
7715966405
7558058285
9778019619
8330830726
9526734149
8289987297
7034096265
8089163137
9037167957
8590167306
7907034592
9249935224
8330079593
9400956727
9400318241
6238362337
8714451920
7012038741
9526758503
8590865901
9495669595
9895682752
7356696619
9961986345
9778150812
9526010123
7034856677
8921174670
9037113097
7034564311
9745690621
9496396202
9074143605
8606809553
9348020553
9778072498
8590128183
7510920047
9947175741
9995264078
9645802801
8590974196
9847772027
9497896417
9048409362
8086370637
9656690149
9074870262
9744178411
7594015878
8136845935
9495669595
8590798729
9567833365
9562083660
8921777509
9072466377
8606577577
8547812539
7510531696
8075345893
9745170164
8714229867
8891232749
8921388151
9847720491
9061580336
7306916281
8281123361
7012205795
9496665917
7012038741
6282531109
8921159672
6282057837
7558979310
8075526275
7356455621
7356603559
9400207736
9544091705
8281990390
9495669595
7356252747
8848195467
73606783680
9446337802
9061122235
8129922093
7306694165
9745915762
9778481535
9188373072
9037561377
7510896115
7012063816
7907430161
9747966816
8606077381
8078533961
9847661039
8289904675
9495120864
9745689113
7356577803
9819622035
6235899728
8590986529
7034924855
9567927896
8138861666
8590627578
8592862887
9495669595
7736680013
8281604092
9567423277
9446231661
8547947935
8113014491
9961284688
9061622709
7994085369
8086738347
9037374881
8921336404
7306827602
9656467335
8075731930
9947223053
9074671020
9072860801
6282870080
8921403742
9072814120
9497209934
903717616
8921225393
7025035454
8943510618
9539798848
9496275451
9544285381
9544824956
9495669595
7025508529
7306115032
9447065270
9048405338
9544372190
9778387736
7510474996
9048408399
8590310150
9847176425
6238818450
8547411851
9745591222
9539459393
7994724219
9495811927
8089244137
8078732748
8606582596
9778030821
9207616521
7736790723
8606765069
7907134774
6282031984
8281015614
8848455353
9633078194
8138024778
9747689146
9495669595
8089836545
8848335760
9995188264
9400507446
9847302900
8590887906
8137021598
8075352810
9846009658
6282801423
8590403950
9562200756
8129369047
7593867774
8714423108
8714265743
9037316217
7012807516
9496479018
9544091230
7034928316
9037088754
8078030981
9037428855
9778138860
8089451867
9946782697
9544015750
9447854707
7025130541
9495669595
7736550263
9495920670
9383421767
7736778921
7356509979
9061257888
9567020682
9037149141
9745637850
9656132803,9947645515
9846788800
6282392819
7722011060
9447692884
8891197591
9400537343
9446169352
8590678089
7356387477
8848668821
7736223727
8281865523
7736993227
8086224840
7025509697
7510934095
9446727831
9048052789
9995185125
8593092279
9495669595
8921657727
6235155532
8943700978
8921134472
7736875307
7559012044
9072340221
9383447594
8281352064
8075954896
9249455000
9074030660
8078015214
8289984762
7909139021
8921321849
9207433169
9846966916
7012641960
9188539251
7356123882
8848943326
9074134504
9447616322
9496653081
9207138040
9497318333
6238967686
8304939799
7736549516
9495669595
8330834908
8921452557
9567470384
9495820366
9562189698
7559046167
8943058988
9995150376
9207295586
9496586631
8089647982
7034400796
7510613907
7561837894
6282245046
9072205749
9744853401
8129479101
8089500160
9061083379
9497796888
9895202665
8943555267
7907405344
8078732078
8075860066
916282672448
9061807947
8943729557
7994334253
9495669595
8139884673
9947175339
9072497693
9496756788
9846082660
8139893590
9747006951
8089805220
9778344043
8156956300
7025329554
9745006403
8943382256
9946641565,8590774527
7907387937
8590875274
8590650541
9360880122
8089970288
8086648992
9037686132
7034667695
919037129160
8943540153
8281880130
9746587601
9645262444
9539226122
8921655564
9497317026
9495669595
8714851705
6238945997
9778163922
9207398004
8547286106
7025323829
7012522570
7594993674
9074725870
9074886712
7356108052
9399558857
7994894919
7034920462
8590343062
6238381201
8547730028
7559973121
9074480460
917034801362
9061386169
9497681171
6238821343
9746642671
7902687034
9544860336
8281526343
8289862300
8078235989
7034286011
9495669595
8330084261
7594825468
8547058702
7012421301
9846116339
8075535599
8078072774
7736533098
9188168403
9400923395
7403050607
7902350448
9188562085
8281446226
8281173701
7510948782
7592032315
8590133869
9497266666
8590898043
9744259131
8075021914
8547537288
7902816996, 8714765996
7356182704
8921300353
9495430491
9633813128
8129506314
7994164338
9495669595
7356974390
9074481875
8138811861
7994985879
7902982383
8590321756
8590319575
8547377725
9633768223
7025810951
9400826834
9946713674
8592098653
9495252138
9995854250
8304085603
7306762052
6235813700
9447166808
8136824274
7012968897
9074847580
9072744536
8078427767
9847958818
9074347910
9895397181
7012701918
7994916056
7306165002
9495669595
918 815 5616
9778779148
7736588560
9526697376
916238619471
7025831705
7994035630
8111923192
8301852008
7907426302
9745001464
9207119789
8139871096
9847011921
7736097574
9496068474
9447686796
9074862116
8590301141
9544153889
7558072198
9495378336
9745489320
7561899660
9544716836
9633367021
8301969118
8547954538
8848010669
9544890815
9495669595
9446562469
7034311744
80753 24473
9207221034
9207031864
6282797163
7994960738
8943463968
8129138974
8891598792
9633252213
7907252037
7306577901
7907221034
8547483956
7736156875
8078020522
6238931419
9567202911
7306465167
9961729719
9947332767
7736745630
6238963864
9207451590
9400438515
9895831974
8086865314
919526187553
7994678932
9495669595
6282740118
8129220121
6282162113
9037242018
9744051052
7510669250
9562580327
9633130840
8593920708
9061581779
9188354797
6238136954
7593023821
9207479679
8590368959
7306614719
9656484810
8138957969
8606097625
7511155171
9048331563
7356499206
7293046027
8129147532
8714535257
9645956539
9847994142
8111892170
9496208803
919567110457
9495669595
8139834400
9656624990
9539501155
9495434752
9074612171
9746812588
8136848363
8086805097
8137854830
7306361223
9946563382
8592073690
9567995465
7902492503
9495216830
7736364033
7306633965
7034634649
7034881359
8075477157
8089966348
7560834943
7902263015
8086854561
9526483987
9645423989
8606876018
8330079839
7510702934
6238440287
9495669595
8606175303
8156996841
8137906571
9961228702
9995958592
6282822843
8078539188
8547927901
8111949575
8714514495
9526553940
9744112917
9645359392
9074130475
9061356076
7736568765
8089395699
7994317812
6282273149
9809441532
9207492282
8078204467
8590937461
8848213152
8157870990
994 662 2877
8592959250
8547254282
7012800713
9526224346
9495669595
7902556666
7306588196
7025637399
8089721407
919037345938
7306263905
7356423884
9567354486
9048428056
8921284165
8714454922
8606656980
9447055766
6238575169
9562569698
7907649186
8129434114
8078326002
7356926614
7736829104
9074281323
8547955523
8714716268
9605276827
6238151728
9605235758
8714365273
9072147060
9188249685
7025433717
9495669595
8281493663
8157032765
8075109544
9847346932
9497181247
9562523104
8590682360
8089310459
9961672133
9447201303
9037473931
7356863411
9539516436
9544484789
8848369138
8301917611
9037096477
7907915435
9446944196
9383411209
8075117065
7356618627
8547551667
8590423098
9744653064
78960181
7558935056
7736884794
9633265387
9526477296
9495669595
9995449000
7736447927
9446641044
8590784056
8590120093
9605682430
8301032401
9037383129
9605369983
9633354419
8547471816
9645065959
9995776540
9400321306
8590218003
8943034571
7561818761
9961871676
7510836233
9633067797
8547352852
9744905683
8593910591
9447541723
7909142470 , 9072713698
8089498323
9048552803
8590630917
8592812141
9961742677
9495669595
7012412278
6238449248
9778030701
8921086445
9495157798
8921883577
7736963346
9567820357
9605068028
9072079406
7306769346
7559007110
7902660892
9207190056
9497179064
7736800151
7994333442
9383440904
6238800558
9037204371
9847166165
8129401514
8547395026
9656791723
8078994886
6238522747
6238800731
9745561624
8921452721
9188567718
9495669595
7736799442
9947571947
7200336338
7025008292
9061221233
9745461970
8848266103
9656520168
7558081417
+91 6238384774
8078308058
8921490614
919061062290
8714023906
7025847870
7510782990
9745594830
8943178051
8157862245
8086277959
9947700595
7510604112
8592804161
9072919203
9497394339
7306649215
6238924025
9567806939
9847631603
7306349002
9495669595
7994265612
7994471915
9526211252
8129261354
9544751310
9446260432
6238929098
8113952447
7558848998
9567059312
7736854527
8157070084
7510176883
9037757893
8848073884
8891382063
8129826026
9497717712
6238768352
9995921193
7736653149
9074344273
9497789543
8590498543
8921880949
9496543147
9645649913
9947709655
9895383566
6282406951
9495669595
7592873520
9188240166
9961258095
8089751949
8593832928
7907914952
7907085400
9846396884
9048468156
7012862977
7736739540
9188033629
9946876255
9961175534
7012921647
7012761255
8086181978
9048966794
9645740819
7012525686
7907289932
9497834329
9526124092
9895475019
8590196339
919656746792
8921715294
9447403906
9495452992
9447678724
9495669595
8547226801
8921342741
8289933005
8136941389
9633955172
8590536093
7306208938
9746019256
7306204225
8921-120710
6383807391
9946170617
9567870269
6238343122
9746421075
9037402323
8590539522
7907753126
8848298051
9567272004
9539020465
8590323343
9746738484
9645136241
9778184857
8281003081
9496246198
9778038822
6282675691
8138901211
9495669595
9037799662
8921825966
9567070113
9745811752
9946100463
9778031307
7907226731
9495988438
9605412381
9496510960
9539739060
9995019700
9188406151
8281884495
8075180956
8891534042
9048679969
8848174385
7306430057
9961601250
9633225303
8129685054
8606531424
9188833743
9074457916
9497197876
7593013254
9037488978
9947728428
7994245436
9495669595
8129850270
7012959180
8590381775
9497208148
7907080678
7558875846
9847193086
96565940842
9544519440
7025738697
9447153807
6238469091
7593911565
7025316606
8281475919
9207660402
8281573482
7012574285
9633099181
7558062553
9567505379
7012352598
8075900479
9074416262
7736053319
9447000207
7994880563
7561844824
8547253127
8590572758
9495669595
9074462297
9847050747
9847857287
7306229706
9400802801
9746447541
8891198405
6282563919
8891884565
9400050203
9074116685
8848645621
9037363296
9656791816
8891457709
9961946505
8075866998
8075501850
9544257178
9446112033
8086029699
8089696746
7736214384
8075603090
7907148959
8921885130
9446552992
9605229683
9745118520
8304800315
9495669595
6235760459
9567738076
9048929114
8086032826
6282130907
7994058050
9207618115
9605650488
9605083547
9446420944
8304060347
8281095426
7736191409
9778742109
8281760464
8078092069
7736056803
9207832341
8590304391
8921091288
7025616263
8304069368
8891125731
9188439087
8714122932
9745116314
9995833419
9567808396
9567815961
9995191738
9495669595
7306919413
8089033773
6282016343
9778220423
7025977597
9747684763
9778440262
7907523244
8921193721
9847221389
6282672737
9400029759
9495506005
9496056981
7994252319
8137096922
9400792074
8078405662
9048837392
9947344968
9061035775
8281002979
8921293969
6238543430
7356566766
9496975275
7356408163
9633528753
8848934599
7558054816
9495669595
8943211453
8129082992
8714198005
9497557644
9846860002
8848544516
8281613380
9447794200
9446873219
8714848185
8075853634
7736659127
8714972293
6282261408
9446448837
9188661758
9207123227
9074280892
9497793555
8281094472
9778508031
7994411469
8590976230
9188368321
8590211729
9447186920
9446391556
9562863654
9072801114
9744613312
9495669595
8129719799
9447418595
8089902961
9495940838
8086486928
6282244773
9074938281
8156998220
9567587577
9074079935
8943180471
8907948388
7356893326
9400844380
9747105715
9895034564
8590932377
7736514431
7510112110
8590062692
9188017414
9207555578
9446031949
8590784776
9447848461
9447704007
8111829815
9072166470
8086180382
9048956099
9495669595
8304894943
8848776258
9895036264
7558991342
9188301994
9947354958
8714007789
9778159335
8113915953
9400012741
9645573257
8921954450
7909106431
9496459656
+91 9074434442
8075424602
9947570208
9544222614
9656860413
9895178943
6282320448
9995504314
7592910211
8547994163
8921559939
8547557937
8848584789
8089549255
6282536083
9946246241
9495669595
9496419808
9048888353
8590373670
7902547904
9495452466
8113804396
9496864801
9188132366
9895110079 , 9645778000
9605682184
9895109405
8129867217
9495915154
9447011629
9495128695
7994914520
9633723011
8590458788
7902927777
9497025398
9188257525
7025104024
7012136100
6282675341
6238658701
8281069254
6282380298
9526721455
9567249230
9952404668
9495669595
7902380658
9496024418
9947473658
8590205597
7012218535
8089421673
8590540866
9745663030
7306652529
9605603476
8089852599
9847021504
8891525081
9633114250
9496750194
8921598494
9384500638
7909135545
9495192714
8089063799
8289875642
9061485944
8289949027
7012574450
6282411513
8301047026
9778080322
9447358217
7736705987
8590317005
9495669595
9840225702
9778223791
9745037962
9778357291
9072300044
916382489458
6282682778
9745033657
8281205452
9656660037
9048103892
9495421734
8289854098
9747245374
8848080507
9645827924
8589020476
7907285439
9605087065
9048103892
+91 73062 14418
9656463018
9778208607
9747534860
8921597275
7736124710
9747425440
8590922563
9037267251
9746779897
9495669595
7510689451
7306238791
9072817373
7012424289
7902880862
8156872279
8590656797
8086999237
9400379545
8157844719
8289854811
9847098796
8547931039
8075446328
8089034035
7736564167
8547934084
8089437224
8590410057
8590072604
9544091948
9400211871
9633373587
8590715898
8075673914
9645275524
9447870118
9946217237
8281678564
8128797451
9495669595
9539573720
8943240541
6282150806
9074919903
7025480722
8590932744
8848019588
9995444139
6238473446
8590846074
9188722542
7736570944
9567770682
9562805805
9446464574
7034829304
9447439785
7012139695
8606696002
7736861961
7012058725
6282947531
9746037400
6282408614
9061077189
8589023286
9656667717
8281323205
9946160238
7025503236
9495669595
918891264734
9745269219
8139893542
9946513151
8590963933
6282264724
9995884761
8921528472
9895424939
9544821353
9074516493
9074170439
9744992827
9207326674
9447702701
8921045373
8590203483
9539777792
9447691213
9074095863
9946853996
8113930973
9946267444
8848154204
9846224542
8086987416
9562083413
6282567825
9656080361
9400533076
9495669595
8590921758
8086101250
8547080928
6282993965
9995247240
9995030213
9207621328
9745943715
9388760210
7907719741
9746599459
6282513638
7025987112
9447842930
9677107963
7994420830
8943405468
8590999783
9778264170
7994261705
9746428111
8921020913
6238488230
9072701294
918139050871
6235368703
8157022981
8848679414
7012504113
9400698645
9495669595
8089997594
9188218683
8848624893
9447077486
8086963633
9497273607
9446256793
7702161557
9573394835
9074191740
7356629719
9400406060
8330860039
8590965946
9544773798
8921547604
9605055415
7025674416
7025566502
9072072521
9447458326
7994209323
8891508081
6282482677
8129022893
9447704464
9544195985
97474 93030 
9074328674
8281748594
9495669595
9744530036
7994076873
8590663768
8714223099
6282786308
8075016955
9447419837
8943415911
8304056645
8078104131
9995763853
8075817989
8921371086
8078191622
9746221265
8129697053
8848375057
7510760429
9995158473
7012036136
8606098077
9745648692
9207698447
7510136695
9447763269
8281055117
9961658321
8590811963
7558891965
8078589064
9495669595
8891451017
9745148434
8289811439
9605278286
9567806663
8590282142
9847940312
7736775320
9778028682
9947945562
8848299276
9562416656
8943040656
8075499941`
8078827643
8136864557
7907023072
9744889670
8589815073
7559952070
7907929172
8921591312
9778205476
7558013347
9605236858
6282685145
7907191406
9847916293
7994296732
9400228052
9495669595
9995641168
9496890455
9778089033
8714003391
8304030362
9037020296
8086497666
8089556500
9207593297
9605255557
8590020162
8086282316
9496760330

9778145997
9400877107
8590451121
8086873510
9526321975
8138990692
9746172311
9645512370
9605729848
7012544340
6235034871
7356545018
7902286389
7994232358
7736341971
7510505128
9495669595
8086993897
7025188390
9447945302
7907403244
9562615126
7012719372
7025342031
9567075566
8330070845
8078332380
9447275778
8129181864
8593020861
9072182984
9539411833
7593071393
9207554235
8606624622
9656254784
8078132230
7994431545
8921868816
9567895472
9633890604
9946246977
9778154309
8590063031
9778180160
7907454756
7736949380
9495669595
9656097075
9544940025
8606922515
7306214410
8330847798
6238524613
8137964387
8137839952
7561882307
9846289552
8129415969
8590689256
9745723249
8921114349
9562948142
8593992264
8139857403
8921887668
8157947225
7034322317
8590544010
9633172624
9846478127
8714173997
7356596655
8078017710
9539046962
7356855793
8078856772
9778392231
9495669595
7994073152
7736382819
9074820675
9400451764
8137879035
8289919369
8590363069
7736451915
7592974293
9745275253
7736843713
7736237611
8606794309
7510930678
8139820627
9656386496
8281255654
8606425684
9496768655
8592832334
8606941244
9037000618
9747051001
9747659099
6282011259
7558045844
8606592087
8281044815
9961377795
7034217485
9495669595
9633939938
9961015566
8281921470
8606660873
9567996853
7034546947
9567612667
9526805195
8078569135
9747213392
7592889019
9496865849
9745182609
9074051179
7025239596
8547128441
9946772743
9074793184
8590866327
8590769663
8848669634
8086843269
7510892563
9567958969
7025940722
9633591213
7306490391
7907586363
7306231406
8590414618
9495669595
7736018936
7736228441
8157827160
8590905988
6282615940
8848952825
9778189469
9846532569
9847657729
8281878006
8848400913
7736970225
9961842321
8129610865
9605745322
8078485445
9526013290
7306593080
8129043774
9895443958
9072473220
7356667468
8848798379
7025768257
9446840470
8136823603
8592960248
9656369859
6238798042
7902790759
9495669595
9656654652
9567977637
8139082817
8086990142
9496169099
9567966770
9061143376
9778065529
9745965684
7736921172
9539903208
9895906674
8113077532
9645715481
9526691842
7907527171
7034901872
7736784396
9539789330
6282823310
9048024473
703451893
7025236540
7034686842
9539497110
8590192428
6238992191
7560817680
8547284144
6238452953
9495669595
8330057229
8086852645
7902289812
9188503408
9072360510
7012516191
9567777801
8075197426
9947259093
9207433643
9037898237
7591924139
8089771492
8156853620
8281392240
8848525704
9847596642
9037938382
8547116144
8848273428
6282164460
9544781377
8089158575
8590541126
8891560818
9383461509
9446452233
7510491762
9539890857
9656031122
9495669595
7592955267
9074509745
9544345421
9249289309
6238617992
9633847069
9746277023
7306274473
9188456328
8921608358
8547505327
9072170454
919544482546
9207576382
9895464869
9446757375
7012777568
7736126359
7025847883
7034156400
9074751962
9037012842
9188061566
7994347037
9447266909
9633662635
9645389837
7907826493
9447756938
8943116753
9495669595
8138831159
8086486269
9895117070
9656166274
8078777615
8589024792
8547095307
8891506619
7907375435
9846370130
9778527904
7907851394
6282995338
8590903656
7736842994
9895393214
9495503339
9061806073
9846818916
8592083336
7012214382
7902317544
8281707487
6282231503, 6238963174
8075063637
9947535847
9072608843
919846133889
8606790065
9497891225
9495669595
7560862702
9447465877
8129861779
8594054335
8281017397
8848993594
7909224315
9567042735
9846072720
8848127265
9895280790
9846923157
8714741189
8075145100
9846005267
9539542526
8086819545
8547512501
9188129114
9400622330
9495671228
9037873471
7736597948
9778539313
9446732130
9562840772
9381379663
9446893393
+91-9745725351
7303335456
9495669595
9995320027
9995275162
9946554447
9895706518
9567674063
9567486266
6238396023
96456323355
7594031714
8943738542
9497862068
9061723452
7025966962
9744949157
7012527891
6238555047
7902328530
8281152443
7025731162
8129084635
7356612940
9495852195
884897093
9074092903
7306325305
9605953969

