8590787733
9847014243
9037125347
9562827263
9656947498
8129118777
8113831412
7561848936
8547000351
7012114661
8547693284
8589862838
8078823617
7561839070
9846738131
9946361581
9048121365
9496702508
7902237250
8301906746
9562751749
9778191375
9188837638
8943321820
9901633256
9061670397
94473605657
9846253168
7306731455
8939923455
9995207064
949553934
8714587582
7902424588
9895807295
6235504845
8590572533
9400127398
8078082061
8547559917
9387040241
7511148488
9400428059
8590940675
9074688827
8281874154
8281679414
8590700440
9778303184
9447116588
9605819172
9995158090
9061960688
7593919473
8921266938
8593090306
8075284316
9539567379
9745792180
9447718177
8139808218
9656420993
9846556932
6238445045
9947608314
7025896791
7012426423
7561867740
9645540005
7012088519
9847646597
8078433400
9526559449
8129107661
9446372165
9995770018
6238789357
9810893538
8921262971
9947440781
8589024812
7736831768
9495662074
9544082940
7994504485
7994666092
9567447163
9947900249
9207033010
9037733903
8078588674
8137949864
8547810115
9072331383
8075781547
8281751917
7012748581
9745605737
9037545133
8138927803
9048830894
8075943671
8592920111
7907159714
8921266961
9037222746
9496215010
9495463548
7907818238
6235787719
7012062621
9446227860
9495080994
9447085428
8078472541
9605498274
9778145708
9544696140
7356826055
7012578303
9037528494
9946220927
9846796050
9847014243
9846256659
+91 9388596867
8113046423
8589803920 / 7594837736
9539795320
7561848936
8086142887
9605381855
9446746287
9446159653
9447915616
9562990455
9846133131
8921492079
9846701997
944 739 3621
9961237250
8301906746
9349659154
8547985058
9495726638
944720645
8891568562
9562007172
6282687905
9847475610
9846037086
8939923455
9810398819
9447506933
9947531517
9847355682
9447531716
9061091884
8376863707
9949902233
9495566061
9446502917
9387040241
9995509200
9447455631
9947169346
9495194717
9946660994
8848728005
8301039654
7012947874
7907338663
9605819172
9995158090
9847801945
8943587744
7025092411
9744225022
9037363299
9539567379
9447761260
9447718177
9895908218
9656420993
9846406932
9895135002
9947068314
9288703506
9947032227
9497458779
9349340005
9400872585
8848808163
9946648884
9447663063
9048741661
9446372928
9846006397
9747063679
9400325955
7034142145
9947440781
8289979010
9048079264
9961154599
9447591570
9495466892
9446116241
9562962820
9947920811
8075752811
9947464599
8606891739
9633500645
9020837028
9846216210
9496568324
9496201731
8075905816
9745605737
8943331333
919400303478
9446788401
8075943671
9846254019
9847362680
9526678001
9946090751
9446770277
8592961201
9605913300
9495235063
9387891665
8606869758
7045093898
9447085428
8943009163
9846586247
8075214044
8111981766
9446688684
8589009866
966506876360
9946220927

