8590787733
9847014243
9037125347
9562827263
9656947498
8113831412
7561848936
8547000351
8547693284
8589862838
8078823617
7561839070
9048121365
8301906746
9562751749
9778191375
9188837638
8943321820
94473605657
9846253168
8939923455
949553934
8714587582
7902424588
6235504845
8590572533
9400127398
8078082061
9387040241
9400428059
8281874154
8590700440
9778303184
9447116588
9605819172
7593919473
8921266938
8593090306
8075284316
9539567379
9745792180
9447718177
8139808218
9656420993
9846556932
6238445045
9947608314
7012426423
7561867740
9645540005
7012088519
9847646597
9526559449
8129107661
9446372165
9995770018
6238789357
9810893538
8921262971
9947440781
8589024812
7736831768
9544082940
7994504485
7994666092
9567447163
9947900249
9207033010
9037733903
8078588674
8137949864
8547810115
8075781547
8281751917
7012748581
9745605737
9037545133
8138927803
9048830894
8075943671
8592920111
8921266961
9037222746
9496215010
9495463548
7907818238
6235787719
7012062621
9446227860
9495080994
8078472541
9605498274
9778145708
9544696140
7356826055
7012578303
9037528494
9946220927

