9847311377
9495669595
9447784567
9495669595
9447784567
9447784567
9495669595
9447784567
9447784567
9495669595
9447784567
9495669595
9447784567
9495669595
9447784567
9495669595
9447784567
9495669595
9447784567
9495669595
9447784567
9495669595
9447784567
9495669595
9447784567
9495669595
9447784567
9495669595
9495669595
9447784567
9495669595
9447784567
9495669595
9447784567
9495669595
9447784567
9495669595
9447784567
9495669595
9447784567
9495669595
9447784567
9495669595
9447784567
9495669595
9447784567
9495669595
9495669595
9447784567
9495669595
9447784567
9495669595
9447784567
9495669595
9447784567
9495669595
9447784567
9495669595
9447784567
9495669595
9447784567
9495669595
9447784567
9495669595
9447784567
9495669595
9495669595
9447784567
9495669595
9447784567
9495669595
9447784567
9495669595
9447784567
9495669595
9447784567
9495669595
9447784567
9495669595
9447784567
9495669595
9447784567
9495669595
9447784567
9495669595
9495669595
9447784567
9495669595
9447784567
9495669595
9447784567
9495669595
9447784567
9495669595
9447784567
9495669595
9447784567
9495669595
9447784567
9495669595
9447784567
9495669595
9447784567
9495669595
9495669595
9447784567
9495669595
9447784567
9495669595
9447784567
9495669595
9447784567
9495669595
9447784567
9495669595
9447784567
9495669595
9447784567
9495669595
9447784567
9495669595
9447784567
9495669595
9447784567
9495669595
9447784567
9495669595
9447784567
9495669595
9447784567
9495669595
9447784567
9495669595
9447784567
9495669595
9447784567
9495669595
9447784567
9495669595
9447784567
9495669595
9447784567
9495669595
