9495669595
9495669595
9446494015
9895221220
9495503305
9446217955
9846002328
9895096355
9447601172
9446593941
9895556974
9947859711
9447654426
9567877077
9447435438
9400052086
9447185380
9847358365
9946146672
9847907939
9747834838
9446116663
9447988194
9895284567
9387179058
9447710518
9744850607
9447605168
9995955569
9895041535
9947772486
9447812012
9495669595
9446206868
8891919910
9995028301
9446927007
9048343117
9447062684
9400191676
9447186275
9446128216
9048817635
9497028979
7813058419
9495966440
9447265798
9447202855
9447447743
8848804292
9446289234
9995801824
9447755777
9495496685
9447768248
9447819262
9447206691
9744343463
9447292058
9495876124
9447459972
9495421281
9447579201
9495669595
9446260626
9495603806
9446013306
9847514766
9847273420
9447173805
9847212954
9446830396
9895140284
9446573013
9961629888
9847914356
9447370478
9961733650
9544344174
9846928515
9895463760
9388367967
9946211804
9446934469
9947281934
9447090977
9496884226
9447291030
9447032017
9995893261
9446571482
9447289129
9645560130
9947699879
9495669595
8547536985
9447721524
9495083520
9447527591
9388608028
9447604656
9495669595
8111937650
9544403007
9995940720
9446288781
9495273678
9447722714
9605954777
9769003219
9446967922
9447464672
9495256363
9495481127
9446181311
9846042922
9447739715
9495674376
9947987700
9747545299
9447869965
9895566927
9961991002
9446526463
9447749264
9061530572
9495669595
9446538118
9446041160
9447811878
9447739870
9495537009
9388892278
9447918381
9497073702
9961732211
9496475994
9847414698
9495636655
9446210054
9895820438
9447036033
9447122571
9895741666
8281162017
9447062174
9447599279
9847093729
9447455770
9446927024
9349170185
9447434847
9447465782
9995602843
9895377058
9495330271
8281569387
9495669595
9495315315
9446427484
9496577633
9446462815
9447662298
9495602156
9495492545
9446230340
9995477862
9495362180
9447976767
8943454137
9446371213
9447661680
9446517306
9895924643
9562780280
9961666263
9447158058
9495555155
9497025290
9447005977
9447958705
9447312822
9495447023
9446756959
9446135546
9447171411
9847921381
9495486939
9495669595
9778043479
9497277757
9446924810
9447404333
9447426792
9447566130
9947741472
9633890257
9961481172
8136850761
9847516092
9496177411
9846400252
9495669595
9961086213
9446541880
9446708747
9446006230
9895053490
9446723570
9447171619
9496603412
9495254237
9447359232
9447152906
9495070069
9447715453
9447319616
9961744931
9847076804
9946246330
9495669595
9920739407
9447398658
9446523270
9746923448
9444022549
9846408877
9446101656
9447972667
9847062879
9447146630
9447833867
9447174416
9480026966
9895456298
9995637539
9447960958
9846406564
9961380344
9495814040
9746468101
9188599046
9447663079
9961644783
9048443035
9446863585
9496449161
9447914627
9447981698
9447177049
9961481337
9495669595
9446538712
9847062264
9447961717
9388818360
9995508457
9447303051
9388228309
9747705407
9446287982
9446277307
9841706206
9446011680
9349011777
9895808320
9846333830
9447086833
8921335114
8848591403
9847955598
7025893868
9920704844
9447962123
9447893832
9447962433
9895781950
9446424271
9497228403
9447981697
9447364764
9605029140
9495669595
9746395464
9446355833
9447131071
9447428594
9447041948
9846066884
9995820201
9961456168
9895589369
9495621155
9847854971
9995777549
9447874985
9495577078
9446228259
9633693389
9846603229
9446128326
9446745665
9446555330
9495669595
9447704308
9886701001
9447519422
9886023648
9495791383
9447460518
9447784146
9497597676
9446870427
9895802889
9495669595
9961966399
9249400110
9446472876
9447985502
9496432385
9447529122
9388134087
9446201716
9446360441
9447478058
8943906393
9495503487
8547629181
9746260490
9846369241
9652346719
7559008283
9747637393
9400965660
9809604575
9947689878
9446535593
9447283369
9947177635
9560835511
9961323188
8547672586
9446717494
9633646619
8129628855
9495669595
9930009458
9447517670
6282672796
9447727564
6361749709
9447852679
9447816161
9447812576
9994709801
9895852423
9447875131
9446855773
9447948549
9961657465
8281385650
9447776593
9447782643
9810719339
8281021331
9562412395
9495640220
9400516197
9495054220
8838559962
9447915466
8879253446
9447163641
9447378991
9447346850
9846120566
9495669595
9495062832
9895380425
9447187615
9446448089
9449446005
9526633799
9895048891
9809020653
9895116011
9995069676
9446861682
60142704708
9495849226
9496141700
9746390952
9447793137
9387803304
9496862590
9846786580
9444080725
9847249077
9447186731
9446434050
9447263135
9388482039
9847362289
9442830404
9495669595
9495216362
8606244441
9446504801
9495669595
9446889737
9400506526
9562871710
9895656846
9895777563
9895117337
9961475326
9442076841
9895604388
9446128659
9847994498
8902782111
9447168885
9744399789
9495024951
9633531542
9633058399
9846902403
9048050158
9446442282
9447364831
9447482681
8281258793
9946586927
9961742916
9447220983
9746804139
8075566226
9447233678
9447420918
9495669595
8754475846
9447135156
9961807566
9446455154
9947324564
9846154555
8197235852
9446288130
9061057906
9747343474
8281602890
9447123835
9895605046
9947323734
9496550111
8113992537
9447500518
9447094530
9947876464
9946669833
9447762884
9843408100
9447232121
9496662739
9633235327
16307654201
9447735226
9447827909
8281283833
9847546427
9495669595
9496229960
9446331790
9496168283
9447356018
8903888966
9176287006
9447812046
9176253306
9447599972
8879330049
9446117305
8592982323
8943432035
9400261566
9447823203
9895867635
9947531531
9446127444
9846350555
9961713344
9447051798
9446206524
9447985472
9447168352
9446718619
9495791558
9447807471
9446205456
9400515479
9947299399
9495669595
9447120272
9446040625
9446579560
9495669595
9447031175
8075433850
9446832717
9387527610
9447981388
9847089675
9446041421
9995342408
9865796602
9645116544
9895326998
9567465963
9946665106
9353354389
9895223604
9986757800
9446169729
9846726986
9447484005
9846174674
9447459789
9447703848
9846793170
9946555214
9400333689
9995031785
9446345275
9495669595
9400110731
9400987562
9562508508
9495565455
9446206153
9930099540
9446952807
9446507906
9447582343
9447062382
9946744033
9446563240
9447312072
9446210714
9447607252
9946400399
8547548997
9447854533
9940093153
8086112544
9495547285
9446560530
9446172392
9447142357
9446561701
9560022697
9567568694
9446120376
9747976644
9445330015
9495669595
9847115062
9446086866
9008222992
9444402829
9746119399
9446055121
9562522106
9447087134
9447280990
9446643423
8075191925
9656959758
9447461887
9846580651
9605375870
9447150532
8606528053
9447474758
9846600104
9961444701
9400503922
9947449465
9745915734
9446128565
9446186580
9846385685
9495069715
9605067000
9895323828
9847340027
9495669595
9495189091
9446289000
9895286016
9387630345
9769099662
9446217465
9447578552
9633227860
9447792893
7034470278
9495669595
9447710237
9446287636
9895144061
9895281284
9495559167
7306880834
9747340966
7506037641
9961886133
9633287444
8589036868
9847765665
8589077615
9495326716
9447958910
9846441196
8078815453
9496403112
9446185001
8921181276
9495669595
9496577797
8281275506
9895769092
9947117503
9446605617
9995034417
9910876330
9943566258
9444073280
9947516954
9633124292
9645074489
9444339898
9840219251
8281327153
9497483992
9846336112
9446446288
9840971060
9895469602
9447213750
9446818547
9495020596
9961989709
9167940051
8281193495
9496118741
9447151611
9995990354
9847575722
9495669595
9497186908
9447333345
9833696550
9495212592
9895080896
9446546458
9745235036
9447157713
9446236351
9497080470
9496177901
7907506328
9447525271
9446718548
9947265229
9947142889
9447148065
9446766105
8281236282
9496108437
9496427029
9447987056
9633978044
9446251349
9447178426
9446232654
9495604970
9446402092
9446791943
9446045877
9495669595
9947300501
8156998652
9447568359
9567483481
9447567658
9846130315
9840962709
7738183435
9947292945
9745017985
9567403111
9745027911
9446334807
9446209495
9447704051
9744636597
9400431143
9495669595
9447110180
9446234923
9447987466
9400702600
9447256047
9916958444
9495129127
9496441136
9495114088
9447916444
8590248417
9495233144
9061033132
9495669595
9495086495
9447186165
9447054727
9495850258
9495315949
9495532997
9400050551
9447962420
9447679837
9447130489
9447129020
9249335929
9567900491
9747397136
9447327100
8891781741
9819438603
9447447502
9846096389
9946241945
9895864272
9449042904
9847414065
9895654429
9744758314
9447751126
8921704919
9895150450
9447330463
9746886305
9495669595
9847758008
9496121410
8220086111
8903472498
9995372332
9446465169
9446302767
9443542666
9633041927
9495472252
9495172044
9486245551
9748894650
9961168686
9447081756
9947591347
8891181137
9447404549
9446557499
8848880813
9496168171
9946404020
9895228181
9447248428
9867773998
9445375634
9447665937
9400766868
8547447614
8289969277
9495669595
9447828990
8089506438
9847072693
9446533299
9947047222
9496812585
9847042978
9656022100
9447357037
9605875566
9846103519
8281501603
6360076291
9847167937
9037722553
9446086452
7511193004
9841003469
9810081883
9446206985
9447940237
7902203401
9446102368
9747567511
9495669595
9092342177
9446105763
9847059015
9495690606
9994760212
9846128344
9495669595
9446206330
9995252073
8943523025
9446817280
9946445275
9446044041
9605004633
7025155106
9895394900
9895086176
9447375693
7278050837
9633538038
9446709252
8697365633
9446892008
7306251917
9447666719
7012083349
9447357332
8943179953
9633116152
9496126657
9447091803
9567223800
9847083415
9495504085
9447578251
9495713415
9481621962
9495669595
9961229846
9495675930
9446128117
9061541111
9447570564
9567426236
9446562845
9446564291
8589098890
8606338488
9946330588
9446165388
9495894694
9446323199
9995036872
9341030360
9961990855
9497277386
9447123610
9961349439
9488762467
7012704876
9833838498
9947352626
9895880895
7012227669
9447322278
9446209329
9446502885
9446870458
9495669595
9446517783
9447457548
9447050284
9446067511
9496208163
9446535602
9562736108
9446105556
7034627240
9496093630
9846066525
9495966568
9744555300
9446151600
9447925212
9495660232
9447943129
9495429596
7907777670
9446413399
9447826744
9895575704
9447741165
9447363714
9400191384
9061035566
9446525297
9946902625
9526142190
9847347390
9495669595
9495669595
9446325143
9846414488
9995981034
9447067775
9496301265
9847198705
9447045405
9447617933
9744618816
9947211966
9446128554
9446536352
9447418032
9447493319
9895697892
9633438900
9447141752
9539158077
9745565470
9447518797
9686075370
9446769333
9447458132
9447156060
9562578333
9995528298
9961253837
9995677634
9400965803
9880066646
9495669595
9605732148
8547204541
9038211705
9789389679
9447490299
9446012296
9946563998
9446128109
9496787221
9820293312
7907505771
9446515361
9495093440
9447349385
8089191089
9447474293
9769963796
9497458058
9567787371
9495244676
9744440484
9446357202
8281874982
9003204045
9980493694
9447454111
9447764566
8879294827
8281926676
9895392716
9495669595
9446544493
9447701508
9495603061
9446693652
9495574151
7034570153
9811831643
9895103631
9447744442
9446960645
9895046469
9895776578
9447407567
9343585257
9995047332
9605649091
9895169424
9567471100
9324780751
9349085850
9447327450
9846368900
9447806356
9480611376
9544010148
9739047736
9447394347
9526668121
9940669897
9767544777
9495669595
9961744721
8589930777
9446213436
9900146850
9940648554
9496177565
9600044506
9495669595
9895162194
9446571273
9871984200
9810806588
9495677481
9946908437
9048837735
9567292541
9447965529
9447478997
9446870460
9447809686
9847445776
9447046781
9995301480
7506939323
9746274743
9847757557
9446025132
9567901834
9388609187
9961241290
9496414627
9495669595
9446566119
9847763327
9744192348
9995617747
9895352628
9497185579
9446231898
9895453852
9946135123
9447569411
9744240208
7676332533
9847473649
9447893752
7406139962
8606488630
9447860686
9845597901
9846455777
9744256359
9446128214
9400261509
7899835739
8138905089
9446218241
9495750421
9444972602
8970584666
9789389773
9947252911
9495669595
9995749102
9544621234
9446488204
7558862347
8547784903
9447576068
8888388333
9745478998
9495604149
9447987560
8547701892
9446413884
9961210034
9447868503
9447154587
8547219621
9447960388
9746796306
9902546006
9446540603
9663460910
9847709241
9656868899
8137020478
9961312011
9656112018
9884474713
9544692293
9846903320
9843926746
9495669595
9447828083
9446119866
9952832980
9495442352
9496791720
9847088582
9447991154
9958544644
9447716456
9188187844
9836599385
9895155277
9167955474
9495571141
9495669595
9539003995
9447140470
9496457457
9447808188
8304966781
9497219764
9947440538
9400395085
9900122630
9497663286
9840791091
9544471922
9566257115
9447631804
9995473964
8337000666
9495669595
9846939671
9447080679
9447820705
9446149531
9946859014
9447893877
9961991148
8089755785
9447197257
9746549564
9447086462
9654159548
9656780172
8547510777
9847649450
9446002398
9995188910
9447258543
9447052813
8593888361
8547424552
9495442884
9447166480
9447755461
9940440263
9645559181
9846824890
7776903717
9404919359
9496325655
9495669595
9886553813
9895756671
9447580132
9995349107
9840851964
9447340311
9447736640
9995431329
9496077208
9446529125
9980010563
9020028533
9446867699
8547626707
9895473117
9544527241
7593072036
9495964180
9847517826
9495159676
9820196667
9496680097
9969491362
9400606506
7603968040
9400142546
9486251899
9495024744
9846622308
9544892687
9495669595
9447069676
9447214215
9497458676
9496967396
9846456778
9446932023
9447718040
9400235751
8547681366
9946445631
9842685302
9847530287
9901533232
8281222589
9961991192
9496178568
8848074368
9495429616
8281457679
9387873236
9400890632
9495669595
9544922152
9895885354
9744716400
9497200020
9447805535
9447159576
9846520349
9447455333
9495033512
9495669595
9972610249
8281814076
9446024613
9567264737
9447077865
8547634062
9497258920
9495042530
8086452055
9900417712
9446535599
9495548926
8891593677
8289947156
9747265686
8281806352
8075365739
9745758970
9847346750
9446544459
9496177381
9446113338
9961083838
8547477336
9633421888
9656935270
9847839333
9567268085
9446544644
9449634934
9495669595
9961992298
9446219761
9447937450
9496457657
9447239444
9496261605
9447913881
7012884235
9495919668
7022971492
9447529144
9495440963
9433101189
9964259751
7774821151
9051558397
9446623897
9447598484
9656588566
9447883647
9446197946
9446128443
9446062430
9447927875
8105635994
9495393905
9447050702
9961990171
9495603261
7907072801
9495669595
8281814458
9496862721
8089968057
9447586860
9446203455
9495169540
9567569206
9820454821
9446596403
9088041000
9400236369
9495838789
9496889457
9388893335
8281047876
9747027170
9447932564
9496225088
9495443662
9447181948
9747595209
9446115002
9447958430
9447274834
9995011093
9447101805
9847320336
9446305434
9495669595
9446428443
9447879746
9495669595
9447670545
9446330833
8113868899
8281874767
9744957252
9995922100
9480116307
9846454511
9446396441
9446611442
9447168887
9447605384
9526309202
9847171173
9910454635
9810308137
9747064250
9446841005
9447212993
9448038179
9446202623
8547418238
9539390956
9446276499
8547978917
9447359240
9446955060
6290519314
9995155377
8129550866
9495669595
9555152535
7012323366
9496862241
9446612359
9447796565
9500128097
9846908454
9946339911
9995639570
9447469811
7838006133
9446858798
9447908585
9674334438
9330123900
9746120220
9496828818
9846045932
9446401807
9645160190
9446468620
9446212315
9961894002
9895166544
9447977510
9349402115
9400489456
9447088106
9446292112
9847416600
9495669595
7708658828
9061912244
9846133130
9037772968
9447048633
9881749596
9446437289
9443192422
9435012298
9176368862
9495503447
9020593315
9944907781
9567768096
9445311427
9895344922
8592942626
9567293364
9447217813
8291886377
9880322377
9496281159
9496208563
8281867776
9447619710
8592979720
9497178657
9446515107
8281865793
9447543927
9495669595
9497587477
9895398864
9446757211
9567819383
9495669595
9497367675
9562329930
9645284505
9447351248
9446120565
7043037700
9447208165
8075578523
9847662125
8427292625
9995537879
9972331082
9496226227
9969457485
9446273884
9496109265
8075730646
9447042239
9869430424
9874195212
7736803799
9910096682
9497732948
9446539172
9495603322
8281812575
9495669595
9847238185
9496177383
9447558186
9745327660
8007497995
8217634033
9447845738
9446197656
8129797015
9746654266
9747877841
9433354224
9446128295
9496488475
9847850157
9447057171
9446463233
9495362411
9744856290
9495016065
9446177512
9446275312
9595537372
7506473959
9447381231
8547875700
9447596556
9447403990
9746733592
9167924876
9495669595
9495472048
9447916266
9446816684
8281261285
8547632995
8157944443
8547419788
9496108253
9447103479
9447741237
9947728992
9446836844
9911382082
7576012143
9818861867
7506015037
9895670335
9846062330
9995556383
9605094107
9747573257
9048192211
9447868518
8547252256
9633034768
8800548121
9447985387
9446409293
9447005281
9447575552
9495669595
9495518960
9496151904
9496233698
9847423328
9447455004
9400153814
9446897674
7042366833
9496987252
9496740530
9447663922
9495669595
9497312540
9447944210
7738400211
9497683341
9446382620
9447352666
9847288118
8547981968
9495613481
8758204764
8156085233
9539673248
9946488298
9495218611
9495675262
9447047247
9048611166
9495875339
9961160117
9495669595
8943996684
9400459590
9447769797
9446456054
9444110363
9446996280
9747593380
9847116428
9495704888
9995308255
9400458872
9947248466
9400548964
8089296660
9833568811
8547627623
9447888326
9349445550
9495452377
9656034808
9495801266
8281670624
7558983163
9497775184
9446079471
9446041955
9446434427
9847977723
7030360340
9562067503
9495669595
9495690825
9447440141
9820586780
9447558634
8281239491
9446120581
9446322356
9961992532
9447829218
9446459861
9495454285
9446635929
9847116210
9947133063
9846799435
8156828163
9446265992
9495359019
8138029014
9895378557
9447963779
8281145085
9497025409
9495429095
9446480567
9447508383
9447608845
9447565508
9447991524
9495674325
9495669595
7736275515
9544823717
9495643932
9895263301
8547370661
9444002011
9895449088
9446618366
9447853230
9447737171
9496213404
9447602433
9961991545
9946349145
8129072898
9447826909
8308360239
8547865945
9495669595
9744977192
9446277767
9920964566
9744000944
9496419833
9930796659
9446437294
9446074031
9447458757
9656841492
7045325497
9605329281
9495669595
9446434342
9447428924
9495560624
9495614016
9446431830
9446321148
9961491665
9497197987
9447400628
9446369976
9495045228
9495268996
9946702875
9846397138
9447032855
9446384522
9747531326
9446884675
9446522545
9447020671
8547879484
6282057232
8891916979
9899137889
9497823551
9446875677
9496417843
9447022456
9446086255
9447596653
9495669595
9998164654
9846110722
9497743430
9567049593
9876219673
9811142936
9747555868
9495673099
9880946676
8281589546
9444857576
8891115141
9497789402
8879290279
9847416546
8078745174
9447593653
9447188271
9746820414
8281815138
9847295336
9962013352
9495975153
9447576535
9447234485
9744104145
9643981477
7708538999
9446913220
9895394469
9495669595
9495257401
9446859018
9847119458
9447211288
8547148281
9895622044
9605002622
9447245878
7022120234
9645844449
9447162171
8281285604
8547698836
9847018283
9446243139
9846119826
9446458500
9446068985
9496858665
9447917728
8761900350
9447980110
8291202055
9644471444
9847954646
9495669595
9711190781
9446088118
9811430349
8617766918
9745364990
9495669595
9495315958
9895780962
8921988780
9846957586
9447811409
9847164863
9495019951
9443550508
9526362184
9562590105
9446239363
8086268324
9349916212
9447720817
8277063317
9447061487
9961467536
9656164999
9900842118
9400513463
9400049665
9446436052
9846162740
9746190871
9633712535
9847604706
9447434848
9446468401
9497106601
9408112136
9495669595
9947152056
9495747223
9744120425
8652738052
9446287141
9495395109
9447834034
9496270317
8606621100
8105294774
9447348565
9871913973
9446419091
7506056899
9446756241
9946091360
9567432774
9288149810
9048196429
9497193568
9446967249
9447973003
8089512620
9400930308
9567429282
9745182603
9447351843
9656965619
9656887509
9446338045
9495669595
9544635479
8606396386
9400404450
9446901219
8893972045
9400834469
9447946746
9544045566
9446089819
9446128178
9895081971
9446374126
9446166930
8281196967
9496123446
9746858111
9447377965
9446227511
9847431254
9497073197
9446031309
9884560792
9922496926
8281881099
9447209433
9833537584
9986819046
9847518005
9037000517
9526251237
9495669595
9447658687
9495669595
7034499000
7738394325
9443312606
7842355366
9562278222
9810711072
9495376308
9946464576
9447657430
8281296056
9952035122
9495603316
9446540303
9495921727
9447843390
9605337398
9497336077
7738109566
9496414941
9930928162
9819276764
9061046584
9946180819
9447563522
9970261662
9447343797
9495188440
9447978677
9446586557
9495669595
9746166628
9446468101
8089089015
9847702232
9447874936
8281134905
8547727357
9895226119
7907067480
9847504513
8056184383
9447551238
9496194409
9846614733
9847979779
9804330652
9846230550
8390334839
9447382924
7042125533
7738434116
9495612077
9497296912
9847271034
9446564640
9444051135
9847089493
9847555105
9447592787
9495669595
9847082195
9946492583
9447115929
9446150109
9747110830
9745604601
9633324730
9446509577
8086332257
8886572229
9961087768
9747546733
9946055109
9447401088
9947717348
9495254301
9446543619
9447859949
9447110542
9895560693
9946662608
9495395619
9539003680
9599699598
9495551672
9744221198
9900236579
9449161469
9449029683
9847710132
9495669595
9911196960
9446903393
9495995056
7025110220
9048906891
9495344555
8281667692
8547746485
9496782288
9495669595
9496121699
9946203347
9537572524
9447359101
9446342992
9447364209
9003272280
9947830328
9747970529
9809259479
9745433553
9497777205
9447694632
9446135358
9447033921
9496283587
9895136863
8156899461
9886746085
7558856580
9447501660
9495669595
9497734170
9920766313
8281809260
9540149097
9880757057
9769348198
9447104442
7506065789
9544710701
9495337010
9482831012
7900917540
9446015913
9847736778
9567764395
9895190568
9847932702
9446330332
9496081278
9447035398
9447570908
9167647382
9446350315
9447832235
9446637063
9446111542
8879337767
9819166682
9605002412
8606076201
9495669595
9446542717
9446584640
9446761818
9961653383
9400381867
9495859390
9899804518
8605255668
9830632212
9446009071
8129021009
9847864852
9446276044
7397343973
9895023371
9963397166
9495335879
9562656898
7559050407
9447794200
9744990799
9745143366
9497768013
9497787433
9446568425
9995676004
9447978913
9495209234
6238908093
9447993264
9495669595
8086737813
9447768388
9539601118
9388888940
9447884843
9847505852
9946486545
9400550238
8089503009
9447106509
9446334395
8156981950
8301049340
8137006168
9495108314
9895334089
9495669595
9995255767
9744029170
9605971777
7559008004
9645095228
9946353060
9895414826
9847124218
9946522289
9947104282
9447354639
9895447874
8281583458
9946671780
9495669595
9447797481
7561876502
9497182455
9895126265
9446313379
9656223194
6238691267
9847766224
9847992205
9544799899
9995436655
9840153403
9895762522
9539671222
9495219432
8606668610
9400621732
9744418879
9745492728
9349420333
9495060189
9567671643
9961197888
8291886477
9447685038
9846858049
9320277979
9745622421
9961331337
9947034591
9495669595
9633330181
9495080786
8593914960
9495814030
8281821638
9447732823
9946407891
8762801412
9447835399
9656765735
9947597577
9846416555
9895777890
9447741812
9847858162
9446203354
9526191801
9447530919
9526365825
9947465113
9447772640
8129444319
9895222006
8301051634
9895103702
9847574564
8281383316
9898106390
9495874642
8113069900
9495669595
9656285208
9971218227
9495212388
8879603883
9961760882
9961005908
9446354399
9895345945
9747530385
9446567895
9495347750
9947449662
9995164643
8378997058
9633115951
9846472243
8301024607
9847704367
9901904926
9769590942
9495765526
9745207702
9947194499
9495669595
9900632302
9645755999
9895302041
9947695411
7034402568
9946856330
9995715446
9495669595
9495636652
9447654232
9495594712
9447511009
8086662233
9495563332
8891795030
7463885520
7559903904
9846951172
9846775483
9946502900
9947892188
9895126295
9995058864
9446397246
9447206928
8547142360
9496411326
9846320724
9995294665
9447370940
9987427161
9656208789
7510530967
7411400086
8281346913
9495327732
9947070963
9846665594
9495669595
9961942828
9961490888
9995173814
9539002245
9496258007
9895787033
8078059134
9995497741
8281705938
9496322802
9947042055
9995598463
9846242273
9961043112
9447868376
9447124666
9387211183
9947524460
9895569394
7598347543
9946635128
9633840110
9605020209
9961750815
9895262912
9496465518
9496464694
9995344208
9567635534
9947262511
9495669595
9895869138
9048048692
7012832055
9846818124
9961344380
9846443377
9746995233
9552515031
7560881649
9920483555
9496326151
9037500151
9447309358
9995006976
9061820099
9645545191
8606508993
9447250300
9847363414
9995412096
9846653472
9946328924
9496328184
9645758951
8086108076
6282291008
8086735924
9633258457
9497362137
9946979868
9495669595
9495669595
9400729897
7736403899
9447512538
9895849643
9995855017
9496335767
9496335708
9400666689
9496360456
8113038889
9895736344
8156904423
9895874878
9037733887
9847488346
9846169139
9446984919
9446086608
9388652949
8943944376
8377960600
8547720840
9895950528
9497312730
9447745599
9496337757
8589031073
9895419713
9895886850
9746066168
9495669595
9496369660
9605118881
8281520465
9567240442
9847142414
9895524678
9745705009
9846770033
9447711748
9961541024
9496461934
9744605767
9567215418
8220344455
8301892438
7012859139
8893281759
9995102846
7356496002
9895005744
9400948486
9895686569
9539014656
9447854728
9496805481
9995220247
9847708030
9846465490
9400508170
9159779778
9495669595
9176390204
9995673130
9447618117
9566525443
9081548144
9960051934
9446905063
9567033097
9496461904
9995208261
9567317818
9895656671
9809293329
8893275735
9656162616
7012705964
9895064621
9744170608
9995201113
9961154438
9947160669
9400474023
9074467460
9080903822
9496081391
7025187393
9072318441
8086596911
9744870918
9446026881
9495669595
9746120250
9744620395
9995963615
9048221621
9847497615
9544143666
9495669595
9846712002
9497365940
9961312380
9496800731
8281391154
9746412810
9497277691
8089692154
9496932426
9645556870
9495240850
9633671399
9995259254
8137832872
9995345559
9400400306
8129643937
8075152672
9446883596
9400474622
9961722098
8086383377
8907524147
8592847999
9495669595
9656337863
9446795000
9496332241
9496094862
9400165261
9048235649
9744243470
8547628139
9495286624
9895177866
8593877747
8129988813
8129526996
9746797077
8592066389
8592010130
9633103434
9645346161
8086556222
9495938670
8281960839
9447813853
9995141163
8289878223
9048111381
9074527121
9847824795
9495896081
7760578360
7045385250
9495669595
7907608205
9072389193
8592889699
8129233476
9447061857
8714810256
8399983565
9895689388
9745629639
9562085148
9746294328
8111849633
8714441131
9446908564
8086278272
8943382058
9496079798
9560040440
8281031288
7012010365
9400538472
9447783842
9744277002
9895824094
9645257045
9497071414
9995371188
6238070519
9446026355
