9447784567
974514336
6238070519
6238691267
6238908093
6282057232
6282291008
6282672796
6290519314
6360076291
6361749709
7012010365
7012083349
7012227669
7012323366
7012704876
7012705964
7012832055
7012884235
7022120234
7022971492
7025110220
7025155106
7025187393
7025893868
7030360340
7034402568
7034470278
7034499000
7034570153
7034627240
9447784567
7042125533
7042366833
7043037700
7045325497
7045385250
7278050837
7306251917
7306880834
7356496002
7397343973
7406139962
7411400086
7463885520
7506015037
7506037641
7506056899
7506065789
7506473959
7506939323
7510530967
7511193004
7558856580
7558862347
7558983163
7559008004
7559008283
7559050407
7559903904
7560881649
7561876502
9447784567
7576012143
7593072036
7598347543
7603968040
7676332533
7708538999
7708658828
7736275515
7736403899
7736803799
7738109566
7738183435
7738394325
7738400211
7738434116
7760578360
7774821151
7776903717
7813058419
7838006133
7842355366
7899835739
7900917540
7902203401
7907067480
7907072801
7907505771
7907506328
7907608205
7907777670
9447784567
8007497995
8056184383
8075152672
8075191925
8075365739
8075433850
8075566226
8075578523
8075730646
8078059134
8078745174
8078815453
8086108076
8086112544
8086268324
8086278272
8086332257
8086383377
8086452055
8086556222
8086596911
8086662233
8086735924
8086737813
8089089015
8089191089
8089296660
8089503009
8089506438
8089512620
9447784567
8089613640
8089755785
8089968057
8105294774
8105635994
8111849633
8111937650
8113038889
8113069900
8113868899
8113992537
8129021009
8129072898
8129233476
8129444319
8129526996
8129550866
8129628855
8129643937
8129797015
8129988813
8136850761
8137006168
8137020478
8137832872
8138029014
8138905089
8156085233
8156828163
8156899461
9447784567
8156904423
8156981950
8156998652
8157944443
8197235852
8217634033
8220086111
8220344455
8277063317
8281021331
8281031288
8281047876
8281134905
8281145085
8281162017
8281193495
8281196967
8281222589
8281236282
8281239491
8281258793
8281261285
8281275506
8281283833
8281285604
8281296056
8281327153
8281346913
8281383316
8281385650
9447784567
8281391154
8281457679
8281501603
8281520465
8281569387
8281583458
8281589546
8281602890
8281667692
8281670624
8281705938
8281806352
8281809260
8281812575
8281814076
8281814458
8281815138
8281821638
8281865793
8281867776
8281874767
8281874982
8281881099
8281926676
8281960839
8289878223
8289947156
8289969277
8291202055
8291886377
9447784567
8291886477
8301024607
8301049340
8301051634
8301892438
8304966781
8308360239
8337000666
8377960600
8378997058
8390334839
8399983565
8427292625
8547142360
8547148281
8547204541
8547219621
8547252256
8547370661
8547418238
8547419788
8547424552
8547447614
8547477336
8547510777
8547536985
8547548997
8547626707
8547627623
8547628139
9447784567
8547629181
8547632995
8547634062
8547672586
8547681366
8547698836
8547701892
8547720840
8547727357
8547746485
8547784903
8547865945
8547875700
8547879484
8547978917
8547981968
8589031073
8589036868
8589077615
8589098890
8589930777
8590248417
8592010130
8592066389
8592847999
8592889699
8592942626
8592979720
8592982323
8593877747
9447784567
8593888361
8605255668
8606076201
8606244441
8606338488
8606396386
8606488630
8606508993
8606528053
8606621100
8606668610
8617766918
8652738052
8697365633
8714441131
8714810256
8754475846
8758204764
8761900350
8762801412
8800548121
8838559962
8848074368
8848591403
8848804292
8848880813
8879253446
8879290279
8879294827
8879330049
9447784567
8879337767
8879603883
8886572229
8888388333
8891115141
8891181137
8891593677
8891781741
8891795030
8891916979
8891919910
8893275735
8893281759
8893972045
8902782111
8903472498
8903888966
8907524147
8921181276
8921335114
8921704919
8921988780
8943179953
8943382058
8943432035
8943454137
8943523025
8943906393
8943944376
8943996684
9447784567
8970584666
9003204045
9003272280
9008222992
9020028533
9020593315
9037000517
9037500151
9037722553
9037733887
9037772968
9038211705
9048048692
9048050158
9048111381
9048192211
9048196429
9048221621
9048235649
9048343117
9048443035
9048611166
9048817635
9048837735
9048906891
9051558397
9061033132
9061035566
9061046584
9061057906
9447784567
9061530572
9061541111
9061820099
9061912244
9072318441
9072389193
9074467460
9074527121
9080903822
9081548144
9088041000
9092342177
9159779778
9167647382
9167924876
9167940051
9167955474
9176253306
9176287006
9176368862
9176390204
9188187844
9188599046
9249335929
9249400110
9288149810
9320277979
9324780751
9330123900
9341030360
9447784567
9343585257
9349011777
9349085850
9349170185
9349402115
9349420333
9349445550
9349916212
9353354389
9387179058
9387211183
9387527610
9387630345
9387803304
9387873236
9388134087
9388228309
9388367967
9388482039
9388608028
9388609187
9388652949
9388818360
9388888940
9388892278
9388893335
9400049665
9400050551
9400052086
9400110731
9447784567
9400142546
9400153814
9400165261
9400191384
9400191676
9400235751
9400236369
9400261509
9400261566
9400333689
9400381867
9400395085
9400400306
9400404450
9400431143
9400458872
9400459590
9400474023
9400474622
9400489456
9400503922
9400506526
9400508170
9400513463
9400515479
9400516197
9400538472
9400548964
9400550238
9400606506
9447784567
9400621732
9400666689
9400702600
9400729897
9400766868
9400834469
9400890632
9400930308
9400948486
9400965660
9400965803
9400987562
9404919359
9408112136
9433101189
9433354224
9435012298
9442076841
9442830404
9443192422
9443312606
9443542666
9443550508
9444002011
9444022549
9444051135
9444073280
9444080725
9444110363
9444339898
9447784567
9444402829
9444857576
9444972602
9445311427
9445330015
9445375634
9446002398
9446006230
9446009071
9446011680
9446012296
9446013306
9446015913
9446024613
9446025132
9446026355
9446031309
9446040625
9446041160
9446041421
9446041955
9446044041
9446045877
9446055121
9446062430
9446067511
9446068985
9446074031
9446079471
9446086255
9447784567
9446086452
9446086608
9446086866
9446088118
9446089819
9446101656
9446102368
9446105556
9446105763
9446111542
9446113338
9446115002
9446116663
9446117305
9446119866
9446120376
9446120565
9446120581
9446127444
9446128109
9446128117
9446128178
9446128214
9446128216
9446128295
9446128326
9446128443
9446128554
9446128565
9446128659
9447784567
9446135358
9446135546
9446149531
9446150109
9446151600
9446165388
9446166930
9446169729
9446172392
9446177512
9446181311
9446185001
9446186580
9446197656
9446197946
9446201716
9446202623
9446203354
9446203455
9446205456
9446206153
9446206330
9446206524
9446206868
9446206985
9446209329
9446209495
9446210054
9446210714
9446212315
9447784567
9446213436
9446217465
9446217955
9446218241
9446219761
9446227511
9446228259
9446230340
9446231898
9446232654
9446234923
9446236351
9446239363
9446243139
9446251349
9446260626
9446265992
9446273884
9446275312
9446276044
9446276499
9446277307
9446277767
9446287141
9446287636
9446287982
9446288130
9446288781
9446289000
9446289234
9447784567
9446292112
9446302767
9446305434
9446313379
9446321148
9446322356
9446323199
9446325143
9446330332
9446330833
9446331790
9446334395
9446334807
9446338045
9446342992
9446345275
9446350315
9446354399
9446355833
9446357202
9446360441
9446369976
9446371213
9446374126
9446382620
9446384522
9446396441
9446397246
9446401807
9446402092
9447784567
9446409293
9446413399
9446413884
9446419091
9446424271
9446427484
9446428443
9446431830
9446434050
9446434342
9446434427
9446436052
9446437289
9446437294
9446442282
9446446288
9446448089
9446455154
9446456054
9446458500
9446459861
9446462815
9446463233
9446465169
9446468101
9446468401
9446468620
9446472876
9446480567
9446488204
9447784567
9446494015
9446502885
9446504801
9446507906
9446509577
9446515107
9446515361
9446517306
9446517783
9446522545
9446523270
9446525297
9446526463
9446529125
9446533299
9446535593
9446535599
9446535602
9446536352
9446538118
9446538712
9446539172
9446540303
9446540603
9446541880
9446542717
9446543619
9446544459
9446544493
9446544644
9447784567
9446546458
9446555330
9446557499
9446560530
9446561701
9446562845
9446563240
9446564291
9446564640
9446566119
9446567895
9446568425
9446571273
9446571482
9446573013
9446579560
9446584640
9446586557
9446593941
9446596403
9446605617
9446611442
9446612359
9446618366
9446623897
9446635929
9446637063
9446643423
9446693652
9446708747
9447784567
9446709252
9446717494
9446718548
9446718619
9446723570
9446745665
9446756241
9446756959
9446757211
9446761818
9446766105
9446769333
9446791943
9446795000
9446816684
9446817280
9446818547
9446830396
9446832717
9446836844
9446841005
9446855773
9446858798
9446859018
9446861682
9446863585
9446867699
9446870427
9446870458
9446870460
9447784567
9446875677
9446883596
9446884675
9446889737
9446892008
9446897674
9446901219
9446903393
9446905063
9446908564
9446913220
9446924810
9446927007
9446927024
9446932023
9446934469
9446952807
9446955060
9446960645
9446967249
9446967922
9446984919
9446996280
9447005281
9447005977
9447020671
9447022456
9447023035
9447031175
9447032017
9447784567
9447032855
9447033921
9447035398
9447036033
9447041948
9447042239
9447045405
9447046781
9447047247
9447048633
9447050284
9447050702
9447051798
9447052813
9447054727
9447057171
9447061487
9447061857
9447062174
9447062382
9447062684
9447067775
9447069676
9447077865
9447080679
9447081756
9447086462
9447086833
9447087134
9447088106
9447784567
9447090977
9447091803
9447094530
9447101805
9447103479
9447104442
9447106509
9447110180
9447110542
9447115929
9447120272
9447122571
9447123610
9447123835
9447124666
9447129020
9447130489
9447131071
9447135156
9447140470
9447141752
9447142357
9447142357
9447146630
9447148065
9447150532
9447151611
9447152906
9447154587
9447156060
9447784567
9447157713
9447158058
9447159576
9447162171
9447162171
9447163641
9447166480
9447168352
9447168885
9447168885
9447168887
9447171411
9447171619
9447173805
9447174416
9447177049
9447178426
9447181948
9447185380
9447186165
9447186275
9447186731
9447187615
9447188271
9447197257
9447202855
9447206691
9447206928
9447208165
9447209433
9447784567
9447211288
9447212993
9447213750
9447214215
9447217813
9447220983
9447232121
9447233678
9447234485
9447239444
9447245878
9447248428
9447250300
9447256047
9447258543
9447263135
9447265798
9447274834
9447280990
9447283369
9447289129
9447291030
9447292058
9447303051
9447309358
9447312072
9447312822
9447319616
9447322278
9447327100
9447784567
9447327450
9447330463
9447333345
9447340311
9447343797
9447346850
9447348565
9447349385
9447351248
9447351843
9447352666
9447354639
9447356018
9447357037
9447357332
9447359101
9447359232
9447359240
9447363714
9447364209
9447364764
9447364831
9447370478
9447370940
9447375693
9447377965
9447378991
9447381231
9447382924
9447394347
9447784567
9447398658
9447400628
9447401088
9447403990
9447404333
9447404549
9447407567
9447418032
9447420918
9447426792
9447428594
9447428924
9447434847
9447434848
9447435438
9447440141
9447447502
9447447743
9447447743
9447454111
9447455004
9447455333
9447455770
9447457548
9447458132
9447458757
9447459789
9447459972
9447460518
9447461887
9447784567
9447464672
9447465782
9447469811
9447474293
9447474758
9447478058
9447478997
9447482681
9447484005
9447490299
9447493319
9447500518
9447501660
9447508383
9447511009
9447512538
9447517670
9447518797
9447519422
9447525271
9447527591
9447529122
9447529144
9447530919
9447543927
9447551238
9447558186
9447558634
9447563522
9447565508
9447784567
9447566130
9447567658
9447568359
9447569411
9447570564
9447570908
9447575552
9447576068
9447576535
9447578251
9447578552
9447579201
9447580132
9447582343
9447586860
9447592787
9447593653
9447596556
9447596653
9447598484
9447599279
9447599972
9447601172
9447602433
9447604656
9447605168
9447605384
9447607252
9447608845
9447617933
9447784567
9447618117
9447619710
9447631804
9447654232
9447654426
9447657430
9447658687
9447661680
9447662298
9447663079
9447663922
9447665937
9447666719
9447670545
9447679837
9447685038
9447694632
9447701508
9447703848
9447704051
9447704308
9447710237
9447710518
9447711748
9447715453
9447716456
9447718040
9447720817
9447721524
9447722714
9447784567
9447727564
9447732823
9447735226
9447736640
9447737171
9447739715
9447739870
9447741165
9447741237
9447741812
9447744442
9447745599
9447749264
9447751126
9447755461
9447755777
9447762884
9447764566
9447768248
9447768388
9447769797
9447772640
9447776593
9447782643
9447783842
9447784146
9447792893
9447793137
9447794200
9447796565
9447784567
9447797481
9447805535
9447806356
9447807471
9447808188
9447809686
9447811409
9447811878
9447812012
9447812046
9447812576
9447813853
9447816161
9447819262
9447820705
9447823203
9447826744
9447826909
9447827909
9447828083
9447828990
9447829218
9447832235
9447833867
9447834034
9447835399
9447843390
9447845738
9447852679
9447853230
9447784567
9447854533
9447854728
9447859949
9447860686
9447868376
9447868503
9447868518
9447869965
9447874936
9447874985
9447875131
9447879746
9447883647
9447884843
9447888326
9447893752
9447893752
9447893832
9447893877
9447908585
9447913881
9447914627
9447915466
9447916266
9447916444
9447917728
9447918381
9447925212
9447927875
9447932564
9447784567
9447937450
9447940237
9447943129
9447944210
9447946746
9447948549
9447958430
9447958705
9447958910
9447960388
9447960958
9447961717
9447962123
9447962420
9447962433
9447963779
9447965529
9447972667
9447973003
9447976767
9447977510
9447978677
9447978913
9447980110
9447981388
9447981697
9447981698
9447985387
9447985472
9447985502
9447784567
9447987056
9447987466
9447987560
9447988194
9447991154
9447991524
9447993264
9448038179
9449029683
9449042904
9449161469
9449446005
9449634934
9480026966
9480116307
9480611376
9481621962
9482831012
9486245551
9486251899
9488762467
9495016065
9495019951
9495020596
9495024744
9495024951
9495033512
9495042530
9495045228
9495054220
9447784567
9495060189
9495062832
9495069715
9495070069
9495080786
9495083520
9495086495
9495093440
9495108314
9495114088
9495129127
9495159676
9495169540
9495172044
9495188440
9495189091
9495209234
9495212388
9495212592
9495216362
9495218611
9495219432
9495233144
9495240850
9495244676
9495254237
9495254301
9495256363
9495257401
9495268996
9447784567
9495273678
9495286624
9495315315
9495315949
9495315958
9495326716
9495327732
9495330271
9495335879
9495337010
9495344555
9495347750
9495359019
9495362180
9495362411
9495376308
9495393905
9495395109
9495395619
9495421281
9495429095
9495429596
9495429616
9495440963
9495442352
9495442884
9495443662
9495447023
9495452377
9495454285
9447784567
9495472048
9495472252
9495481127
9495486939
9495492545
9495496685
9495503305
9495503447
9495503487
9495504085
9495518960
9495532997
9495537009
9495547285
9495548926
9495551672
9495555155
9495559167
9495560624
9495563332
9495565455
9495571141
9495574151
9495577078
9495594712
9495602156
9495603061
9495603261
9495603316
9495603322
9447784567
9495603806
9495604149
9495604970
9495612077
9495613481
9495614016
9495621155
9495636652
9495636655
9495640220
9495643932
9495660232
9495673099
9495674325
9495674376
9495675262
9495675930
9495677481
9495690606
9495690825
9495704888
9495713415
9495747223
9495750421
9495765526
9495791383
9495791558
9495801266
9495814030
9495814040
9447784567
9495838789
9495849226
9495850258
9495859390
9495874642
9495875339
9495876124
9495894694
9495896081
9495919668
9495921727
9495938670
9495964180
9495966440
9495966568
9495975153
9495995056
9496077208
9496079798
9496081278
9496081391
9496093630
9496094862
9496108253
9496108437
9496109265
9496118741
9496121410
9496121699
9496123446
9447784567
9496126657
9496141700
9496151904
9496168171
9496168283
9496177381
9496177383
9496177411
9496177565
9496177901
9496178568
9496194409
9496208163
9496208563
9496213404
9496225088
9496226227
9496229960
9496233698
9496258007
9496261605
9496270317
9496281159
9496283587
9496301265
9496322802
9496325655
9496326151
9496328184
9496332241
9447784567
9496335708
9496335767
9496337757
9496360456
9496369660
9496403112
9496411326
9496414627
9496414941
9496417843
9496419833
9496427029
9496432385
9496441136
9496449161
9496457457
9496457657
9496461904
9496461934
9496464694
9496465518
9496475994
9496488475
9496550111
9496577633
9496577797
9496603412
9496662739
9496680097
9496740530
9447784567
9496782288
9496787221
9496791720
9496800731
9496805481
9496812585
9496828818
9496858665
9496862241
9496862590
9496862721
9496884226
9496889457
9496932426
9496967396
9496987252
9497025290
9497025409
9497028979
9497071414
9497073197
9497073702
9497080470
9497106601
9497178657
9497182455
9497185579
9497186908
9497193568
9497197987
9447784567
9497200020
9497219764
9497228403
9497258920
9497277386
9497277691
9497277757
9497296912
9497312540
9497312730
9497336077
9497362137
9497365940
9497367675
9497458058
9497458676
9497483992
9497587477
9497597676
9497663286
9497683341
9497732948
9497734170
9497743430
9497768013
9497775184
9497777205
9497787433
9497789402
9497823551
9447784567
9500128097
9526142190
9526191801
9526251237
9526309202
9526362184
9526365825
9526633799
9526668121
9537572524
9539002245
9539003680
9539003995
9539014656
9539158077
9539390956
9539601118
9539671222
9539673248
9540149097
9544010148
9544045566
9544143666
9544344174
9544403007
9544471922
9544527241
9544621234
9544635479
9544692293
9447784567
9544710701
9544799899
9544823717
9544892687
9544922152
9552515031
9555152535
9560022697
9560040440
9560835511
9562067503
9562085148
9562278222
9562329930
9562412395
9562508508
9562522106
9562578333
9562590105
9562656898
9562736108
9562780280
9562871710
9566257115
9566525443
9567033097
9567049593
9567215418
9567223800
9567240442
9447784567
9567264737
9567268085
9567292541
9567293364
9567403111
9567426236
9567429282
9567432774
9567465963
9567471100
9567483481
9567568694
9567569206
9567635534
9567671643
9567764395
9567768096
9567787371
9567819383
9567877077
9567900491
9567901834
9595537372
9599699598
9600044506
9605002412
9605002622
9605004633
9605020209
9605029140
9447784567
9605067000
9605094107
9605118881
9605329281
9605337398
9605375870
9605649091
9605732148
9605875566
9605954777
9605971777
9633034768
9633041927
9633058399
9633103434
9633115951
9633116152
9633124292
9633227860
9633235327
9633258457
9633287444
9633324730
9633330181
9633421888
9633438900
9633531542
9633538038
9633646619
9633671399
9447784567
9633693389
9633712535
9633840110
9633890257
9633978044
9643981477
9644471444
9645074489
9645095228
9645116544
9645160190
9645257045
9645284505
9645346161
9645545191
9645556870
9645559181
9645560130
9645755999
9645758951
9645844449
9652346719
9654159548
9656022100
9656034808
9656112018
9656164999
9656208789
9656223194
9656285208
9447784567
9656337863
9656588566
9656765735
9656780172
9656841492
9656868899
9656887509
9656935270
9656959758
9656965619
9663460910
9674334438
9686075370
9711190781
9739047736
9744000944
9744029170
9744104145
9744120425
9744170608
9744192348
9744221198
9744240208
9744243470
9744256359
9744277002
9744343463
9744399789
9744418879
9744440484
9447784567
9744555300
9744605767
9744618816
9744620395
9744636597
9744716400
9744758314
9744850607
9744856290
9744870918
9744957252
9744977192
9744990799
9745017985
9745027911
9745182603
9745207702
9745235036
9745327660
9745364990
9745433553
9745478998
9745492728
9745565470
9745604601
9745622421
9745629639
9745705009
9745758970
9745915734
9447784567
9746066168
9746119399
9746120220
9746120250
9746166628
9746190871
9746260490
9746274743
9746390952
9746395464
9746412810
9746468101
9746549564
9746654266
9746733592
9746796306
9746797077
9746804139
9746820414
9746886305
9746923448
9746995233
9747027170
9747064250
9747110830
9747265686
9747340966
9747343474
9747397136
9747530385
9447784567
9747531326
9747545299
9747546733
9747555868
9747567511
9747573257
9747593380
9747595209
9747637393
9747705407
9747834838
9747877841
9747970529
9747976644
9748894650
9767544777
9769003219
9769099662
9769348198
9769590942
9769963796
9778043479
9789389679
9789389773
9804330652
9809020653
9809259479
9809293329
9809604575
9810081883
9447784567
9810308137
9810711072
9810719339
9810806588
9811142936
9811430349
9811831643
9811831643
9818861867
9819166682
9819276764
9819438603
9820196667
9820293312
9820454821
9820586780
9830632212
9833537584
9833568811
9833696550
9833838498
9836599385
9840153403
9840219251
9840791091
9840851964
9840962709
9840971060
9841003469
9841706206
9447784567
9842685302
9843408100
9843926746
9845597901
9846002328
9846042922
9846045932
9846062330
9846066525
9846066884
9846096389
9846103519
9846110722
9846119826
9846120566
9846128344
9846130315
9846133130
9846154555
9846162740
9846169139
9846174674
9846230550
9846242273
9846320724
9846333830
9846336112
9846350555
9846368900
9846369241
9447784567
9846385685
9846397138
9846400252
9846406564
9846408877
9846414488
9846416555
9846441196
9846443377
9846454511
9846455777
9846456778
9846465490
9846472243
9846520349
9846580651
9846600104
9846603229
9846614733
9846622308
9846653472
9846712002
9846726986
9846770033
9846775483
9846786580
9846793170
9846799435
9846818124
9846824890
9447784567
9846858049
9846902403
9846903320
9846908454
9846928515
9846939671
9846951172
9846957586
9847018283
9847042978
9847059015
9847062264
9847062879
9847072693
9847076804
9847082195
9847083415
9847088582
9847089493
9847089675
9847093729
9847115062
9847116210
9847116428
9847119458
9847124218
9847142414
9847164863
9847167937
9847171173
9447784567
9847198705
9847212954
9847238185
9847249077
9847271034
9847273420
9847288118
9847295336
9847320336
9847340027
9847346750
9847347390
9847347390
9847358365
9847362289
9847363414
9847414065
9847414698
9847416546
9847416600
9847423328
9847431254
9847445776
9847473649
9847488346
9847497615
9847504513
9847505852
9847514766
9847516092
9447784567
9847517826
9847518005
9847530287
9847546427
9847555105
9847574564
9847575722
9847604706
9847649450
9847662125
9847702232
9847704367
9847708030
9847709241
9847710132
9847736778
9847757557
9847758008
9847763327
9847765665
9847766224
9847824795
9847839333
9847850157
9847854971
9847858162
9847864852
9847907939
9847914356
9847921381
9447784567
9847932702
9847954646
9847955598
9847977723
9847979779
9847992205
9847994498
9865796602
9867773998
9869430424
9871913973
9871984200
9874195212
9876219673
9880066646
9880322377
9880757057
9880946676
9881749596
9884474713
9884560792
9886023648
9886553813
9886701001
9886746085
9895005744
9895023371
9895041535
9895046469
9895048891
9447784567
9895053490
9895064621
9895080896
9895081971
9895086176
9895096355
9895103631
9895103702
9895116011
9895117337
9895126265
9895126295
9895136863
9895140284
9895144061
9895150450
9895155277
9895162194
9895166544
9895169424
9895177866
9895190568
9895221220
9895222006
9895223604
9895226119
9895228181
9895262912
9895263301
9895281284
9447784567
9895284567
9895286016
9895302041
9895323828
9895326998
9895334089
9895344922
9895345945
9895352628
9895377058
9895378557
9895380425
9895392716
9895394469
9895394900
9895398864
9895414826
9895447874
9895449088
9895453852
9895456298
9895463760
9895469602
9895473117
9895524678
9895556974
9895560693
9895566927
9895569394
9895575704
9447784567
9895589369
9895604388
9895605046
9895622044
9895654429
9895656671
9895656846
9895670335
9895686569
9895689388
9895697892
9895736344
9895741666
9895756671
9895762522
9895769092
9895776578
9895777563
9895777890
9895780962
9895781950
9895787033
9895802889
9895808320
9895820438
9895824094
9895849643
9895852423
9895864272
9895867635
9447784567
9895869138
9895874878
9895880895
9895885354
9895886850
9895924643
9895950528
9898106390
9899137889
9899804518
9900122630
9900146850
9900236579
9900417712
9900632302
9900842118
9901533232
9901904926
9902546006
9910096682
9910454635
9910876330
9911196960
9911382082
9916958444
9920483555
9920704844
9920739407
9920766313
9920964566
9447784567
9922496926
9930009458
9930099540
9930796659
9930928162
9940093153
9940440263
9940648554
9940669897
9943566258
9944907781
9946055109
9946091360
9946135123
9946146672
9946180819
9946203347
9946211804
9946241945
9946246330
9946328924
9946330588
9946339911
9946349145
9946353060
9946400399
9946404020
9946407891
9946445275
9946445631
9447784567
9946464576
9946486545
9946488298
9946492583
9946502900
9946522289
9946555214
9946563998
9946586927
9946635128
9946662608
9946665106
9946669833
9946671780
9946702875
9946744033
9946856330
9946859014
9946902625
9946908437
9946979868
9947034591
9947042055
9947047222
9947070963
9947104282
9947117503
9947133063
9947142889
9947152056
9447784567
9947160669
9947177635
9947194499
9947211966
9947248466
9947252911
9947262511
9947265229
9947281934
9947292945
9947299399
9947300501
9947323734
9947324564
9947352626
9947440538
9947449465
9947449662
9947516954
9947524460
9947531531
9947591347
9947597577
9947689878
9947695411
9947699879
9947717348
9947728992
9947741472
9947772486
9447784567
9947830328
9947859711
9947876464
9947987700
9952035122
9952832980
9958544644
9960051934
9961005908
9961043112
9961083838
9961086213
9961087768
9961154438
9961160117
9961168686
9961197888
9961210034
9961229846
9961241290
9961253837
9961312011
9961312380
9961323188
9961331337
9961344380
9961349439
9961380344
9961444701
9961456168
9447784567
9961467536
9961475326
9961481172
9961481337
9961490888
9961491665
9961541024
9961629888
9961644783
9961653383
9961657465
9961666263
9961713344
9961722098
9961732211
9961733650
9961742916
9961744721
9961744931
9961750815
9961760882
9961807566
9961886133
9961894002
9961942828
9961966399
9961989709
9961990171
9961990855
9961991002
9447784567
9961991148
9961991192
9961991545
9961992298
9961992532
9962013352
9963397166
9964259751
9969457485
9969491362
9970261662
9971218227
9972331082
9972610249
9980010563
9980493694
9986757800
9986819046
9987427161
9994709801
9994760212
9995006976
9995011093
9995028301
9995031785
9995034417
9995036872
9995047332
9995058864
9995069676
9447784567
9995102846
9995141163
9995155377
9995164643
9995173814
9995188910
9995201113
9995220247
9995252073
9995255767
9995259254
9995301480
9995308255
9995342408
9995344208
9995345559
9995349107
9995371188
9995372332
9995412096
9995431329
9995436655
9995473964
9995477862
9995497741
9995508457
9995528298
9995537879
9995556383
9995598463
9447784567
9995602843
9995617747
9995637539
9995639570
9995673130
9995676004
9995677634
9995715446
9995749102
9995777549
9995801824
9995820201
9995855017
9995893261
9995922100
9995940720
9995955569
9995963615
9995981034
9995990354
9998164654
16307654201
60142704708
