9867170775
9947400030
9446274821
9446143382
9447618155
8086700548
9427342332
9447064016
9947578994
9746155460
9895347533
9446017417
9895577127
9447463967
8714096734
9745197829
9633708245
9495152082
9895089040
9895768353
9447059932
8281483974
9645195903
9037601884
9447829712
9744723186
9947219426
8547611076
9447213084
9946919092
9447062386
9167969596
9744146038
9496206891
9567763527
9995185397
9947780414
9747913860
9961367261
9962112720
9387524232
9663378350
9447600316
9633198227
9745756688
9961124100
7506009273
9656835486
9526158999
9946327520
9605060123
9497665070
8714484325
963394949302
9746543906
9495563227
9400650211
8547612996
9995105690
9947170133
7012161237
9445480979
9995646741
96334606025
9496461778
9747838423
8907906256
9526750547
9400428755
9947328970
9995473064
9446347882
9967351551
7593033233
9995654015
9400725812
80/89277017
7339053262
9946555367
9895587708
9809341506
9946730294
8778698775
9871427600
9400481585
7083349856
8281582185
9747309609
8893883386
9061858899
9567045931
9747363630
9072315243
8281127898
8281505161
9020705755
9846853475
9048838217
9645199684
9400758318
8848381040
8891248406
9946737387
9947247234
8086390755
9400655240
9539913283
9446493263
9446490291
8547783663
8593997499
8075604239
9447785239
6282578252
9895601690
8111931558
9562020985
8547316222
8075316805
9895629696
9496718741
9539449334
7510868549
9809112255
9074047989
9061000299
9656267206
9633884916
8589081325
8089258194
8589067269
7415973630
9645860889
9995138166
9744323072
8129312436
8086901232
9946727882
9744950875
8921348685
8547262501
7510148760
7558899145
9497871732
9746010714
9446085585
7025786613
9048120116
9739042835
9946039212
9656662849
9496571187
9496803622
7907912881
7483573938
8593041887
9496803781
9400457539
9447509789
9387872839
9497276544
9207046145
9746583526
8848869125
9400649954
7736669207
9496433203
9447500681
9447500681
9388635902
9446954408
9486609561
9486609561
8547203537
9961035017
