9000234613
7012263822
9037494701
9048822161
9995197983
8939409469
9947780414
9048121011
9496277966
8606457460
9447658687
9809037011
9947991297
9567481519
8891655301
9633444606
8848186820
8547073584
9400235532
9567822964
9496348550
9048666806
9400439371
9946203347
9495669595
9847858162
8129795201
9809278192
7025112027
9497788366
8547895295
9496719912
9895081971
9447962149
9562110001
8590424327
9567300507
8050151417
7907407256
8281583458
8281956242
9846062669
9995837251
8281093000
7356730898
9061570007
9048443793
8281333241
9048181856
8301890161
9446112227
9447077094
7012736626
9048102552
8129622075
9495669595
9745301179
9447348565
9995182134
7306657924
9633857659
7907051098
9495441565
9846242273
8547830179
9633258457
8281389693
8129697309
9495874642
9633808943
9995763766
9946969800
9605032865
9495936940
8281082807
8592847999
9895510042
8281725880
9496366630
9446191231
9961197888
9539783478
9633488153
9846549288
8089699343
9048457240
9495669595
9447492928
9037663907
8111912260
9447385205
9567821799
7798734986
9446404516
9446117015
7025639973
8848235913
7598866219
9061068987
8075313443
9995615686
8606169820
8943440457
9539135155
8075903097
9995362225
9072382607
8089780124
9567363805
9496252724
9447584145
9495055545
9447320108
9633667448
9496748432
9745492728
9495477144
9495669595
9496370042
9446564640
7736897104
9188471528
9895899904
9745204855
9895667025
9496867024
9961880850
9446176251
8078294110
9188001896
8848362721
9656202587
8086099660
9037451139
7012204269
7561064959
9539482021
9497278098
9633503857
8137004190
8893324290
9072875250
9446533913
7502170061
8129074646
9446324887
9544843536
6282857414
9495669595
8848197614
9567012025
9744499472
9497145520
9995112915
9496301041
8281143302
8113928999
7907049866
8146351381
8086661093
9496869272
8893619885
9895261569
9633687034
8129934047
9895614626
9447986633
9746942904
9995443258
9447344049
9447890176
9447119856
7356496002
9947249994
8075983656
9747402677
9847518369
9400770529
9496327638
9495669595
9947388258
8129271744
9447078346
9446891288
9400922529
9447503217
9847119892
7907749593
9496659589
7907577021
9947716878
9645283040
9947839829
9447591804
9605940284
9744869286
9562750334
8848948401
8156933431
9446083702
7428853520
8281614342
9567098460
9895798275
9746967356
9400194294
8921670564
9746867915
9497618931
7907422122
9495669595
7994599157
8547948480
9995104621
9072972485
9496782288
8590082012
8606500801
9495207501
9995104125
9961344103
7406532606
9526166576
8075905339
7356848055
8714106507
7012973018
9744589078
9446484535
9746754962
9495317995
7510262729
9447332828
9947318321
8940102877
6238338551
8848939684
9947022789
7736551994
9847573181
9446367719
9495669595
9746066168
9037792802
9995822844
9446590886
9544362360
9400056191
9745407778
9846876872
9633962664
7907462874
9895453457
9446526105
9605708541
8157080800
6282420682
9562721821
7907865350
9446602370
9400771647
9574147491
8157805770
9995333201
7736891952
9400292474
9495302032
9446109160
9745611536
8589073664
7012147545
9495155633
9495669595
9995173814
8590220082
8281960190
9447345216
9847265577
8547632322
9497365303
9074995518
9747930694
7907433387
9496270317
9567138355
9633129235
8089521079
9895837323
7907736171
9496410125
8547158918
9526763565
9495076688
7011546870
9916225894
9400894969
8129008764
9447965228
9778373806
9497358846
9495360988
9446586557
9747970529
9495669595
8921394613
9995309475
7025043203
9447063343
7559050407
9747054215
9446685907
8848056121
9446595153
8086228899
9745315689
7559057639
7736201936
8848423754
9446595227
8547013278
9061040762
9495774875
9446796922
9895302041
9633681906
9946636004
8606389162
8921386809
9497071681
7907742263
9446902746
7306856612
8606836740
9747804896
9495669595
7560803198
9207133479
9995110901
9745003537
9074779019
9656140400
7012157538
9383428993
9496325613
9447328779
9446917774
9562560459
9961265700
7356824026
9946781955
6235045690
8075899723
7902561639
9544635479
7559913156
7025819664
9037533516
9562094321
9446504439
9747796465
9605250620
7994747901
8281667692
9567610466
7306101336
9495669595
8921244892
9746294328
8301852187
8073088216
9400413909
9846764528
9092471557
9526332626
9847904068
9495330394
9495269685
9072322216
9846241989
9497617671
9446114425
9747617869
9400531325
7907941392
9497327838
8075531686
6238312245
9400828661
9444612994
9048929558
8129114828
8891484945
9495873271
9497489641
7736461006
7025409057
9495669595
9446364105
7356439184
8848516604
9446920807
9074336405
8281230184
9037774515
9961159240
8907686771
8921399041
9446315346
9446411036
8943998319
9970328488
9496240410
9809163942
9778229582
9496806619
9400467673
9567383480
9446807338
9446542717
9447797481
9446588767
8111834525
9446412076
9495804080
9895670584
8129244518
9995680169
9495669595
9846670153
8129692930
7012889683
9946091360
9207388016
9746584091
7907881104
9995434275
9746149610
8547912826
9447022456
9495237407
9895417405
9495223997
9746555144
9388888940
8281741669
8762801412
8301872943
8078178182
9633482113
9447586982
8281219661
9847652839
9496220678
9995110045
9446308424
9895373582
8129688513
9074931904
9495669595
8939171887
9446058677
9947809124
7306684071
8590093397
9446437283
9061223331
8943375735
9946055601
7907059033
9579724929
9567870614
9846948268
9526229777
9447035398
9497322778
9497279785
9061986895
8547456344
9809094561
9633760409
9037440570
9072007250
9497325677
7012954992
8129495132
9446116780
9747398195
9746568295
9746111365
9495669595
7356797095
9895673624
9605718657
6282193965
9847490634
9446381554
9447922746
8547238234
9633997599
9947485968
9074246973
8129525698
9447714814
9846342331
9746805222
9400503936
9495215715
8281923062
8281265285
9446207608
9895304561
8281062909
9946985832
7907485402
9400538472
8089737004
9484556475
9446777074
8589027028
9446054044
9495669595
9074752767
9495793384
9495747223
8089793698
6282346342
8767490545
9605487077
9148388335
9947402299
9747229055
7012954861
9446796954
8848739714
9497691643
8089676096
9740205615
9447062386
9496206891
8075997430
8848251118
9447451885
9895785556
8891685082
9020056564
9497013175
9446704187
9495675262
8589030616
9567767247
9633418450
9495669595
8075763773
9633643728
9447937325
9567763901
7907229386
8281881099
9496724413
9037167497
8075727740
8921529661
8547340959
9562465722
9946446108
9400986420
9539034726
9037185624
9495785768
9446985357
9496546835
9745977096
9497469722
9495659966
9544442055
9497101298
9496430049
9048030617
7012252650
9947610024
8943721904
8330038841
9495669595
9567544707
9746490489
9072732123
6282562499
8281783372
9746401078
7025656915
7736231735
7994192545
9746190871
9746324804
7594993643
7259001764
9495193618
9567772631
7902443000
8943400461
9995736488
9207375617
9947597577
8592916464
9037991004
9446490291
7559014136
9995324481
8086157661
8281683566
9747621821
9656162616
9746820400
9495669595
9739856233
8547406527
8075087026
9947290578
9633708245
7012335013
9895247044
9633115759
9847751101
9562363869
9567646059
7907277929
9048292659
9447338759
6235478546
9562020985
8848632107
9447370911
9745703722
7907789921
9497300717
9995063803
8837321007
9495494422
8589042790
9446584598
8848442230
9895543722
9495518259
9846445227
9495669595
9744674231
8129462955
9446322377
9745143366
9061000299
9947162452
7907938881
8075512541
9496832497
9446265992
9544827266
9446166930
9895965700
9562628104
9447687968
9427342332
9562285991
9995131072
9538145222
9656086766
9745777791
9744035859
7012181511
7907047891
9744484474
7356514287
7902417417
9567677550
7902271908
9496357117
9495669595
8281820750
9995497741
8281060003
8606651161
9846853475
9447710537
7306857119
8907006406
8137976150
9747604376
9496135124
8281806710
9605253548
9496618116
9363634565
9961006631
8078584237
9544052233
9846594590
9633425404
9496164788
9446019510
9947055195
8592884450
9747913860
8594008900
8848662959
9895856351
9677518386
9845613950
9495669595
9446374126
7994615718
9446523665
9747575850
9072817459
7034280925
9496341975
9400736101
8606530101
7907805071
9846825982
9847992205
9946999047
7994387320
8592095590
8129280862
9578719040
9946632393
7560886622
9846357256
9995218742
8547990086
9526892525
8156935606
9497334763
9645640746
7907533236
9746999542
9400379474
9544799899
9495669595
9496136019
9895938714
8075854183
9995699942
8547809792
8593077575
9895927654
9500456033
9400517478
7736244878
9744170608
8893271088
8848628815
9037898873
7012952296
9037640460
6238660151
9188472096
9895434490
8547194329
9645689569
7560860079
9447986649
9656251662
9809774157
9895087315
9446162725
9847431196
8592008900
9995673130
9495669595
9539303609
9744483083
9947655104
9846236654
8848061583
7907656385
9747387996
9544253196
7012154989
9995053860
9895175949
9847236452
8281605710
9446015913
8939900448
8867165717
9400566699
9895836823
8129996204
7736763363
8593908181
7042937718
8330063668
9562590105
9495240850
9747533708
9497886660
8296883262
9946535881
9074879871
9495669595
9539953054
6282088839
9496123424
9562088322
8086009168
9947705564
9447753997
9447754314
9562656898
9946199984
9446596845
9846293390
9846525353
9048196240
8606203210
9895424673
9597354924
9496337036
9846375699
9946420704
7034799666
7012070182
9745355149
9846818124
9846450453
9895978912
8884741310
9686533521
9400210780
9640634989
9495669595
8296580923
9496834107
8590074538
9446761684
8547583420
7045385250
8089123356
9446834227
7356512024
9497325195
9400829705
9567321799
9495896081
8089627969
7994522103
7902676022
9605118881
9544166805
7907983173
8129484845
9048771545
8289898164
7907376056
9746467089
8590178546
9961195438
8590112155
8547486779
8547007151
9446085585
9495669595
8590762258
9544190843
8547493304
9400571419
9590846303
9061849171
9633949302
7907249178
8943626260
9746525424
9496345441
7907934628
7012337214
9995259254
9497302159
9746150147
7760032098
8547885663
7012095144
6235172359
9539663333
8921519533
9746427938
8893577848
9447913317
8792931906
9468752087
9895224366
9526586006
9037337782
9495669595
9961774544
8921567306
9544118969
9746919811
8848806519
8921433764
8281896555
9633444893
9447738147
9744740171
7907966997
7560881649
9847729152
9745705009
9745172702
9496334871
9995062619
8089800402
6238360455
9495323803
8606805975
8281020403
7736669207
9061475314
9447786294
9495322635
9495219432
9847701668
7588666713
8891721021
9495669595
9048029547
9995406022
9605302195
8289949306
9995820031
9995246205
9946832229
7902675832
9072319430
7306246993
9778079741
7306494597
7012866236
8921218613
9809353642
9633694335
9074959282
9447741812
8714324658
9526950631
8129200422
8111905114
8075549268
9946925264
7025662680
9495647809
9946099090
8281888514
8593997499
8921717115
9495669595
8289863807
6238077650
8301025223
8593997599
9846118688
9446875677
9496461904
9790706011
7994553350
8547646203
8075636753
9895821086
9497419399
9497834630
9446334395
9947827057
9567534950
8921583987
9496573110
7907990380
9447946030
7012754513
8606759759
8848920025
9745397490
7012848084
9496194409
9629376123
9526857882
9995600578
9495669595
9539001409
7306825276
8891664593
9446645705
9747508620
8848362479
9995578243
9947578994
9447371406
8891236931
9947568380
9400606446
8971954399
9207251994
7907671962
8089533529
7034773136
8089917316
9400646159
9497269831
9600063710
6238662556
9895347533
9846638508
9446497244
8281969225
9600277090
9947400030
8891248406
6282711211
9495669595
8547194342
9809498878
9495397837
7012450089
9188295587
9496282800
9496837413
9495722947
9496686720
7012001261
9895679199
9539671222
9447637362
8606814218
9846732199
8593836883
9400561531
7012832055
9745083545
9747150808
7560932831
9995024353
9048732265
9544143666
8089150923
8547666122
9847708030
9895987923
8943069085
8731099090
9495669595
7907088986
9895947343
9526890401
9747103706
9747708437
9567937936
8129029354
9037669107
9605763629
9946596511
9605756908
9846263697
8281215235
8113967327
9995933595
9445698140
9497479194
9995915355
8111846038
9400404460
8891412403
8136960457
9400558103
8281947307
9645640876
7306059346
9037023007
8056452455
8547237322
7559960227
9495669595
9495694939
9567529119
8281376064
9447349113
9544817090
9846982124
8606145551
9539497463
7907765751
9562820816
9048278283
9744029170
9995774851
7025814744
9656932046
9447832235
9446495898
7483987217
9446468101
8547174718
9446962662
8547328120
9037500151
9947608098
9747995121
9446189333
9744834684
9656411407
9496593538
8921483455
9495669595
9895138847
9497749139
8848401833
9496322932
9995076182
9526376559
9895177866
9496991585
9072334702
8547129612
9495080786
9495706029
9633926400
6238060038
9447779441
9745536333
9188680671
8089613640
9495395619
7356802333
9207013965
9447522484
8129514708
8086212427
8281403869
9847525717
8891861645
8921618890
9544149820
8848900155
9495669595
8089258194
7012530214
8606198898
8921960352
8089579500
7907988986
9747482540
8304810574
9495638191
9495729053
9447213084
9539913283
9400650211
8289846609
8281478121
9961367261
8086390755
8610048035
8547783663
9995473064
9447600316
9446567895
9447978677
9495491702
8157840248
7406668544
7012198334
9497071414
9072315243
9567844204
9495669595
8281826046
8075840275
9497682148
8593942777
7907710745
9072983416
7012552266
9048010157
8943328216
8138990438
7306855595
9074881844
9447778062
9633939764
7907367451
9495620452
7012572825
8848129020
9447763690
9496338018
9447783621
9544727415
9847574564
9995125337
9633563374
9048221621
9495532584
7902243352
9497871732
9495522869
9495669595
8086370978
9446031309
8281821638
9496378996
7012531518
7012673850
8078276748
9656558528
9446976530
8891060055
9961139088
7025965612
9446202509
9446866350
9745914530
9946479451
9746110324
9847018441
9446085751
9497320620
9048653508
9562319502
8113067788
9497336077
9496397774
9645818757
8111849633
9495849719
9495528864
8921717061
9495669595
8075330879
9496335673
8433605622
9995047706
9961875964
8547981968
8281373651
9447302064
9496411326
8547914907
9400457539
9496803781
8281578433
9847472191
9746487831
7012647494
9400637655
8921165053
9747309944
9495594712
9714344910
8547665082
9495212388
9495563227
9446204498
8113948932
7907823032
7510148760
9497452902
9446347882
9495669595
6282850940
9447501060
8848986303
8301892806
9846465490
9447717863
9446920960
9074047989
9746010714
7510876901
7012796523
8550041226
9526664076
8606117768
9961312380
9496414941
6282936770
9745679443
7400222529
9961397209
9562770939
9633664587
9747732614
9746953613
7034196602
6282507259
8921453673
9847260774
9567763527
9446274821
9495669595
9497312730
8281972506
7510868549
7907838034
8301884351
9400616746
8714491956
8547068440
8547428433
9495067868
8848652661
8943435911
9562235004
9946921900
9847603160
8281924671
9074461670
9846947510
9400511982
7907128766
8589015479
8547891083
9497362137
9747792734
8921286855
9645239236
9495505701
9495803044
8547709608
9645755999
9495669595
8281960839
8848944260
9495286624
9495621227
9747378604
9447850573
9447911551
9037279713
9895126265
9847980604
8129169141
9567457881
9769538101
9072395883
7306590815
9645015107
9947043930
9495912233
8547674933
8420443008
9497106239
9778052823
9562026771
7306715486
9895818655
8943583767
9495968455
9495732671
7012903635
9744950875
9495669595
9495347750
9946193212
9746306598
8590211010
9400657598
9446756241
9048048692
9446688433
7012810816
9037211664
9495786153
9446493263
6238189165
9495860127
9497333189
9496330801
7012969469
9946979868
7907577060
8281338564
8891510206
9605506562
9497106601
6282293055
9074229041
9495440519
8089263913
9446583600
9995334362
9995006928
9495669595
9497339707
9400595873
9496147421
9946635128
7907159614
9895824094
8714383640
9447131357
8281031288
7012560397
7907269457
6379821080
9496903754
8907682344
9947056754
9446431269
9744890111
8281869785
7760578360
9605390655
9961360125
9744530534
9495843036
9048037953
9061873661
9745552435
8281497219
9446518545
9497736304
9447509404
9495669595
9061575265
9074412011
9629745457
9846443377
9446835124
9496461669
9605148456
8113939732
9447444593
9778344736
9447572726
9961544544
7510852506
9744708835
7907945954
8075494919
9946749627
8281607421
9562168768
7907050090
8590781572
7012308890
8921940398
9895719599
9947453963
9645195903
9995220247
9400220580
9947247234
9446197134
9495669595
9048960722
9447362936
8129005789
6282693286
9778551670
9496331128
9447384046
8593082215
9400971189
9048187279
9446031160
9937588283
9744167255
9995487715
8848092776
9961932768
8089119921
9744940155
9496073624
9446524799
7559852316
9496065521
9447780971
8593909039
7034504130
9567450203
7012946912
9447563257
9562380499
7356081146
9495669595
9207944745
8129492923
9048834975
9497469917
8086267525
7305139129
9446697658
7034886510
9496618993
9446102605
8137861037
9539023846
8281671055
9744104111
9778484599
9745111200
8129663100
9400693344
8547612996
7306359476
9656192104
7025384936
9778197542
9447702010
9746192301
9846162740
9447388464
7306475353
9847657652
9961124100
9495669595
9745433553
9961003735
8089341986
9847270145
9447514194
9061050987
8281384957
9605535460
9895066317
9946793555
7306694472
8848920381
8547397700
7559987055
9400976461
9074954658
6282031483
9846701455
9072070708
8943279859
9544284241
8590706170
7907991479
9995963615
7907070360
9746979785
8157972977
7306762033
9895084234
9048256962
9495669595
9744620395
9946731879
8848093354
8289878223
8921746527
9567218018
9746994041
9995329936
8075644676
9745874656
9847996355
9895905444
8139872652
8921200895
7736541389
9745629639
9544870602
7025229332
7034402568
9496932426
9495986528
9633980713
8113021100
9496800731
9446462085
9567429282
9447509789
9633318604
9947262511
9895969988
9495669595
9744046077
8086596911
8921878740
9846120532
8590907080
9846665594
9446584640
9567103510
9048895623
9400801596
9605777579
9539818511
8078736756
9400650124
9544334383
8848098510
8155999161
9746835561
9645657947
9452942852
8129526996
9567283188
7025125070
9074527121
9497365940
8086866262
7012013252
9443312606
7012145628
8891531535
9495669595
9895497897
9496122132
9946522289
8078325535
8281329131
9447829712
9072184955
9961575900
8089424237
8281196967
9497193568
9544214833
9496347326
9400953575
9895414826
7012407097
9656976068
9496336015
6282926399
8113038889
9400644565
9961218048
9400948486
9747641659
8111940465
9605261234
9947219426
7559037927
9605491550
9446908251
9495669595
8590129604
9048817144
9995202907
9048341630
9560040440
9846169603
9895950528
9567015811
8281210388
9446928095
8891411687
9961889861
9539336585
9446263938
9048464107
8589078654
8848066336
9495247605
9947192829
7736526928
9633198227
9446607319
9846655379
9895550353
9895723009
9497119208
9497880701
7838003682
9747413121
9961653383
9495669595
8848556673
7034941810
9633040820
9497108577
8589033044
7558819266
9446921434
9847255132
9496935147
9995117912
9567432774
9946236892
9744920522
9995406214
8248101834
9847396496
7306934019
9605666985
9895488355
9495367120
9747649283
8129834063
7907633793
9495707118
9746007337
9446915258
8714302090
8086244946
7907422042
9946133119
9495669595
9446397246
9863303036
9400428755
9895237459
9947114709
8590143185
9947449662
9148921489
9061584816
8208655590
9961009666
9847990086
8848196913
9495795294
8593054203
9946147958
9544845463
8822836586
8668172712
9447340705
9946669035
9962573802
7306941166
7276737907
9995508060
9495633557
7025807212
8848105844
9895834028
9995419180
9495669595
9447377965
6238748487
9745833255
9447677737
8111812088
9645758951
9037400300
8289971064
9847489517
7560926963
8281383316
9400621732
8848877022
9745622421
9941466979
8921366213
9496366811
9895084442
8111831110
7025801677
9447026118
8113091740
9072307373
9446568425
9747462933
8289861494
9846431607
9048080123
9745823910
9526063700
9495669595
9790026332
9496804164
9846075072
8050756282
9048952807
8399983565
8129233476
9946165266
8891368436
9633668948
9048202617
9605138989
9400834469
7306495909
9526835598
6238908093
9656305590
9400537090
9495814030
9447387168
8547611076
9496764372
9188187889
9747238219
7594831283
9562062847
9446883596
7012025856
7025324800
9400153814
9495669595
9497182455
9995820886
7994356777
9961405747
9656341826
7736507127
9400758318
8848771894
9746469776
9072336818
7012911783
8547709018
7306358028
8113895856
8891732954
7907072250
8122949461
9048157121
6282040129
9496345639
8921639501
7012584829
9846524554
8921042702
9947318001
9562631590
9446322353
8547546760
9847432224
7902574307
9495669595
9895698002
8097848983
8592865040
8547716118
9207293781
6238374145
9037808075
9746615984
8547928124
9895636983
8921485959
9744243452
9446446276
8848496830
8281330805
7034899898
9497368802
9496891733
8089797929
9444453645
9567317818
8921698165
9995197055
7200027285
9656087272
9846021815
7293201396
8137907255
9562401389
9497368897
9495669595
7025187393
9895394469
9744970641
9633356739
8594054592
9074364438
6238348031
9080326486
8714416045
9847979779
9544496654
6238070519
9995919037
8848727757
9496823194
9633510001
9447265523
9496023453
9048594198
8129643937
9809259479
9526677426
9495338227
9446173603
9496283587
9744418879
9447780044
9400175747
9526362184
9953843215
9495669595
7012096126
7012938225
9846283380
9947034469
8606644531
9895799678
8667004789
8086475793
9895231750
8867912357
9895089794
8893281759
9633652400
8289911743
7012758640
9961342480
9847954646
9495340191
9048196429
9958837483
9847802524
9422487367
9868747600
9745041684
7907189566
9895135151
9447595474
9846102220
9946302700
9739602091
9495669595
9061866936
9207480408
9656285208
9633884916
9562286321
9495843603
9744290799
7510143132
9447991524
9446057314
9995138166
7025349856
9446717276
9446341271
8129738408
9746166883
8907875006
7046600669
9497685726
9006296785
9446544947
9446343896
7907107242
9048518981
7907804102
9447501660
9946950777
8075738490
9538515319
8086144235
9495669595
8848984255
7907038936
7558059849
8281332087
9447506494
8129199996
7012167822
9910654623
9048293098
9544199560
8136829474
9495830181
9495976710
9216558855
9746094636
9747471633
9446773924
9496668475
9745286045
9885051974
9961789508
8848668057
7736370074
8086537781
9562251040
8547418256
9562038444
7904716384
7907137279
9746906545
9495669595
8712232205
8156968044
7994136524
8275274510
9873926143
9656417341
9493400771
9781865111
8848919535
7567776925
7873043338
8447120908
9971917302
9898396363
9771234112
9830048679
9681743424
8447661230
9700005286
9420133041
8709877731
9952035122
9846575662
7012215451
8593888361
9745488723
9819441778
9776975465
7839152563
9901904926
9495669595
9605020209
8137011934
7651911588
8076223605
8373983563
7008565475
6377947902
7012546114
7064645136
9861658429
9971898905
8848161448
7339053262
9430294254
9045002876
7259481985
9746768819
9988896322
9446572142
7558910090
9404262655
7903020205
9909489497
8335846732
9400528912
9207505918
9961035017
9747392632
8818076200
9480170892
9495669595
9447077865
9512120636
7012296767
9967351551
7358770733
8248194545
8136885902
7907912881
9497276544
8291202055
9048898533
9605141387
9072732647
9895978237
8129246326
9846674182
7028020510
9633191919
9446086608
9995013127
9400404450
9400034106
7722032050
9599694191
9400219968
8593042364
7994847689
9447884843
8284887039
7012964925
9495669595
9995087237
9020590705
9539948630
8301066505
9495240895
9019142289
9497293301
9846165188
9633737533
8547310306
9969213980
9497426128
9995538823
9567311093
9937208266
9940058825
8943550494
9946696651
9324054255
9447843390
9495710448
9544173666
9961941753
9809251739
9633966874
9496367114
8848594907
9446836600
8787670310
8089761077
9495669595
9446677848
9446288592
7012902255
9400530319
9539010777
9947471286
9496335767
8527043439
9137625686
9400623136
9971086255
8281290378
8921981317
8137011122
6282302363
9895518142
8921747156
7994860120
9496320926
7559053567
8075634442
9446150109
9745187041
7558899145
9995141163
8129040466
7012938225
8360168441
9746947799
9946763119
9495669595
8848262653
9809744242
9188649124
9284483692
9446128568
9447440135
8921324917
8281423569
8593041887
7415973630
7045659050
9039694081
8420440370
7906731296
9324330044
7987430710
9524899003
9995483739
9656267206
9111147272
9746578568
8113033092
9496405998
9539396023
9633160432
9895029785
8089345409
9061139473
7012480310
9500037934
9495669595
9207005123
9447646170
7025914560
8547101476
9497287165
8921967166
9400195534
9497063558
7012998076
9544009161
7907162330
7025217998
9496571187
8129312436
9946727882
8891436898
9495108314
9846108968
9526022658
8089853409
8698114455
8652330796
9495251576
8447147867
9663173600
8590809169
9746249802
9910546333
9609967760
8249629754
9495669595
9959251009
9074255992
9497332994
7907601873
9539092200
7989696060
9562402279
8921319722
9745515439
9789150700
8754561578
9496024123
8928748526
9447792337
7907115244
9895700927
9999453529
7012799603
9447662667
9567526615
9500165092
6235030311
9746245363
9037233330
9275131313
9019530525
7558853905
7736623173
7356463929
8606071701
9495669595
8921696372
8281962744
6238965988
9446203354
9961344380
9995425117
9061954622
9995371188
9745576428
9446823698
9605594961
9567815535
8301051634
9074467460
9847824795
6282578252
9746438379
9496444396
9207046145
7736327612
7994675836
9048816149
9447665205
8075379496
9946788130
9946919092
9495295747
9447225789
9400304890
9895717254
9495669595
7025576698
8943213259
8086556222
9995541118
8281950250
7907323804
9061239501
9946893599
9745094741
9686430101
7012709532
7025736790
9496195530
9846193165
9446275133
9605303368
9747309609
9656568238
9995405597
9895005744
9497633713
9539449334
9496306685
8943723488
9387524232
9739042835
9567045931
8330825538
7989837834
9048120116
9495669595
9497793999
7418728554
9533384383
7510810630
9966636930
9288804464
9566951351
9946231970
8281453083
9074560357
9022586150
9496337757
9847215198
9846487311
9400735495
9247800900
9447988528
9677612169
8281514943
9513333961
9895493450
8301063596
9896069597
8978709706
9895787033
7200729232
8590421146
9995221284
7012161364
9497437361
9495669595
6380828227
8289947156
9400649954
9020855953
9496830219
9995005319
9047339950
9539664226
9496461778
9562858893
9048838217
9539481727
9567011746
9746583526
9947093486
9495724822
8086278272
9447745599
9747472130
7992231576
9656793399
9895762522
7373387824
9446908564
8921267159
9961154438
9809293329
9744046299
9952415116
9654606654
9495669595
9746442455
9746258814
9497588663
9496466234
9037771740
9447759858
9496536565
8089081244
9400474023
9074634943
6282987073
9442716796
8848763900
7907608205
7011729184
9061495136
7736690540
8893636901
9769818228
9744435502
9746402188
9995963060
9496194916
9446262859
9495191218
9995912727
7902312723
9895316385
9995885478
7293465564
9495669595
9946464576
7598064811
9500009902
8891664823
9738372877
9495325408
7306411630
9077341073
9895874878
9909973094
7581019480
8606805623
9538717084
9020771706
9961996473
7022660901
9746822121
9747406527
7012010365
9562877860
9387445708
9995445998
9605965398
9633392122
6380079117
9911488387
8089491932
8943281252
9400947944
9400874656
9495669595
8593951616
9947935524
9446860522
9497840328
8281342353
8886971443
9747530385
9605971777
9446042663
6238060137
9961048800
9567333116
8848063069
9487850589
9567039916
9072229117
7994838309
7204274229
9497015119
9495547181
7981580154
9645551675
9567045839
9400978287
9940258852
9446533949
9400697225
7760044272
9400646612
8113046478
9495669595
7506560527
8072545797
8590384175
9496956201
8089277017
7559002716
9061748560
9995872086
7012770901
9544933919
9995855017
9995214033
9400990990
9567421364
8281443508
9497434731
9742861238
8100080048
9074989547
8129129780
9995337022
9495463130
7012388676
9567095527
9633455721
9966345104
9746567653
9496469396
9746118636
9995955569
9495669595
8220044410
8606810977
9744723186
8921283050
9823344496
8547119203
9567033097
8558877620
9567829230
9497886200
8660623700
8907015778
8852965826
8086019114
8547380496
9567672724
9744677174
9847744506
7306474795
9506347822
9440348122
9940191947
8547238529
8547176670
9847439969
8281796461
9561078005
8129075801
8078305879
9447315735
9495669595
9746055560
9995348062
9656900337
9633814341
9567222247
7559986295
9500373493
9946197827
9820539821
9846384111
9447752258
9946877894
9547054381
8714361996
8547559555
9400433596
9433581955
9961750815
8921497101
9895560693
9496828481
7012847055
8553039759
8921032798
8893883386
7736927530
9446219098
8129150389
9446608242
8129171375
9495669595
8921527912
9496578979
9495060585
9745019161
8157812534
8921022869
9428746003
8138806171
9656835486
8075140547
8075950117
9497010991
7356260706
7012630780
8129605068
9047766097
9892473113
7510530967
9497740262
9746673253
9809121131
9582241597
9447785239
8086452055
9402325139
8089512620
9447494585
9446024613
9496216477
6282630295
9495669595
9840083093
8848951279
9946276426
7904259696
9526996635
9495344555
9655428744
6238632815
9633482006
8160808179
9585281684
9633378398
7558836200
8289822580
9400633583
9567691512
9746020242
8589081325
9497334677
9809161933
9656223194
8714810256
9539283517
8921742741
9656337863
8547048604
7025680558
9645755093
9446026355
9048111381
9495669595
9061046584
8113995025
6238337018
9961814277
9995837267
9495637167
9847434914
9746858111
9447520256
7025110220
9809543309
9487676287
8921428597
9400930308
9867095666
9895629696
9995208261
8281391154
9497865303
8921614434
9400772780
9446135358
9447618155
9526359628
9072841131
9633570149
9656164999
9003272280
9895768353
9847093699
9495669595
8921283119
9995255767
9995294665
9846665242
9633103434
9539796559
7025903685
7907223682
8129444319
8714433803
9846816974
8547573040
9946321903
9946486545
9446830425
7558960902
9188040570
7356293191
8547940448
7907422235
8593887988
9895455822
9900632302
6282964189
9871427600
9809341506
9048088009
9846593322
9400673775
9605412700
9495669595
9387211183
7358422792
9846814723
8593878789
8281901192
9947465113
9947104282
9895447874
8547628139
9747502508
9539349147
7012040007
9526143752
9567635534
7012571654
9539002245
8281127898
7907814143
9400723347
9995490113
9446905063
8129579390
8606942044
9957361411
9645934825
8547026533
9446935806
9746225563
9846937701
9895788944
9495669595
9495633094
9747965221
9400879532
9847182340
9037134245
9188570653
9995978393
9946645436
9074931489
9495426349
9946014788
9847188002
8606508993
9745006918
7907492151
8606198234
8547916575
8848361805
9446070716
9447755461
9947152056
7907950442
8590904621
9400839865
7559935862
9207460865
6238691267
9539328970
9995858689
9778762479
9495669595
9847124218
8592010130
9048917586
9400396689
7387644764
9048403549
8848081362
9567423748
9497794251
9497805250
8891833163
8547095621
8547722615
9847555105
9074705626
8089152672
6238011213
9605306438
9747144025
9496718741
8893694546
9400428475
8921036562
9495542001
8086901237
9567363006
9745139636
9562663572
9400647555
7907125328
9495669595
9995006976
9495019951
8714096734
9495636538
7356809577
6282559798
9446138798
9847815494
9947466212
9947814415
7012379760
8848210234
9744605767
9497823700
9400388374
9496154072
9745364990
9971218227
9539760954
9656907758
9447131425
8301858981
9961177799
8921971218
8169160387
9995646741
9037816009
8592859210
9387872839
9495218004
9495669595
8921348685
9946180819
8592889699
7736771297
9388957484
9400658290
9447160920
7012914316
8281960679
8848767317
8281175915
9895844366
9167457240
8606833105
9846653472
9446338045
9159259925
9446265053
9567738152
9495373163
9745232166
9496337885
9946215206
9605395855
9446138991
9633594747
9496629700
8075698204
9895869138
8075604239
9495669595
7025473054
9496651308
9809778716
9526152777
9778117259
9446953143
9961833899
8891516218
9745115408
9995701610
9020705755
9495740362
9497811586
9961760882
8921789975
8714346038
8089524774
9526750547
9946870238
7907933293
8590514142
9946298338
9446995912
8594060665
9562260001
9633052156
8606144730
8606099898
6238069223
8592066389
9495669595
9645444261
8594082028
9961572484
9846599899
7306133577
9495102187
9745478322
8078373980
9495513976
9447169453
7758969079
9778711479
9995965637
9656012783
9446342992
7012065108
9846391680
9497805438
9895614525
9961903450
9605337398
7034311778
9746797077
7593033233
8089373547
9446332097
9995058864
7559842975
9446605834
9072389193
9495669595
9912971222
9961916231
8921969074
9400319169
9400430450
9446209995
9048028700
9633140926
8593914960
8593991155
9746166628
7559910554
8050262825
7907530025
9947250396
9744449993
9846374680
9946557665
9495636652
8848234893
9447365181
9446143382
9495027966
8075316805
7012781158
8593877747
8589910666
7356009284
9489676287
8943955626
9495669595
9544014948
9895540935
9645346161
9946909853
7907604925
9495112830
8891471292

