7907671962
8089533529
7034773136
8089917316
9400646159
9497269831
9600063710
6238662556
9895347533
9846638508
9446497244
8281969225
9600277090
9947400030
8891248406
6282711211
9495669595
8547194342
9809498878
9495397837
7012450089
9188295587
9496282800
9496837413
9495722947
9496686720
7012001261
9895679199
9539671222
9447637362
8606814218
9846732199
8593836883
9400561531
7012832055
9745083545
9747150808
7560932831
9995024353
9048732265
9544143666
8089150923
8547666122
9847708030
9895987923
8943069085
8731099090
9495669595
7907088986
9895947343
9526890401
9747103706
9747708437
9567937936
8129029354
9037669107
9605763629
9946596511
9605756908
9846263697
8281215235
8113967327
9995933595
9445698140
9497479194
9995915355
8111846038
9400404460
8891412403
8136960457
9400558103
8281947307
9645640876
7306059346
9037023007
8056452455
8547237322
7559960227
9495669595
9495694939
9567529119
8281376064
9447349113
9544817090
9846982124
8606145551
9539497463
7907765751
9562820816
9048278283
9744029170
9995774851
7025814744
9656932046
9447832235
9446495898
7483987217
9446468101
8547174718
9446962662
8547328120
9037500151
9947608098
9747995121
9446189333
9744834684
9656411407
9496593538
8921483455
9495669595
9895138847
9497749139
8848401833
9496322932
9995076182
9526376559
9895177866
9496991585
9072334702
8547129612
9495080786
9495706029
9633926400
6238060038
9447779441
9745536333
9188680671
8089613640
9495395619
7356802333
9207013965
9447522484
8129514708
8086212427
8281403869
9847525717
8891861645
8921618890
9544149820
8848900155
9495669595
8089258194
7012530214
8606198898
8921960352
8089579500
7907988986
9747482540
8304810574
9495638191
9495729053
9447213084
9539913283
9400650211
8289846609
8281478121
9961367261
8086390755
8610048035
8547783663
9995473064
9447600316
9446567895
9447978677
9495491702
8157840248
7406668544
7012198334
9497071414
9072315243
9567844204
9495669595
8281826046
8075840275
9497682148
8593942777
7907710745
9072983416
7012552266
9048010157
8943328216
8138990438
7306855595
9074881844
9447778062
9633939764
7907367451
9495620452
7012572825
8848129020
9447763690
9496338018
9447783621
9544727415
9847574564
9995125337
9633563374
9048221621
9495532584
7902243352
9497871732
9495522869
9495669595
8086370978
9446031309
8281821638
9496378996
7012531518
7012673850
8078276748
9656558528
9446976530
8891060055
9961139088
7025965612
9446202509
9446866350
9745914530
9946479451
9746110324
9847018441
9446085751
9497320620
9048653508
9562319502
8113067788
9497336077
9496397774
9645818757
8111849633
9495849719
9495528864
8921717061
9495669595
8075330879
9496335673
8433605622
9995047706
9961875964
8547981968
8281373651
9447302064
9496411326
8547914907
9400457539
9496803781
8281578433
9847472191
9746487831
7012647494
9400637655
8921165053
9747309944
9495594712
9714344910
8547665082
9495212388
9495563227
9446204498
8113948932
7907823032
7510148760
9497452902
9446347882
9495669595
6282850940
9447501060
8848986303
8301892806
9846465490
9447717863
9446920960
9074047989
9746010714
7510876901
7012796523
8550041226
9526664076
8606117768
9961312380
9496414941
6282936770
9745679443
7400222529
9961397209
9562770939
9633664587
9747732614
9746953613
7034196602
6282507259
8921453673
9847260774
9567763527
9446274821
9495669595
9497312730
8281972506
7510868549
7907838034
8301884351
9400616746
8714491956
8547068440
8547428433
9495067868
8848652661
8943435911
9562235004
9946921900
9847603160
8281924671
9074461670
9846947510
9400511982
7907128766
8589015479
8547891083
9497362137
9747792734
8921286855
9645239236
9495505701
9495803044
8547709608
9645755999
9495669595
8281960839
8848944260
9495286624
9495621227
9747378604
9447850573
9447911551
9037279713
9895126265
9847980604
8129169141
9567457881
9769538101
9072395883
7306590815
9645015107
9947043930
9495912233
8547674933
8420443008
9497106239
9778052823
9562026771
7306715486
9895818655
8943583767
9495968455
9495732671
7012903635
9744950875
9495669595
9495347750
9946193212
9746306598
8590211010
9400657598
9446756241
9048048692
9446688433
7012810816
9037211664
9495786153
9446493263
6238189165
9495860127
9497333189
9496330801
7012969469
9946979868
7907577060
8281338564
8891510206
9605506562
9497106601
6282293055
9074229041
9495440519
8089263913
9446583600
9995334362
9995006928
9495669595
9497339707
9400595873
9496147421
9946635128
7907159614
9895824094
8714383640
9447131357
8281031288
7012560397
7907269457
6379821080
9496903754
8907682344
9947056754
9446431269
9744890111
8281869785
7760578360
9605390655
9961360125
9744530534
9495843036
9048037953
9061873661
9745552435
8281497219
9446518545
9497736304
9447509404
9495669595
9061575265
9074412011
9629745457
9846443377
9446835124
9496461669
9605148456
8113939732
9447444593
9778344736
9447572726
9961544544
7510852506
9744708835
7907945954
8075494919
9946749627
8281607421
9562168768
7907050090
8590781572
7012308890
8921940398
9895719599
9947453963
9645195903
9995220247
9400220580
9947247234
9446197134
9495669595
9048960722
9447362936
8129005789
6282693286
9778551670
9496331128
9447384046
8593082215
9400971189
9048187279
9446031160
9937588283
9744167255
9995487715
8848092776
9961932768
8089119921
9744940155
9496073624
9446524799
7559852316
9496065521
9447780971
8593909039
7034504130
9567450203
7012946912
9447563257
9562380499
7356081146
9495669595
9207944745
8129492923
9048834975
9497469917
8086267525
7305139129
9446697658
7034886510
9496618993
9446102605
8137861037
9539023846
8281671055
9744104111
9778484599
9745111200
8129663100
9400693344
8547612996
7306359476
9656192104
7025384936
9778197542
9447702010
9746192301
9846162740
9447388464
7306475353
9847657652
9961124100
9495669595
9745433553
9961003735
8089341986
9847270145
9447514194
9061050987
8281384957
9605535460
9895066317
9946793555
7306694472
8848920381
8547397700
7559987055
9400976461
9074954658
6282031483
9846701455
9072070708
8943279859
9544284241
8590706170
7907991479
9995963615
7907070360
9746979785
8157972977
7306762033
9895084234
9048256962
9495669595
9744620395
9946731879
8848093354
8289878223
8921746527
9567218018
9746994041
9995329936
8075644676
9745874656
9847996355
9895905444
8139872652
8921200895
7736541389
9745629639
9544870602
7025229332
7034402568
9496932426
9495986528
9633980713
8113021100
9496800731
9446462085
9567429282
9447509789
9633318604
9947262511
9895969988
9495669595
9744046077
8086596911
8921878740
9846120532
8590907080
9846665594
9446584640
9567103510
9048895623
9400801596
9605777579
9539818511
8078736756
9400650124
9544334383
8848098510
8155999161
9746835561
9645657947
9452942852
8129526996
9567283188
7025125070
9074527121
9497365940
8086866262
7012013252
9443312606
7012145628
8891531535
9495669595
9895497897
9496122132
9946522289
8078325535
8281329131
9447829712
9072184955
9961575900
8089424237
8281196967
9497193568
9544214833
9496347326
9400953575
9895414826
7012407097
9656976068
9496336015
6282926399
8113038889
9400644565
9961218048
9400948486
9747641659
8111940465
9605261234
9947219426
7559037927
9605491550
9446908251
9495669595
8590129604
9048817144
9995202907
9048341630
9560040440
9846169603
9895950528
9567015811
8281210388
9446928095
8891411687
9961889861
9539336585
9446263938
9048464107
8589078654
8848066336
9495247605
9947192829
7736526928
9633198227
9446607319
9846655379
9895550353
9895723009
9497119208
9497880701
7838003682
9747413121
9961653383
9495669595
8848556673
7034941810
9633040820
9497108577
8589033044
7558819266
9446921434
9847255132
9496935147
9995117912
9567432774
9946236892
9744920522
9995406214
8248101834
9847396496
7306934019
9605666985
9895488355
9495367120
9747649283
8129834063
7907633793
9495707118
9746007337
9446915258
8714302090
8086244946
7907422042
9946133119
9495669595
9446397246
9863303036
9400428755
9895237459
9947114709
8590143185
9947449662
9148921489
9061584816
8208655590
9961009666
9847990086
8848196913
9495795294
8593054203
9946147958
9544845463
8822836586
8668172712
9447340705
9946669035
9962573802
7306941166
7276737907
9995508060
9495633557
7025807212
8848105844
9895834028
9995419180
9495669595
9447377965
6238748487
9745833255
9447677737
8111812088
9645758951
9037400300
8289971064
9847489517
7560926963
8281383316
9400621732
8848877022
9745622421
9941466979
8921366213
9496366811
9895084442
8111831110
7025801677
9447026118
8113091740
9072307373
9446568425
9747462933
8289861494
9846431607
9048080123
9745823910
9526063700
9495669595
9790026332
9496804164
9846075072
8050756282
9048952807
8399983565
8129233476
9946165266
8891368436
9633668948
9048202617
9605138989
9400834469
7306495909
9526835598
6238908093
9656305590
9400537090
9495814030
9447387168
8547611076
9496764372
9188187889
9747238219
7594831283
9562062847
9446883596
7012025856
7025324800
9400153814
9495669595
9497182455
9995820886
7994356777
9961405747
9656341826
7736507127
9400758318
8848771894
9746469776
9072336818
7012911783
8547709018
7306358028
8113895856
8891732954
7907072250
8122949461
9048157121
6282040129
9496345639
8921639501
7012584829
9846524554
8921042702
9947318001
9562631590
9446322353
8547546760
9847432224
7902574307
9495669595
9895698002
8097848983
8592865040
8547716118
9207293781
6238374145
9037808075
9746615984
8547928124
9895636983
8921485959
9744243452
9446446276
8848496830
8281330805
7034899898
9497368802
9496891733
8089797929
9444453645
9567317818
8921698165
9995197055
7200027285
9656087272
9846021815
7293201396
8137907255
9562401389
9497368897
9495669595
7025187393
9895394469
9744970641
9633356739
8594054592
9074364438
6238348031
9080326486
8714416045
9847979779
9544496654
6238070519
9995919037
8848727757
9496823194
9633510001
9447265523
9496023453
9048594198
8129643937
9809259479
9526677426
9495338227
9446173603
9496283587
9744418879
9447780044
9400175747
9526362184
9953843215
9495669595
7012096126
7012938225
9846283380
9947034469
8606644531
9895799678
8667004789
8086475793
9895231750
8867912357
9895089794
8893281759
9633652400
8289911743
7012758640
9961342480
9847954646
9495340191
9048196429
9958837483
9847802524
9422487367
9868747600
9745041684
7907189566
9895135151
9447595474
9846102220
9946302700
9739602091
9495669595
9061866936
9207480408
9656285208
9633884916
9562286321
9495843603
9744290799
7510143132
9447991524
9446057314
9995138166
7025349856
9446717276
9446341271
8129738408
9746166883
8907875006
7046600669
9497685726
9006296785
9446544947
9446343896
7907107242
9048518981
7907804102
9447501660
9946950777
8075738490
9538515319
8086144235
9495669595
8848984255
7907038936
7558059849
8281332087
9447506494
8129199996
7012167822
9910654623
9048293098
9544199560
8136829474
9495830181
9495976710
9216558855
9746094636
9747471633
9446773924
9496668475
9745286045
9885051974
9961789508
8848668057
7736370074
8086537781
9562251040
8547418256
9562038444
7904716384
7907137279
9746906545
9495669595
8712232205
8156968044
7994136524
8275274510
9873926143
9656417341
9493400771
9781865111
8848919535
7567776925
7873043338
8447120908
9971917302
9898396363
9771234112
9830048679
9681743424
8447661230
9700005286
9420133041
8709877731
9952035122
9846575662
7012215451
8593888361
9745488723
9819441778
9776975465
7839152563
9901904926
9495669595
9605020209
8137011934
7651911588
8076223605
8373983563
7008565475
6377947902
7012546114
7064645136
9861658429
9971898905
8848161448
7339053262
9430294254
9045002876
7259481985
9746768819
9988896322
9446572142
7558910090
9404262655
7903020205
9909489497
8335846732
9400528912
9207505918
9961035017
9747392632
8818076200
9480170892
9495669595
9447077865
9512120636
7012296767
9967351551
7358770733
8248194545
8136885902
7907912881
9497276544
8291202055
9048898533
9605141387
9072732647
9895978237
8129246326
9846674182
7028020510
9633191919
9446086608
9995013127
9400404450
9400034106
7722032050
9599694191
9400219968
8593042364
7994847689
9447884843
8284887039
7012964925
9495669595
9995087237
9020590705
9539948630
8301066505
9495240895
9019142289
9497293301
9846165188
9633737533
8547310306
9969213980
9497426128
9995538823
9567311093
9937208266
9940058825
8943550494
9946696651
9324054255
9447843390
9495710448
9544173666
9961941753
9809251739
9633966874
9496367114
8848594907
9446836600
8787670310
8089761077
9495669595
9446677848
9446288592
7012902255
9400530319
9539010777
9947471286
9496335767
8527043439
9137625686
9400623136
9971086255
8281290378
8921981317
8137011122
6282302363
9895518142
8921747156
7994860120
9496320926
7559053567
8075634442
9446150109
9745187041
7558899145
9995141163
8129040466
7012938225
8360168441
9746947799
9946763119
9495669595
8848262653
9809744242
9188649124
9284483692
9446128568
9447440135
8921324917
8281423569
8593041887
7415973630
7045659050
9039694081
8420440370
7906731296
9324330044
7987430710
9524899003
9995483739
9656267206
9111147272
9746578568
8113033092
9496405998
9539396023
9633160432
9895029785
8089345409
9061139473
7012480310
9500037934
9495669595
9207005123
9447646170
7025914560
8547101476
9497287165
8921967166
9400195534
9497063558
7012998076
9544009161
7907162330
7025217998
9496571187
8129312436
9946727882
8891436898
9495108314
9846108968
9526022658
8089853409
8698114455
8652330796
9495251576
8447147867
9663173600
8590809169
9746249802
9910546333
9609967760
8249629754
9495669595
9959251009
9074255992
9497332994
7907601873
9539092200
7989696060
9562402279
8921319722
9745515439
9789150700
8754561578
9496024123
8928748526
9447792337
7907115244
9895700927
9999453529
7012799603
9447662667
9567526615
9500165092
6235030311
9746245363
9037233330
9275131313
9019530525
7558853905
7736623173
7356463929
8606071701
9495669595
8921696372
8281962744
6238965988
9446203354
9961344380
9995425117
9061954622
9995371188
9745576428
9446823698
9605594961
9567815535
8301051634
9074467460
9847824795
6282578252
9746438379
9496444396
9207046145
7736327612
7994675836
9048816149
9447665205
8075379496
9946788130
9946919092
9495295747
9447225789
9400304890
9895717254
9495669595
7025576698
8943213259
8086556222
9995541118
8281950250
7907323804
9061239501
9946893599
9745094741
9686430101
7012709532
7025736790
9496195530
9846193165
9446275133
9605303368
9747309609
9656568238
9995405597
9895005744
9497633713
9539449334
9496306685
8943723488
9387524232
9739042835
9567045931
8330825538
7989837834
9048120116
9495669595
9497793999
7418728554
9533384383
7510810630
9966636930
9288804464
9566951351
9946231970
8281453083
9074560357
9022586150
9496337757
9847215198
9846487311
9400735495
9247800900
9447988528
9677612169
8281514943
9513333961
9895493450
8301063596
9896069597
8978709706
9895787033
7200729232
8590421146
9995221284
7012161364
9497437361
9495669595
6380828227
8289947156
9400649954
9020855953
9496830219
9995005319
9047339950
9539664226
9496461778
9562858893
9048838217
9539481727
9567011746
9746583526
9947093486
9495724822
8086278272
9447745599
9747472130
7992231576
9656793399
9895762522
7373387824
9446908564
8921267159
9961154438
9809293329
9744046299
9952415116
9654606654
9495669595
9746442455
9746258814
9497588663
9496466234
9037771740
9447759858
9496536565
8089081244
9400474023
9074634943
6282987073
9442716796
8848763900
7907608205
7011729184
9061495136
7736690540
8893636901
9769818228
9744435502
9746402188
9995963060
9496194916
9446262859
9495191218
9995912727
7902312723
9895316385
9995885478
7293465564
9495669595
9946464576
7598064811
9500009902
8891664823
9738372877
9495325408
7306411630
9077341073
9895874878
9909973094
7581019480
8606805623
9538717084
9020771706
9961996473
7022660901
9746822121
9747406527
7012010365
9562877860
9387445708
9995445998
9605965398
9633392122
6380079117
9911488387
8089491932
8943281252
9400947944
9400874656
9495669595
8593951616
9947935524
9446860522
9497840328
8281342353
8886971443
9747530385
9605971777
9446042663
6238060137
9961048800
9567333116
8848063069
9487850589
9567039916
9072229117
7994838309
7204274229
9497015119
9495547181
7981580154
9645551675
9567045839
9400978287
9940258852
9446533949
9400697225
7760044272
9400646612
8113046478
9495669595
7506560527
8072545797
8590384175
9496956201
8089277017
7559002716
9061748560
9995872086
7012770901
9544933919
9995855017
9995214033
9400990990
9567421364
8281443508
9497434731
9742861238
8100080048
9074989547
8129129780
9995337022
9495463130
7012388676
9567095527
9633455721
9966345104
9746567653
9496469396
9746118636
9995955569
9495669595
8220044410
8606810977
9744723186
8921283050
9823344496
8547119203
9567033097
8558877620
9567829230
9497886200
8660623700
8907015778
8852965826
8086019114
8547380496
9567672724
9744677174
9847744506
7306474795
9506347822
9440348122
9940191947
8547238529
8547176670
9847439969
8281796461
9561078005
8129075801
8078305879
9447315735
9495669595
9746055560
9995348062
9656900337
9633814341
9567222247
7559986295
9500373493
9946197827
9820539821
9846384111
9447752258
9946877894
9547054381
8714361996
8547559555
9400433596
9433581955
9961750815
8921497101
9895560693
9496828481
7012847055
8553039759
8921032798
8893883386
7736927530
9446219098
8129150389
9446608242
8129171375
9495669595
8921527912
9496578979
9495060585
9745019161
8157812534
8921022869
9428746003
8138806171
9656835486
8075140547
8075950117
9497010991
7356260706
7012630780
8129605068
9047766097
9892473113
7510530967
9497740262
9746673253
9809121131
9582241597
9447785239
8086452055
9402325139
8089512620
9447494585
9446024613
9496216477
6282630295
9495669595
9840083093
8848951279
9946276426
7904259696
9526996635
9495344555
9655428744
6238632815
9633482006
8160808179
9585281684
9633378398
7558836200
8289822580
9400633583
9567691512
9746020242
8589081325
9497334677
9809161933
9656223194
8714810256
9539283517
8921742741
9656337863
8547048604
7025680558
9645755093
9446026355
9048111381
9495669595
9061046584
8113995025
6238337018
9961814277
9995837267
9495637167
9847434914
9746858111
9447520256
7025110220
9809543309
9487676287
8921428597
9400930308
9867095666
9895629696
9995208261
8281391154
9497865303
8921614434
9400772780
9446135358
9447618155
9526359628
9072841131
9633570149
9656164999
9003272280
9895768353
9847093699
9495669595
8921283119
9995255767
9995294665
9846665242
9633103434
9539796559
7025903685
7907223682
8129444319
8714433803
9846816974
8547573040
9946321903
9946486545
9446830425
7558960902
9188040570
7356293191
8547940448
7907422235
8593887988
9895455822
9900632302
6282964189
9871427600
9809341506
9048088009
9846593322
9400673775
9605412700
9495669595
9387211183
7358422792
9846814723
8593878789
8281901192
9947465113
9947104282
9895447874
8547628139
9747502508
9539349147
7012040007
9526143752
9567635534
7012571654
9539002245
8281127898
7907814143
9400723347
9995490113
9446905063
8129579390
8606942044
9957361411
9645934825
8547026533
9446935806
9746225563
9846937701
9895788944
9495669595
9495633094
9747965221
9400879532
9847182340
9037134245
9188570653
9995978393
9946645436
9074931489
9495426349
9946014788
9847188002
8606508993
9745006918
7907492151
8606198234
8547916575
8848361805
9446070716
9447755461
9947152056
7907950442
8590904621
9400839865
7559935862
9207460865
6238691267
9539328970
9995858689
9778762479
9495669595
9847124218
8592010130
9048917586
9400396689
7387644764
9048403549
8848081362
9567423748
9497794251
9497805250
8891833163
8547095621
8547722615
9847555105
9074705626
8089152672
6238011213
9605306438
9747144025
9496718741
8893694546
9400428475
8921036562
9495542001
8086901237
9567363006
9745139636
9562663572
9400647555
7907125328
9495669595
9995006976
9495019951
8714096734
9495636538
7356809577
6282559798
9446138798
9847815494
9947466212
9947814415
7012379760
8848210234
9744605767
9497823700
9400388374
9496154072
9745364990
9971218227
9539760954
9656907758
9447131425
8301858981
9961177799
8921971218
8169160387
9995646741
9037816009
8592859210
9387872839
9495218004
9495669595
8921348685
9946180819
8592889699
7736771297
9388957484
9400658290
9447160920
7012914316
8281960679
8848767317
8281175915
9895844366
9167457240
8606833105
9846653472
9446338045
9159259925
9446265053
9567738152
9495373163
9745232166
9496337885
9946215206
9605395855
9446138991
9633594747
9496629700
8075698204
9895869138
8075604239
9495669595
7025473054
9496651308
9809778716
9526152777
9778117259
9446953143
9961833899
8891516218
9745115408
9995701610
9020705755
9495740362
9497811586
9961760882
8921789975
8714346038
8089524774
9526750547
9946870238
7907933293
8590514142
9946298338
9446995912
8594060665
9562260001
9633052156
8606144730
8606099898
6238069223
8592066389
9495669595
9645444261
8594082028
9961572484
9846599899
7306133577
9495102187
9745478322
8078373980
9495513976
9447169453
7758969079
9778711479
9995965637
9656012783
9446342992
7012065108
9846391680
9497805438
9895614525
9961903450
9605337398
7034311778
9746797077
7593033233
8089373547
9446332097
9995058864
7559842975
9446605834
9072389193
9495669595
9912971222
9961916231
8921969074
9400319169
9400430450
9446209995
9048028700
9633140926
8593914960
8593991155
9746166628
7559910554
8050262825
7907530025
9947250396
9744449993
9846374680
9946557665
9495636652
8848234893
9447365181
9446143382
9495027966
8075316805
7012781158
8593877747
8589910666
7356009284
9489676287
8943955626
9495669595
9544014948
9895540935
9645346161
9946909853
7907604925
9495112830
8891471292

