Contact Number
7907186244
8547251714
8089318857
9400237015
9388085100
9188623213
7012970402
8547012612
9846252317
8590787733
9847014243
6282506566
7994958329
8086066481
9605601434
9562827263
7902311820
9037900586
9495851084
8089438212
8113831412
8590750043
9995940816
9747497940
9605488113
7306947722
7012958200
9656927612
8891178741
8590873762
8590346993
9747291655
8590511453
9497688175
9562732788
9995149065
8589092682
9846169139
9497787433
8089654183
9207381604
9188762290
7561848936
8921639017
6282129733
9526849013
9544447981
9495276784
9447646449
9447329765
7306253847
8075379545
9747711349
9947604688
9447380812
9497167692
8547693284
8921952271
9656104224
8589862838
8754218735
6282279941
8078823617
8075861995
7306275861
9947364580
7561839070
6282831879
8139857316
7736154343
9446897674
8089011664
9446868440
9946499159
9447891527
971505453188
971509021837
7306474293
8590242757
8590739218
9497631878
9495637752
8089630436
8301906746
8129083199
9847853769
9562751749
9847192434
7034962164
9947609043
8590635125
8590578895
8547070269
9995611168
9846022472
7909159803
9778191375
7034090168
971504213449
6282314221
9995822324
9207004788
9995577208
96895685354
9037590223
9645164687
9188837638
7893892687
9496841241
8714773620
9447159979
9447159979
8943321820
971529736162
6382545616
9633083873
94473605657
9947679397
9995599528
9846253168
9995692424
6282848296
9074581751
9947954688
9249350307
7306415792
8714587582
9656171744
9188449830
7902424588
7907385791
9526500841
9400881514
8547054383
8590572533
8547268421
9400127398
8078082061
7012056335
9387040241
9400428059
9744495212
9847136570
7736976580
9447036375
8281874154
9074811129
9447636142
9446217780
9633190806
8590700440
9495157834
9778303184
9496848497
9447116588
8848366407
9778228530
9207168558
7594085637
8129197139
8714036852
9605819172
7593919473
8921266938
8593090306
9946111607
9400712168
9048745474
9400973113
8075284316
6282428907
9496904246
9495551672
9539567379
9656515896
8248501345
9400642226
9745792180
8943587142
7012649569
9447718177
8139808218
9656420993
9846556932
6238445045
9947608314
9072101271
9539007475
7012426423
7561867740
9645540005
8078129978
7012088519
9847646597
9895814825
9633412559
7025203633
9526559449
9447215010
8129107661
9446372165
9995770018
9747085389
9562994523
8281499788
8590233394
8129916291
9810893538
8921262971
9895175598
9947440781
8589024812
7736831768
8547723113
9544082940
9074056290
7994504485
8943027105
7994666092
9567447163
9947900249
9207033010
7736270075
9400452809
6235622279
7907716230
8447475868
6235820589
9037594664
9745143161
9778356039
9747151834
8078588674
8086634130
8848078990
8137949864
9946846322
9061008518
9746309819
7907844654
8547810115
9544678292
9526319211
9778179452
9207652320
9037020541
9061679297
9947927646
9188498507
9633093015
9995479110
920714993
8848689677
8891568074
9447463967
8078551758
6282381631
7012484919
9562517012
8129958696
9446714842
6238823439
7902833815
6238339301
7907717128
9656300045
8590795702
8606207894
9567318036
9606451252
8848507261
9946644479
9447825644
9846628919
8089569235
6235229926
9895563610
7736566202
9072331383
8547493367
8590019130
8075781547
9746341225
9947710355
8943154996
9037448118
8848024309
9747851100
8891370466
9778732369
9207986344
9645967692
8281831679
7994173934
9526912256
9207480160
9446518762
6235065053
9072280661
9895309180
7034349913
7356019073
7561070374
9447794833
8891448554
8547332965
7356676973
8281751917
9074451725
7736372057
9946851409
7012748581
9072435329
8075357335
9400022578
9745605737
8848359869
9037545133
8138927803
8590753088
7592943260
8078703523
7907657021
6282929549
7306668586
9544003672
9995311083
9074582620
9567979882
8289859190
8129086409
9048830894
9847699429
7306535713
8281884520
8921971309
9074427528
8078785732
9946764087
9995905493
7306318660
9847124384
9496808917
9567062105
7736178768
7306650135
8287556291
9037551102
8086230479
9656276449
9387316929
9567533433
8714739162
8075943671
8129025434
8592920111
8921326218
7736531656
9074485419
9074431803
9388772402
9895451274
8138092008
9539416254
8089879402
9656490813
6238008185
9207832365
8086527458
7306998696
8592893341
9037031655
9400296575
8075103892
9074009226
6235491774
9188590904
7306447119
9778236832
9037282733
9447379483
7356446192
8606140554
9495379543
9446427627
8714547378
8921266961
9447499339
9847670293
9037222746
7034706960
6235105230
9605233949
7306534979
9496215010
9995798334
9605391305
9744693244
8078145169
9895479206
9074823365
9495463548
9048913414
6238636528
9747405979
7907818238
6235787719
9947538501
8606133612
9037022333
8136830170
7012062621
8714266991
9446227860
8606930116
9495080994
8891394334
8086482931
8281757482
8590802066
8848352087
9846211123
9037588401
8301091746
9446853300
8590193890
8129420105
8075340026
8075669641
8547975816
8289975214
9745731385
8078472541
9605498274
7558862436
9072665068
8590864834
9495936597
94997060020
9778145708
9037999787
94477088427
9497770308
9497474371
9447739474
9895533645
9400722047
8891640903
8075479119
9567161835
7012757629
8590794549
7736973559
9747341101
8590503417
7736537379
8590273189
9562603259
+91 8075667706
8921023261
917403615413
9946719500
7994293583
9605213379
7907130926
9567273982
7994572151
9037721240
9544696140
9400625392
8891550562
9746954460
918848806670
9847381796
9995029636
9496244775
7592877014
9544614186
+91 92070 53613
8921370411
8089764392
9447085428
9747303708
9633269220
9446938105
8547294920
8848242556
9539880873
7356826055
+91 8606581073
8891738846
6282746464
7012578303
7306668186
7510769901
+91 9747301618
9747725315
8281611768
9037434169
9645646885
9746814929
8921952800
9037528494
9946220927
8848214876
9037407834
8129353938
7560906817
9567914051

