9048689587
9746197590
9995605730
7012662121
9447723589
9495161107
8606578540
9526214993
9880962644
9847994454
81119 61130 
9048779264
9847847624
8281437583
9447326964
9495116617
9495786209
9744513940
9497800544
8086156323
9605935008
8778996941
6282661587
9961471283
9447478943
9544735356
9446229773
8139834422
9656398102
9746293141
9961100672
9995020673
9744494210
9747309111
9947381486
8129867077
9400619868
9846904456
7907765417
7510887025
7510887025
9447263133
9495503631
9847957555
08086865434
8594087926
8111973740
9400749039
9947234126
9447498274
9645967007
8606135558
8281764175
9746272227
9747685368
9745649066
9633519991
9446488819
9447480840
9544616162
9567296450
9961191445
8086967089
6238435331
7760124427
9846640795
9562041521
9446350474
7994112115
9400116937
7338602357
9496817324
9495564438
9544854881
8547052289
9447907705
9526221762
9496126661
7907030580
9961477901
9895683568
7907700768
9995738070
8113994603
9495849964
9447701075
9495996303
9946651922
9947888181
8075020949
9497537882
09249265894
9447001726
9447287418
8547710901
9847515290
7012015817
9446333133
9961183752
9995554422
9947753755
9447656817
9605055082
9562894996
9567804196
9961082601
9400169081
9061800427
9961629843
9446917238
7012191923
8086807105
9846199863
9539145205
7356658918
9447248393
8130132389
8089463411
9846472505
9747667523
09400717699
9387585032
7904969667
9526049328
9747497068
7902519929
7907568941
9746258858
9846078062
00971508183720
9495728314
9497067513 
9744706564
8113957180
9895919285
9605549432
8848372686
9544165602
9048068711
9496416883
7403481762
7025424128
9400037921
8590448950
9846739309
9567388980
9400500616
7012418031
9746950146
8086502946
9846683632
9496044270
9047009195
8138979108
9447289964
7012793952
9895050950
9447814826
9846450447
7907188364
9447951977
9645494809
9847091924
9400112865
9526932362
9745194991
9895044144
9747040280
9605983020
9947309309
9656177077
9895509131
9895012088
7902310733
8943758237
9961468577
7559932566
7025457957
9544989920
8330848515
00971502870939
9746148736
9995438111
971526137197
9207114288
9895085060
9446514683
9497295353
8075317914
9633715139
9497027979
7025865603
09495875454
9495033816
9847092935
9847409530
8921345339
9400989444
09020096145
9847835682
9846887551
96565053203
9656118490
9447500450
9447450652
9072869999
7736356336
9539456990
08921669653
7012281684
9447281657
9744202910
9495554673
9497325411
9946249205
9747192506
9623324636
9846027598
8547308763
6282978995
8086123445
9447645724
8086243151
9605238335
9645687510
7025347625
9847035232
9349223474
9447405856
9447643457
9447579863
9995343252
97470826299
9447542864
9946116476
9447604694
8593008927
9497842727
9895034530
9744263320
9544554288
9846904222
7025672159
8281623504
9495086229
9544002943
7736678890
9744072954
8943913886
7012163137
9446741786
9744980318
9745922237
7012145309
9847178305
9400211546
9447912797
+971 50 832 3760
9447843680
9497023043
9446128347
9847869793
9847811062
9746522840
8089428976
9388295294
8281350870
8428101825
9495333104
9447293592
7012812094
9744703237
9497813708
9846046849
8304090801
9497285136
9447692311
9447829754
9037083017
7510164605
9037555226
9884254279
8281494221
9446603571
9995116377
8281335783
9947236499
7559051164
00971508547785
9562093735
9496332123
9061933300
8089343396
9995790185
9447056496
9446741786
8547901760
9846135060
8086886419
9744768278
7558089918
8332944320
9645599327
9739762602
7025007265
9446441535
971551953424
8089529946
9847114440
9895799570
9961284207
9961172101
9497490480
9562566293
09061933300
9061054325
9605869930
7907531049
8943257671
9496122822
09447232734
9446747147
8078097674
8089480369
9446297020
9895048688
966506995024
7907910237
8603929828
7736451469
7994155226
9847354740
9790725666
8129109953
9349890410
8137902021
8281466343
9400942590
9961160748
9061643180
9344647797
9895150834
9495051128
9496080354
9497057671
9947860001
00971501859166
9074583614
8113067709
+91 9847129943
9495625294
7012559036
8943951991
09745113899
9633843446
8893707077
9744499707
8848976423
9497827090
9746052453
0097150-9454297
9447548576
9061720089
9846334001
9656910703
9562106417
9495661111
8547120024
7592827978
9747386059
8281728246
7306984591
9497720746
9946841825
9447605773
9656282659
09847878747
9947005005
0096566047967
9447722112
9400551886
+0096566814867
9446741786
94952 18586 
9446741786
9446741786
9567441440
9947175411
9388631233
8943157644
8086911154
8113932948
09847146256
9946358092
7907380834
9526958475
9746635075
9048248623
8943186834
9847576430
919633885820
9446741786
97339870066
9495885117
00971552753994
9961954880
9497445151
9961463693
00971552098213
9496496572
9747929252
9745606740
00971504908531
9539068033
8111804103
7025634335
9207027905
9447012728

