9645900095
9446255982
9188171481
7907850891
96555922361
9567979882
8848353953
8281286780
9920672022
8590339496
8714054792
8939923455
9961513803
9495570810
9495400752
8943448945
7034115057
7306675400
8921644017
8086124461
9847305561
7558860412
9778728655
9745503205
6381949553
8075530725
9901633256
9946633599
8547263046
7902765563
9847611417
9188591129
8547147814
8891568562
9048830894
9048830894
7736200837
6282376370
8848410043
9495467637
9446811481
94997060020
9544344848
6282753285
8078944764
9447208565
9495150095
8547134649
9188837638
7994160289
8129088991
8111983311
8606132904
7736364080
7293361122
6235950164
8089458962
9048812657
8086754109
96899659946
8547523986
9207004788
9447342873
9496180293
6238473945
9495157834
9745965993
9387557775
9207033010
9400137984
9633472572
9633227619
9447608572
9645532710
97475 77374 
9778593270
9037590223
0999 560 8731
6238576977
9400577857
8113027853
9995709955
9497043125
8086385486
7736989129
8281991206
9946423573
9611237512
96895685354
9495960078
7559035310
9582827767
8943431999
973 39292177
8330821044
8921042077
8848654450
7012058169
9562291975
9633491333
8075859340
971569122209
9961724369
9847773337
8891257097
8157898733
9952121202
9562757383
9562757383
9744556656
9961724369
9207413009
9745641710
96871177482
9496586554
919746126654
8129430045
7907173096
9947657130
9495554628
9778191375
7034090168
9995577208
9961724369
9747155995
7994421647
9349896979
7736800350
7736800350
9400238745
9447349529
9388880028
9495812223
9567558394
9048184064
7306211214
7561063787
9061329074
7025027987
9074022798
7510513605
9496236307
8848250341
7012524060
8590275618
9544087355
8590635125
9447247510
9447247510
8590123862
7907886387
9447391742
9447159979
9847085545
8848275679
8891377890
9072938333
7306150072
96895245472
9745854134
9446618480
9847183452
9188409230
6235225166
9947732197
9744729056
9048676083
8547619692
9746447514
9207806351
965 65519210
7907279555
8590173610
9496228911
8590303225
9745451543
9526914220
9447293042
7902203585
8606774852
9447131949
8593932322
6238709198
9072046585
9746850677
9947701159
9447859734
971504213449
9447602874
9847192434
8590578895
8281540120
9074734244
9544667923
9961125435
7736562307
9495157834
9946639802
9495667456
9946548175
9037081160
9946673854
9447629388
9567875946
9544184236
9591670779
9495852427
8075295471
8129495863
9495637752
9567447163
9709352396
9048745474
8086762243
6282314221
7909159803
8078995323
8547054383
9048956354
9961537715
97430546076
7012683533
9846022472
7012708679
8921323033
9947657764
85478 66009 
9847569890
9961700657
9645585757
9188566728
9526557422
6282741435
9946832937
9061855850
8590656308
9946361581
8547072094
9605710801
9778756353
7994131558
8590242757
9895514978
9562751749
7736123688
971507539313
9400337369
9495995072
6238188265
9446427929
9048956354
8330068600
8590739218
9745910106
6282081322
9895068231
7561060265
9995538510
80789 86751
9497631878
9539491360
9349921747
8156963739
9847853769
9074586054
9446781962
9946644479
8848755890
9566280833
966504483284
8139808218
9447811575
9048756765
9895159758
7306474293
8590578895
9074646886
8089287533
7306735903
9778736517
9188414616
9745555017
9061715103
971528630513
6238820238
8606001347
9447716309
9496871900
9567408435
7559937817
9656250620
9449730003
8086884390
8075792430
6235820589
8547070269
9632174510
7972385706
9958735408
9778236832
9447803488
7909155873
9495066346
9037343279
8089630436
8138818110
9946071305
8281450604
9778236832
9447674659
9497787433
7902237250
8075957017
971552001099
7561017873
8848786407
8547728695
7012004613
919447891527
9846504152
7907571833
919447891527
8921023261
9895119992
9446600936
9995193089
7306722367
9544458672
7978803120
9048654131
9072159187
8848896152
9446231167
971505880562
971505880562
7907866793
9633211692
9567534497
9895221212
9495468670
8606365129
96895478012
8547294920
96567050252
9447990839
+91 6282700430
8281382270
8281382270
971589212005
9947039142
9995750126
8301906746
6235789063
8157062407
7012148073
7025541041
7306779702
9074767569
7736637593
6282957435
8547029118
9446897674
8590305617
8113932202
944689868
96895851920
994600785
773622135
8086966647
8848616029
9526364267
9746488370
9846344309
919847010144
9995599528
8075546670
8075455963
7907340750
9497891426
9447608237
9048121365
8111897128
918891051646
7736277029
7561839070
8547852557
7902791553
9207524855
9946898035
8943428936
9895771101
96892572680
6282202700
8138818110
6282725589
6282922971
9946954989
9961472869
9895046312
8075943671
7306275861
7560995172
8921870116
8590538083
7204347729
7736597340
8592052005
9446341235
971582292599
9496862873
7012151864
9846070636
9947364580
9207009044
8078823617
971564152467
8078726350
9656977073
9446177324
9562202004
73052 35401 
9620902248
9495285002
9847727616
919746139792
9037418994
7034962164
7306595363
9633911656
9020994455
9818441302
7975273285
7736379349
9746717626
9447134176
8089433165
8754218735
9497873650
9037955468
9060857591
9447352943
8301913339
8921331311
9605014310
9446868440
9446868440
8590581792
6282263762
8547693284
9544566633
8139857316
7510855194
9526191461
7012050186
7012114661
7736154343
7592054575
8921952800
8078340847
9048369667
9447035998
9497167692
8848416496
8547012612
9539220177
9895993856
8921988735
9539333388
9544152299
9447291449
8943938808
8589862838
9446605625
7306253847
7356996063
9496032762
9645691312
7994572151
8590978742
6282532203
8921952271
9567644111
9645015097
9400078304
9995611168
9730757629
9605987101
9446531742
8089326399
9447329765
9188451720
8078353119
8157965615
9745197829
9964753816
8078079684
8075934204
9846738131
9497685140
8590993574
9615222333
9496824282
9747711349
8129083199
8129083199
7560883587
8301917349
96560477060
7561032005
9539494769
9745608438
8547000351
9188762290
9746198550
9188762290
9400655014
9526849013
96569306610
9516232180
8089654183
8089737196
9074703413
9495501315
9495205550
9744403406
9995149065
9846855355
9895078649
9496118686
7561017873
8714740689
6235463029
9539007475
543288202
8848694882
9961231198
9446552705
9544447981
8590873762
7012690039
7994304344
9496702508
8590511453
8281854134
9562732788
9447133127
9605488113
9947580201
9656614940
9747291655
8921639017
918129474212
8921639017
919061570573
8156945189
8590346993
6238049083
8606816427
9846306661
9074457949
8113831412
8281575277
8301975044
9497362790
8547063133
9995540549
+91 90615 42159
9447646449
7012124852
9744497361
9496148102
80787606
9778335793
9495276784
7306414569
7306947722
9447329765
9446873437
9048623161
9995940816
971527557550
8075379545
9846358988
8129745254
6282606092
9656828835
9895144498
9497688175
8590346993
9495851084
97336699165
 85907 50043
7902687402
971552001099
9495677670
9995419343
9946123772
8547353265
8590991197
7012958200
8281108350
9446555865
9947604688
8848532039
971505461734
+91 9446477103
9037600627
8590968115
8138082695
8589852233
8848532039
9447329765
9448817930
7736637593
6282129733
9447528212
9310024624
971589212005
9495882949
9447575152
-
8089438212
966509907650
918075903392
919946894206
9544810691
9496451115
7907135526
9447329765
7012592504
9446800913
8848679075
8848650158
971505453188
8943916594
9946524164
8589092682
9605351525
8891178741
9037996372
8589852233
9895178418
8943692818
8943692818
9747497940
7012476346
9446179393
+91 9562827263
9048333196
918129677184
9946065500
8921467076
966533637374
9037900586
8547867912
9497688127
8129692179
9497362790
9539651901
7902311820
97466868156
9446235283
9061954173
8129118777
8714250967
7025087639
6235935115
9847110815
8606825667
8086066481
7034136065
7736877205
8089966224
9562668979 Brother (Rusafid)
96899270817
9447603547
6238110704
9447329765
9605601434
8714101348
+973 38861678
6282506566
7356325197
9342649580
9947609043
971557207436
9656947498
9391679940
9391679940
7994666092
9447884843
9744749676
7994958329
9497787433
9846169139
6282831879
9847422939
6238438662
9947662708
9656104224
99958 22324
7356519227
9995021636
9037125347
8714157359
9495576025
9496226439
918593811853
9446589269
8086782650
8547012612
9895998870
8590787733
9567620632
00965-97630205
9048782301
9739829720
9388085100
9037579420
9496587770
8593090306
7025656202
7561848936
971505680638
9846407720
9037197977
9037469626
9496790430
966566525501
8590212547
9400656110
7559871580
971529736162
7012970402
8075609830
9447960010
966594392550
9447891527
8078249730
9947972940
9496356176
9447380812
8589068099
8589068099
8089318857
9400237015
9447701848
9159074412
8547934436
9446501700
9074579019
9746524060
9709352396
9846625958
9847963399
9846095070
9895076577
6282110891
9400173097
9040024064
9605819172
9744932659
8075861995
7559871580
9778495441
9188623213
9074299639
7736374585
9544318243
62357 18771
8281688736
919495559351
971507592079
8281831679
9656927612
919744514292
96566933744
9207381604
7907186244
8547251714
971559942466
8075861995
9947426868
6282279941
9847014243
971569922901
9873751828

