Contact Number
9497490824
9847104963
9496639081
9656850777
9037014018
9744500729
8547580500
8590184477
9037327659
9745562317
9544374234
6238276247
7907045436
6235664573
9497889207
8281777956
9539719686
9847302985
7034951220
6235216178
9562626148
6238170107
9446066417
8848803192
9847710193
6238257430
7025399127
9995748861
9061473646
9895924441
9447060622
7736281187
6282373023
9496646187
9495610090
9995182898
9633497831
7356090314
7907925200
8589908177
8848613233
9400677115
7907677068
8281850124
9847835682
9037806169
9496381651
7025525015
8075871700
7593859766
8590493506
9746031709
7736673331
8137906245
9072999459
9037599423
9072874295
6238293289
8714768559
7736308309
8943926126
9207579361
7306672102
8089367917
7356087843
9446710906
8590525981
8848983400
7012081789
8078281001
9072451961
8086225446
971 545357167
9947329753
9745369270
9447342092
9744680450
9037529498
8848680464
9645773926
9778134743
7560972788
8111858696
9744101976
94945250552
9495700950
9037364789
7356773344
0557395858
8590911078
9947840793
9288503382
9995060952
8075906686
8848487807
7065222076
9895152909
9946233938
8111813470
9946398838
9061482332
8281208923
9656509901
7012365422
8714614976
8590312970
9947214117
9446765235
6364670806
7907081787
8590889320
9074357399
65889053
8129713240
9037700361
8590430673
8606770719
9778022734
9495019486
8921481580
919446589464
07025104564
8075927052
9656554446
8139864335
8075205100
9446458536
7564880468
8086794078
8089192946
9495465775
9961700657 
9048721108
00971552780702
9188732465
7907531469
8086278426
07594043812
9847481888
6238019877
8075080748
9847912252
9745606740
9072840159
9495228928
8304943022
9048630645
8921292567
9995194050
6235215513
9567922992
9633714443
7356845864
9846836675
7994027044
9605809705
9947168347
9946739420
9961204329
8129547628
7559092992
7055672067
9446228758
9074610884
9207482430
9539400252
8848461541
7902326011
8590275804
971567058465
9846974647
9497585165
009656670802
9497687170
9846450741
8086350500
7561029243
6282756687
7736550228
8590360701
9778539718
9895302642
8848462905
9446211541
8891412673
9061727489
9539587799
9400854047
7012464756
8891575034
9747299644
8891488707
9061662000
7012955742
9497249094
9495283065
7025150706
9947855345
9188235403
8848037590
80897 56399 
9745677151
9995919869
8590223694
7025123429
9895755920
09947005689
9447546484
8891602311
9400256204
9447608831
9447378644
7592864606
8590957400
9633998558
8281418045
9495805297
7558933476
9567373485
7356658918
8129287555
9746564485
8848265146
8129168177
9207752759
9605740400
8547525385
9745857633
8281772403
9846594599
9037467313
9413280292
8891411613
8606295023
9946423837
9048592828
7902808100
9400968816
9744811631
9567146260
918281897594
08921853347
9847080148
9497459888
9656378276
8848037001
9072116271
7306888415
8590606422
9526301601
8921689754
9961139734
9746173636
9526056133
919745941674
9497369646
8891744116
8891796411
8330034844
8137077530
971529286262
9656057176
9072046585
9048735945
7994252167
9400313704
8593081058
8921576919
7736710054
8891974723
9995755015
7907451500
09447703602
9495140903
8590472703
9645821570
9562739754
8714172165
9446224524
9447814826
8893880812
6235437121
8281585009
9567016103
8156967693
8590066983
8848827011
7012847249
9895330681
7012581538
9995570039
7012117424
6282842097
9447060996
7306423388
9447727781
7510255452
974412827
7994903686
9746382722
8921876146
9497288393
8137807009
8129165415
8714473677
6282785540
9847943333
8547801885
8921595330
9567861056
8078034269
9495313949
8921057480
9074711351
9061983797
8089143523
7736235189
08075809144
9048089306
8848079877
9446036698
7736694336
9645576853
9074930658
8547864147
6238714790
8547817611
8592807061
916282356458
8606679252
7736215632
9037288496
9778434852
7558024438
9747896151
07025755100
9446952224
8075101720
9633452470
9188720472
+91 8848837121
9447727335
8281414331
9539704160
9400133308
7034094019
9288559717
9847782275
8590174990
9562356919
8848541751
07907327191
9496811700
9383499599
9778479450
7902944327
9846478401
9746179729
9961349836
9447743565
9847443062
9074336496
7306062039
9895446740
9497061630
9539945258
8129420398
7356846409
8714732284
7736914062
6235706448
9745062671
9744308751
8943823152
9400959233
09497113424
7306956017
9562851243
6238366679
09400869093
8848595230
7510375026
7510135423
8075896248
9447423155
9495636731
7736627260
9645106502
9946575479
7025481084
8714780141
8089757771
9995398129
8921719126
9388748835
9778083835
8547892859
9447275124
9847675480
9497413175
9895700982
9446032170
8075641318
7012928511
7907138731
8113063856
9947707236
9447512866
9947355324
8129311977
8589010527
7510488907
9497405534
9495934995
8139807255
9544825418
7907297448
9072886513
9961429777
9747180830
79077 41884
8139029063
9846623414
8714028776
9496214420
9447616564
9037232710
6238305214
9495087056
6238371514
9496799511
8075610639
9495734600
+973 38959515
8590014312
9446074606
7736360022
9446308975
00973 34150856
9847080901
8075097375
9539029860
9048519933
7994557698
9048470004
9074507165
0097338190828
8129530090
9496141549
9074269685
9946712436
9995126408
7736129939
6282 888 456
9447204485
6235394412
9895365884
8547113853
918848820431
7907647209
7994827943
8547395105
8075279392
9961522909
9074050994
9495367420
7356641507
9539632259
81130096116
918281208755
8590464872
8139832405
8547703623
9400072820
8136955874
9447549018
8848507987
9633595429
8593891046
9400584343
6282948782
6282717238
6235664573
9207592310
9567734913
9526811071
7356587723
9400758375
8089701461
8086605808
9037531771
6282903434
8921552589
7907406299
9497813500
9947604822
7907327995 
9562565175
8921019512
8129927720
6235816116
8089153788
9048335273
7559895502
9446353109
6282928875
9496379269
9562464994
9847267490
8086594367
00918590374762
9645945240
9495015092
8281725671
8590934126
9567045853
9778082714
9495227076
7012233939
7994881564
7994940625
8848405961
7510110823
9745913056
8138801877
8714205035
9895870627
7736031772
9074813799
7907341653
8606559845
9048343099
8289954266
7736708436
9074028946
9544771316
7907733921
6282948849
9633768621
7907706164
8848679636
9400151306
9605131510
8590474308
9188093048
8111892575
7435915640
8590799931
8547538593
7994772341
7356400177
8590724171
9207601558
9037358992
8921625165
7025009841
8129248692
9895792266
8590671462
9778748497
6238021863
8848873037
9895594767
9495247838
8921703070
9074046852
8590167533
7356423153
8848733568
8078952031
8714345043
9400089390
8714936703
9037349682
6282640117
8590135877
9895546163
9497706497
7356137937
9946171076
6238770812
6282550749
8075021185
9074450842
6238066413
79945 77450
6238130153
9131602969
8891939408
8714076122
9995664374
8075787369
8590179371
8301069802
9539460358
9846165662
8590355690
9633125201
7907140452
8075363018
8547681965
9288808458
9188838409
7012850140
9895136867
6282609515
8075344874
8606234911
6238056784
8139028997
9037470194
9188129594
8075691937
9605729637
9037577316
8590396232
8943939236
9778101252
7736521505
9946556547
917012572225
9526163230
7012560835
8281417440
9496421851
8547645883
6235018566
8089128367
8943642838
9895163430
6282824507
8129948447
8281384204
9501229262
8590401774
8921899605
7012856086
8618742708
8086506195
9747423382
9072135558
9946664421
9744549196
7909120821
9961869793
9072777825
9746025197
9744173318
9747386110
8547895259
9778487711
8891922466
7736148839
9074570591
8281862547
8590881349
8075130092
8078747714
9072361630
7907613237
7356767812
7356912668
9633496553
7025261016
8129596275
7736739472
9526943667
9656978071
8590080675
9645559973
9567708331
9496709662
9745054896
9656214805
8129358659
9037051024
6235347910
09846700867
7736032356
9778372114
9037408177
8592956776
9605456655
8848892367
8547898582
9544407646
9497756514
8075451846
9447032470
8590512913
6238417480
8848688589
9495159309
7736866798
9846159521
9074273850
7907019401
8590574966
7356436191
8891462206
7306164299
8129080511
8281509552
+91 6238754606
9746515032
9895741057
9605790032
9037681275
7907746708
9074621113
8138875310
7592853697
8330069277
9746230306
9744132706
8129438730
8301014833
9633864244
7025505897
7907069821
6235030880
7907970113
7511174940
9349788334
9495109870
8089832755
7907364159
9846099049
9544505980
8590433576
7907806583
9074749965
8590435535
8137911208
8848037839
9496526301
9072236582
9995453782
9847234177
7994459360
8594080291
9746959586
8848310932
9605699674
9496077282
8606148065
9074626401
8129172959
8078796858
7012706109
9995416931
7994859982
6238804291
7736426930
8075574603
9847112288
9400965881
8330855050
8089314082
8111906964
9496495888
8089859661
8138924497
8848602501
8086967022
9846554450
7907775452
8590515501
8078764571
9778799427
9447849229
7994418767
9400535944
9778743978
7907478185
7025942661
8606520903
9747642069
9744687178
8825978610
9562186096
9526582536
7356786868
9633466155
9544194344
9526937349
9074366354
8137952170
9447026291
8891508831
8089427677
7994628103
6282797138
8921398025
8547912600
8078410182
9074256754
8089143379
9447477266
6282455199
9037827595
8921875071
9745930603
7736550971
8891455737
7012230040
9539432113
9074497671
8848447520
8281765356
7510621565
7306998981
7994110925
7510883208
9048988845
9400053151
7907640795
9037002850
9846671817
8848880654
7736807490
8139827807
9778747529
8547219850
9778720021
8590588433
6238710628
6235164104
6238708447
6238245573
9746293045
8129208565
7736183512
9778006372
8129075378
7736334687
9207423392
9946008299
9495020091
7736220725
62882833203
8156871453
8089269232
9037366439
7994172080
7559977577
7736732766
9539513646
9526481765
7788996954
7907735247
8089536097
8590899863
8921926330
9947227955
9847782275
9061282181
9961367638
7907382900
8848541751
6235745985
9846478887
09846520986
9497687194
+91 85908 64052
9188195585
9656556280
9633589692
9383439931

