8943587142
7559072832
9656482723
9048930750
8138979851
8590519052
9895773268
8891352846
6238185052
9061158100
9895940654
9497135246
8590806859
8714887975
9074085707
6238310766
7902833815
9539416254
9961924509
7034256359
8547810115
9446182364
7025924890
9746432921
9037721240
8089886341
8547431917
9539567379
9539007907
7994893539
8281679414
9747585862
9048088458
7012056335
9400852814
9400658545
9645291463
+91 73069 65980
9645967692
8089889162
9496762350
9037912889
6235325988
9995858996
8075858058
9447892469
8714587582
8606374976
7907775844
9188165830
7025641587
9207168558
9847362680
6235491774
7034782909
7012672563
9446580660
9946801353
7356254158
9895742342
6238112533
8547976186
9061482332
9061496998
7994293583
8921523517
7012214642
6235597738
9539223807
9544335749
6238596673
6238852023
8594076101
9495566310
8075422451
9383449538
9495797151
9847861947
8547268421
8547268421
8289948254
9496131221
9400428059
8129317768
8590123568
8590310035
9207441714
7012390881
9778045080
9961690184
9446580951
9447636142
7510772273
9037448118
9745654005
8073618765
9745792180
9539215252
9074755453
8138051373
9496276191
9037100107
7357756778
8714479473
6238030492
8075277118
9567643292
9778200669
9400602790
8590455818
7356856655
7907380989
9605932962
8590236376
9778177265
9995231928
8590854160
9497473777
9495287035
9633807177
8113801086
7034461443
9746029857
6235632996
8590795702
7736869312
9656349660
7736167399
7012965698
9995770018
9947538501
8078725921
9846491219
8086217449
7012603431
9995207064
9288853092
9744513632
9778163123
8075859340
9745487971
9895090498
9497787530
8075781547
9074896056
8921409524
9037120011
8848987296
9074469568
7511148488
8590700440
9061005753
7736529186
7306458783
6282543569
9447721560
6282423361
8086857252
9645447559
9446493550
9847169158
9961348850
8593957196
9446713487
8075929967
8089011664
9778355972
8891479694
9747433129
9544654838
6235491774
9645540005
9645540005
9447070992
6238346216
9446961232
9400132577
8086514696
9447874599
8281303810
8848512523
9747972654
9995012110
6282662451
7012997655
9778212823
7736034250
8590454536
9061348133
8075568004
9495393202
9778390421
6282120852
9945481192
8078502039
8139818654
7994619180
9497487626
9745689708
8590450742
9447369680
8078011317
9447812118
9496660293
7306731455
7907999505
9567746299
9745503753
9249350307
9497027024
9497027024
9400968816
9037059713
8590294590
9947957271
9526818608
9446643498
6282144892
9496178599
9497412719
8281868658
9539001260
9447739474
9605115274
8281974442
6282184846
8138034153
9074210335
9400973113
9447108141
6238185052
9061489062
9745689708
9495366734
8848784049
8075667838
9539755703
6282848296
9188605194
9074581751
9074581751
7012927202
9072145403
9447475150
7511139770
9847725142
9947954688
8547390863
9633446891
9061670397
9188498507
8590666398
9633768464
9496247464
9946930099
9744088682
9567284914
9747405979
97477 50063 
8078543292
8078015462
9846937876
7012788360
9946222841
9037208317
9496879301
9447894710
8129107661
7510273152
8086969040
9037123688
8304809290
7034740782
8714773620
9744711071
94473605657
9188253249
9633493039
9496462914
9961362101
8157030763
9645968275
7012804481
8089912166
7411833705
9747667424
9400785353
8075599489
8078322403
9778332430
9495991439
9947679397
9778418767
9061782398
9947836015
7558999421
9037434169
9846877477
9947912824
9037877075
9846136817
9400642226
8157857688
7025825819
7025825819
8714433450
8547880226
9747473842
9846422286
7994450802
8921477325
8714888285
7907532800
508983254
9747735168
9447813367
9495991439
8592881949
9744546147
9895479206
8943321820
8921369684
9446811481
7306595363
6282374122
9446255982
8281286780
8590339496
8714054792
9961513803
9495570810
9495400752
8943448945
7306675400
8921644017
8086124461
9847305561
9847611417
9188591129
8547147814
9048830894
9495467637
9446811481
9544344848
9495150095
8547134649
9188837638
7994160289
8111983311
7293361122
8086754109
9745965993
9400137984
9633227619
9447608572
97475 77374 
9778593270
6238576977
9400577857
7736989129
8281991206
9495960078
8848654450
7012058169
9961724369
9744556656
9961724369
9496586554
9947657130
9778191375
7034090168
9961724369
7994421647
9349896979
9388880028
9048184064
7561063787
9061329074
9074022798
8590275618
8590635125
9447247510
9447247510
8848275679
7306150072
9744729056
8547619692
9746447514
7907279555
8590303225
9745451543
7902203585
8606774852
8593932322
6238709198
9746850677
9447859734
9447602874
9847192434
8590578895
8281540120
7736562307
9946673854
9544184236
9495852427
9495637752
8086762243
6282314221
9048956354
9961537715
9645585757
9526557422
8547072094
9605710801
7994131558
8590242757
9562751749
7736123688
6238188265
9048956354
8330068600
8590739218
9895068231
7561060265
80789 86751
9349921747
9446781962
9946644479
8139808218
9447811575
9048756765
9895159758
7306474293
8590578895
9074646886
9745555017
9061715103
6238820238
8075792430
8547070269
9495066346
8089630436
8281450604
8547728695
7012004613
919447891527
9846504152
919447891527
9895119992
9995193089
7306722367
9544458672
7907866793
9567534497
9495468670
8547294920
+91 6282700430
8281382270
8281382270
9995750126
8301906746
6235789063
8157062407
7306779702
9074767569
6282957435
8547029118
8590305617
944689868
994600785
8848616029
9526364267
9746488370
9497891426
918891051646
7561839070
7902791553
9207524855
6282202700
6282725589
6282922971
9961472869
8075943671
7306275861
8921870116
7736597340
8592052005
9496862873
9207009044
8078823617
8078726350
9495285002
7306595363
9020994455
7736379349
9746717626
9447134176
9497873650
9037955468
9605014310
8590581792
8547693284
8139857316
7510855194
7012114661
7736154343
8921952800
9447035998
8547012612
9539220177
7306253847
8590978742
6282532203
8921952271
8089326399
9188451720
9745197829
9846738131
9497685140
9615222333
8301917349
9745608438
9746198550
9400655014
9526849013
9744403406
9961231198
9544447981
8590873762
7012690039
8281854134
9562732788
9605488113
8921639017
8921639017
919061570573
8113831412
8547063133
9447646449
9496148102
80787606
9446873437
9048623161
8075379545
8129745254
6282606092
9656828835
9497688175
9495851084
9995419343
9946123772
8547353265
8281108350
9947604688
9037600627
8138082695
6282129733
9447575152
918075903392
919946894206
7907135526
8848650158
8943916594
8589092682
+91 9562827263
8921467076
6235935115
8606825667
6238110704
9342649580
9656947498
9656104224
9037125347
9496226439
9446589269
8547012612
9567620632
7561848936
9037469626
9400656110
7559871580
8075609830
9447891527
9947972940
9400237015
9447701848
9074579019
9846625958
7559871580
9188623213
7736374585
9544318243
9207381604
7907186244
9947426868
6282279941
9946200970
8075855899
8086849552
8089344205
8593811853
9495351753
8139851700
7736976580
9946111607
9188381914
7558859587
7012995565
8075859340
9952121202
6235225166
9947732197
9072046585
7012708679
9961700657
9778756353
9995538510
9995599528
9946898035
9947364580
919746139792
9995540549
9895144498
8590991197
8891178741
9539651901
8089966224
6282831879
9947662708
918593811853
8590212547
9605406787
8593082160
9489650080
9818441302
96566933744
9567522037
9946639802

