8590080675
8590401774
8289954266
6238236725
9645559973
8301893769
9074028946
9744210329
8891455737
9567708331
9778799427
9539432113
9847053886
9447849229
7907733921
8921899605
6282948849
9633768621
7012856086
7994418767
9074497671
7907706164
9447012728
9037018109
9995782930
9544184248
9400535944
9400151306
9633501841
9745054896
9605131510
8157846214
9400636921
8281765356
7510621565
8618742708
8304923273
7012127678
9847234177
8590474308
8089151861
7994459360
9656078113
7994814436
8111892575
7435915640
7907478185
9656214805
7025942661
8129358659
9656343546
8594080291
7994110925
9074668381
9048529107
8547538593
7994772341
8593891046
7510883208
09846700867
7356400177
9605699674
9037358992
8921625165
7736032356
6282632949
9778434854
7025009841
8129248692
9778372114
9895792266
8590671462
9037408177
8592956776
9496077282
9072135558
9747642069
6238021863
9605456655
8848873037
8848892367
7034559434
9895594767
9048988845
8547898582
9495247838
6235664573
9061261546
9207592310
7034083770
9946664421
9633620508
9400053151
8606148065
9074046852
9447032470
8590167533
7356423153
8590512913
9074626401
9744549196
8848733568
8078952031
9961316480
9961869793
6238786080
7012460200
7907640795
9746652399
8129172959
8078796858
9567734913
9495865592
9526811071
9744687178
8714345043
9207973979
8138802334
9995416931
8848688589
9072777825
9400089390
9746025197
9037002850
8714936703
9495159309
9037349682
9846671817
7736866798
6282640117
8590135877
9074098297
9846159521
9747386110
8848880654
9074273850
9400758375
8089701461
8139827807
9895546163
7736749856
8590870704
8139895993
7736611083
9037531771
9778747529
8921552589
8113070363
9496074367
9778720021
6238710628
7907406299
8547017321
9074378295
6235164104
9497813500
8304858085
7907019401
6238804291
9947604822
8714427163
8590574966
7356436191
8891486660
9526582536
7907327995 
6238708447
8891462206
6238245573
8281509552
9446876169
+91 6238754606
8547895259
6282550749
9544194344
8075021185
9746515032
7356056268
7736426930
8893808001
8129208565
9074450842
9895741057
9778487711
9526937349
9778006372
8891222991
6238130153
8921019512
9131602969
8891939408
9495715094
7736490478
8891922466
9074366354
8075787369
8129927720
7736148839
6235816116
9605790032
8590179371
8301069802
7558921372
9048335273
7559895502
9539460358
8848610729
8714389258
9846165662
9446353109
9074570591
8281862547
7907746708
8590442854
6282928875
8590355690
9496495888
8590881349
9633125201
9207423392
9496379269
7907140452
8075363018
9495020091
9446627725
9074621113
9562464994
8086594367
9288808458
8075130092
9188838409
7012850140
7736220725
8138875310
62882833203
9895136867
8891303217
00918590374762
6282609515
8075344874
8606234911
8089859661
9746165378
9447026291
9746230306
8078747714
8891508831
9188541314
8089427677
7994628103
6238056784
9074582706
8139028997
9645945240
9072361630
9539513646
9544320211
8921584750
9037470194
9495015092
9747891330
9526481765
8590667253
8086967022
7306385828
7788996954
9744132706
8129438730
8301014833
8921398025
9633864244
7907613237
7025505897
8075691937
7907735247
7356767812
8138834979
8281725671
8590934126
8089536097
9037577316
8547912600
9567045853
9778082714
6235030880
8078410182
8590396232
7907970113
9074256754
8089143379
7511174940
7356912668
9495109870
9447477266
8943939236
8921926330
9778101252
9947227955
9495227076
9061960397
7012233939
8089832755
9061282181
9633496553
7902712067
9747684852
7994881564
8590515501
9656861236
7994940625
7012774640
8075722726
8848405961
8281702311
7907382900
7510110823
9745913056
9188643952
917012572225
7907364159
9846099049
7012560835
8138801877
9746626169
8714205035
9037086299
7012262899
6282455199
9539015155
8086119386
09846520986
9497687194
6238022992
8281417440
9544505980
8078764571
9496421851
7736031772
8943926152
7907341653
6235018566
8590433576
7907806583
8606559845
7736739472
9048343099
9074749965
8590435535
8089128367
8943642838
8921590891
+91 85908 64052
8137911208
9895163430
9188195585
9037827595
8590325293
8848037839
9526943667
6282824507
8129948447
9496526301
9562428677
8075022473
9656556280
8921875071
9188414198
9656978071
7736442860
6282925620
9501229262
9895357257
9846910820
9846266914
6238634440
7510960325
9745324575
9746179729
8606156116
9495188236
8129571312
9447231703
9645894900
8113018430
8606306409
9447635839
9745097879
9446688553
7558900280
9605178811
9446028550
9846627313
9745060026
9846631001
9495172859
8330061961
8281704565
9602399447
971 557657347
9446375183
6282325994
9744748499
9496882415
9539418081
9567540740
7736401137
9961182625
9995489275
9656860777
8848059521
9961581366
9895388865
9526512841
9497413175
8943098742
9847203833
9745369270
9847601357
9446218097
9447562686
9074336496
1
9447342092
6238585183
7356135099
9497594301
9447464584
9072903159
96567649464
9745808100
9447351541
9947183750
9495603060
9497443226
9744811631
9947694125
9995653925
9809156514
9567764395
9995391220
96566814867
9645576857
9446872866
8891645330
8075659022
7558895160
9496167623
9847754234
7558910090
9745727489
9846052317
8289941630
9846830188
9656282659
9895271977
8589010527
9961954880
9747157915
9744805534
8848374789
9061235666
9447034995
9495155575
6282166083
9745230626
9447994047
8129375459
9847994454
9633538134
9745505500
566878504
9846904222
9446472341
9747184204
9745872915
7994814633
9946724488
9544040793
9288503382
944617504
9446520922
8921362328
8281940382
8281332582
9891374603
8156998156
9061612000
9895152909
9846216174
8281944543
9744481540
9447951977
9745116332
9072612455
8281694355
9048953601
9446280207
9496170883
9747721505
9947551150
8891821006
9048915129
9446365473
9947996768
8138804600
9349859405
9496416606
9400691375
9946335600
8943643269
9495179078
1
9446920392
9847302987
+91 91484 41168
7994476760
9747389177
9526214993
8921468281
9947216178
8281208923
8606136221
9495087056
7708809901
9495603065
9495336259
9645214976
919847674778
9447590350
9447442473
9747554686
7012163137
8089167651
9847914511
9207649517
9947855345
9645781407
9495053529
9496118802
9847611085
7022423080
9946129715
9037915632
7025084889
7593809480
9497050180
9846681690
7356649555
9446948104
9562805808
9495411152
8848037590
8547619049
66491822
9447353898
9562439932
8281359417
9444104340
9846952463
8075355491
9074230834
9846820774
7994265680
9895596628
9446050361
9349931878
9961788819
+973 66733779
8606572919
7736692411
9895536889
9847710193
9496051057
7025037592
971503248524
9495564438
7025112395
9497369646
9495827696
9447359485
9819276764
8281744116
9495971899
9745677151
9383400230
7025948399
9995919869
9446213152
97336022784
8943575650
9656681272
9496441778
8547582348
9400594968
9747138400
9745882224
9497575470
9846046960
9496226943
9846554444
9496919992
9447619549
9895385536
9947621971
9946801353
9037226949
9747688007
971529286262
00973 34150856 
9847080901
9446937682
9847775304
9539701533
8921634147
9995960023
9446226769
97466547441
9947799896
8086794078
9497113424
9745075049
9846282599
9645989257
9961591039
7558088244
9447236547
6238066692
9495712040
7736224466
8078151243
7034344799
9388152837
9104956671
9207027905
9846221670
971508508806
9946752167
9846052470
9895695767
97339547025
9188732465
9447041902
9400059704
9387104079
9947647755
8547077600
7594043812
8921853173
9447830930
9895875733
8590435696
+965 60908798
9539701505
9446083904
9048626180
9744112577
9447282705
9447426959
9961622846
8136970045
9847267490
9496322521
1
9745606740
971504346753
0097150-9454297
9447359602
9447994003
9447815297
9656643777
9846400282
6282605256
9446007134
9387369400
9497746188
9495247538
9446318572
9995194050
9061132351
9539808714
8089428976
1
8129937064
8070444449
8893880812
8921976323
8891921484
9447204485
9048714609
9895360228
9562894996
9747683895
9526375026
8136811015
9847147094
9746886343
9809197700
9400690104
9567441440
9447285177
9947257507
8086319326
9446778846
9846544536
9744000760
9447699134
97336050378
9656704160
55891575
9544944920
8129275555
8156940805
9495780472
9747548593
9495257285
9946705460
9446294369
9947277554
9846337769
8281665434
9447401088
9895646099
9895430682
9947530049
9446229773
9961721575
9847835682
9847621036
7012549678
9349788334
9746044485
9447964197
9447922909
9916782000
8554944109
9447060996
9946713019
8111804103
9446072992
7306423388
9495052539
9207114288
9401356120
9037815603
9447339100
9446228758
7907262481
9447727781
9061496146
96567060218
9961231018
8606142766
9495367420
9847142474
6235235896
8606312726
9539400252
7356641507
9645106501
7063358440
966505523342
7012702065
9947195341
9447217147
9947954271
966502578417
9744224361
9847126616
7559025870
9961575479
9207869396
8113009616
971508856397
919388077755
9656200522
7025922441
9846974647
8078374177
9495791907
971565450686
9747155577
8086421555
9539080826
9745246401
9947471242
9847795165
9446166930
96566593754
9446128301
9496473677
9496272740
7907842207
9846450741
9048988435
9778703840
8547138268
9446344130
9847943333
9656068559
8547278335
9048463982
9447993376
9946512233
9446231813
9645257142
9995979759
9544688344
7560940400
9567861056
9745171816
9961041100
9496556865
9847714328
+966-562834544
8281224062
8921728906
9895710302
7025091040
9496281006
9446053856
7902705134
9447169453
9496336028
9495412719
8089451731
9544585731
8089088993

