8891550562
8921326218
9074823365
9074582620
9447379483
7736372057
7012649569
9447036375
9074472146
7012056335
8590753088
9747851100
9447825644
7560906817
8547723113
6235105230
9074431803
9447159979
9074056290
9074755453
9526912256
9946846322
9496808917
8281499788
7356446192
8590233394
9747725315
9447159979
8891448554
7907657021
9645164687
7736531656
6235491774
8590784402
9400452809
8606140554
9188449830
9947538501
9048066350
+919207053613
6282746464
9656300045
9526500841
8086634130
7594085637
8289859190
9497770308
9497474371
9946633599
8848078990
6238823439
8111903406
6235065053
9496582529
8921370411
9895309180
8089011664
8281757482
8547294920
00971529736162
7428315886
8281611768
9544003672
9526319211
9446853300
+918606581073
9207381604
8547054383
8943154996
9188590904
9746814929
9446427627
8590802066
9567273982
9656515896
8590540204
9037407834
8590273189
8891738846
6238636528
9562517012
6235622279
7736270075
7034706960
8086230479
9074427528
9747405979
9747085389
8281831679
9633093015
8714739162
9745143161
9633269220
9946764087
9037590223
8078703523
9249350307
9633083873
94997060020
9656171744
9447499339
9656276449
9645646885
9544614186
8921023261
8129025434
7306318660
9744495212
8089569235
7012369152
9567161835
6235820589
7736211079
8075839878
9072280661
9605233949
7306668586
7902833815
7909159803
8075357335
7736973559
9400296575
7025203633
6235229926
8078145169
7306275861
9074451725
09446217780
7736976580
8590635125
8848352087
9539416254
9606451252
8075103892
9605391305
8590864834
8590019130
7994173934
9400722047
8590193890
8848507261
7306668186
9744693244
9846628919
9778732369
9746341225
8078129978
8590503417
9447215010
8891394334
7012757629
9037594664
8129197139
9946719500
7306535713
8086482931
9072665068
9745447094
8848359869
9037022333
6282428907
7034349913
7736566202
9895533645
7356019073
7907844654
9567533433
9037551102
7034962164
7012484919
6238339301
9995798334
9995907487
9847670293
7994293583
8590795702
9037282733
9562603259
8138092008
09995692424
9037020541
8848024309
7561070374
9633190806
9061679297
8086527458
8089879402
7907716230
9645967692
9847699429
8078785732
8606207894
8714773620
9847124384
7592943260
8129958696
09188498507
9447794833
6282314221
9567318036
9656490813
9946851409
6238008185
9544678292
9074009226
9778228530
9207168558
9567062105
9446714842
7736178768
9995905493
8590873762
9747151834
9072435329
9207480160
8606133612
9037999787
8590739218
6282929549
7306998696
9037588401
8943027105
9061008518
8714883738
8129916291
8592893341
9495851084
8075669641
9400881514
9895563610
8547332965
7907385791
9995479110
9895814825
7306474293
9387316929
9074485419
7306650135
920714993
9207986344
8301091746
9037031655
9400022578
7356676973
9495379543
9947710355
9746309819
9633412559
9388772402
9207832365
7306534979
8848689677
9074811129
7306447119
9895175598
8089764392
9778179452
9207652320
9526849013
8287556291
8714547378
9496848497
9995311083
9072101271
9048913414
9400625392
8547493367
9496841241
9895451274
8606930116
9895479206
9778236832
9946644479
7306415792
8921971309
