9744950976
9747921306
9497026176
8289800860
9847370336
9207968778
7025141722
9645312900
7025141722
9443333732
9349126627
9048860611
8301053850
9947344855
9645824316
9539877457
9074593174
9447890131
9605729066
9446714842
9446605212
9605390736
9074971202
9446871970
9562236949
8589805860
9995692424
9745584254
9048153981
9207168558
8848572755  
9447700000
9846732779
9947164328
9539338899
+972 55-921-8681
+39 375 804 6501
8086260548
9400225012
81388 20392
9447348461
9744629220
9567404888
9995879402
9961734470
9037738546
9544954380
6282679297
7561070374
9895436573
9048686056
8086636399
6238261080
9995303464
+918606921093
9061151203
9656250620
9048800470
9061468718
7356686778
9747649493
9747046468
9567062105 
9746400000
9074991943
8547403222
9447528416
9400971416
8590759280
9567318036
9037100440
9961934398
9645836625
9544678292
9746628977
9895483166
