9895120915
9946453947
9446794296
8139084472
7034951220
9947356501
9496316762
9061638666
8848816825
8089314082
7012903918
9745898215
9567417268
8891047408
9020333908
7736913589
9744549196
8086531955
8590304006
79071 51166
9995170274
7736627260
9497061630
8848414355
7510929005
7034037959
7994061734
9995416931
9526811071
8590827821
9496185540
971559469917
8301860176
07736406149
8891527810
9496491745
9037745844
9048074585
7736236203
8848201560
9446784396
7356735166
8089877801
9846785029
7012329969
9446624633
9446383324
8319231456
8129223348
7736914062
6282693460
8921554698
6282824507
9074741539
9895316039
9074098978
9497737402
9947707236
8129924322
8921257856
8590330225
9946398838
7012325622
8086900054
8590990704
8921689754
9744003118
9846074734
8594099571
7594917181
7561051632
892102620
9744184202
7736673331
6235706448
8590308740
7025969421
9074291142
6282436530
8590031401
8590588646
8590175567
7907647209
8590920976
6282139884
9995593207
9747496805
9567758416
8129599807
9447058221
9074887097
09961703840
9995903600
8714466772
8089028706
8075662941
9074059317
8089909357
8921081002
9961139352
8129647724
7736430084
7306654291
8075896248
8590955074
9645922231
9778083835
9895324051
9061536139
9946832937
9074366354
8075920035
9447166826
8289805496
6235873502
9656555591
9496495888
9074497671
9567322408
7012752448
7592983987
7907794995
7012496136
8137936604
7025938456
8943366809
8281144088
6282917340
9497774939
0096566832437
9747433419
9744932125
7592919256
9895018090
7902759962 
8281411770
9847020619
9846404443
7736057888
9961367638
9497509678
7306982401
00971503703029
8848803192
7907722380
6282307907
9497889207
9495715094
8089036522
8086693495
8157899271
9633133399
9074121004
9846889361
9447031159
8590329779
8589988622
9567706018
9746049598
8592871978
9562464994
9971635601
8086914771
8075685026
9995046244
9744911108
9446347745
8714817889
9447204979
9562894756
6238951083
9656882128
9946575479
9747601821
9048243773
9588060545
+91 9995891007
9446062690
7907287914
9746241680
8281472629
9400801275
9633007363
8714341928
9447549018
9539472282
9744811631
8590285468
9656078113
9846612110
9188104801
8089405435
9562953596
9400199780
919400753482
7034784373
9727706111
9447060622
9447310787
95675 78841
9744956208
8848455430
+971 562969325
9489334716
9446348221
9495224540
9633275562
9961695704
9074430445
9567615036
9947288893
9778367220
9446111969
9995552254
9496906865
7510750988
8086341229
8590779725
8714560701
8136955980
9656122565
7306244044
9946847674
8891565319
9447050204
8129565578
8281822888
9207572789
nil
8590512913
8848654687
7907808223
9562348840
9447494232
8714028776
7306686015
8714122588
9995983644
9847958247 
8086472033
9495406579
7907802372
8592006136
8281740874
9207880023
7510488907
9497845730
9746665168
7560967474
8289902596
9567241146
8139016506
9895658540
7306677396
8075563510
9745237182
9895025454
8592910285
8921708002
9496059570
6238366638
8139061230
9895046813
6238838604
8891200344
9400524089
9995612981
9497651023
8590531021
9895066215
9946435338
79077 41884
8590206902
9745339532
7907515060
8891633237
8921981918
8590899863
94463729
9847483723
6238709691
8962546428
7594921296
8113949405
8891131017
9207237593
7510535606
9495636731
8139834422
8590912386
7034811122
6238450517
9961100671
7012471106
8590416515
9895653501
9747309111
9961429777
7025457319
9847169809
8075744175
8907752196
9497467193
9846228891
8921319209
9544186334
6238685881
8891540266
9207272471
8891945472
8089694456
8590634658
9048816457
9745816457
9495120298
8136935836
9074407716
9544465273
08086865434
9745597577
8129753163
8921442942
8590449570
9447329061
9746579850
7736990591
9496706193
9037503540
8943375700
8593892086
7736190347
7012771338
7510760371
8086461030
952100220
8891511350
9995908243
7356460720
9188651979
8129128991
9633455758
7736895731
8848680552
944584428437
9895574212
8139807255
9947577471
9645875069
9846809199
9400962155
8281479152
8921651675
9043986445
9895850454
8089734161
6238169714
9995015912
8848391272
6282111530
8075190590
9074103246
8590135134
9074006932
7306299476
9446915729
9188469873
8891339827
9249870523
9567849701
8289811874
8330855050
9446236447
9072135558
9539828513
8281764175
09995009777
8921524317
9847951498
6235649606
09037964367
7736732766
9947883536
9020865502
9847082345
9633519991
9446488819
8075325445
6238021863
8590155427
9567296450
9961191445
8086967022
9495802255
8848554027
8431247588
917892323031
7736861964
