8848037001
6282573981
9188039984
8593921836
9745677151
7012764720
8129547628
8129547628
9037408177
9072361630
9567037196
9961204329
8138034153
9744771938
9778053312
9497596877
9072840159
7907374016
7510121044
8848996693
7510594348
9846836675
7559863512
8921499897
7356210409
9497654424
9946664421
9645329443
8075222627
7736877205
9401550085
65889053
9567975020
9778482646
9447355165
9495846941
9061489039
9946464718
9495334932
8281870623
7559980408
9895524972
7594911980
9562356919
6282455199
8075220343
8075220343
9961550043
9037489845
7306897521
7306897521
919539793702
8075927052
7902361938
8075656146
8078047970
9747299644
8547349451
9947052909
9072152035
9746072989
7736720798
8714247152
8590906755
9447132485
9719379195
7034600474
7560997429
919400630671
8590714149
8304882340
8139050514
9847012777
9562525520
9072815546
7356087791
8848738918
9497330768
7034274940
9037558180
9645136730
6238979117
9846334001
7510606223
8921314514
9497801171
7510625667
8590570556
8075084262
7306228135
9746428279
8848369983
9567562793
9446741786
7736067645
9745132424
91 7736072397
9555865978
8848401517
9072096856
9946277719
8547355302
9447391001
9447523022
7559934628
97476 94410 
7907857502
7902612887
9400027792
8891556234
8089592339
7736440469
7907165844
8547901760
919207577801
8590677398
9446254194
859088349
9605024111
6282414034
8848994241
8907289129
8281621558
8590589655
9778067565
9947063988
7012230764
8075035521
8129793132
9846064772
9446741786
9744072954
9961196313
971503435227
8943225609
7306390456
9746088345
8281504690
8891065603
7736319666
9961227226
9400656476
81390 05117 
9633907006
7012623045
8169714160
9447458177
9495443177
9495443177
7306293300
9495443177
6238019877
9847848184
9447060511
9446462055
8921876146
8590216590
6235988730
8281363220
7736220604
8129541573
6238520843
9633730657
9633958691
6235301134
8848050962
9747144663
8590586067
8547696638
8075365089
9715454290831
7510364604
+91 87147 90340
8590408263
7034523490
7994842716
9400923472
9562894996
8921472450
8281651653
7907143564
9633004314
7994097705
8113065943
9567849701
9846228891
8962546428
9745237182
8592910285
7306686015
9447310787
8589988622
+91 9995891007
9846889361
96566832437
9645922231
8590175567
8590330225
7736236203
8590304006
9847387827
6282842097
8882099405
8590322315
7356583496
971543969399
7907159714
971508486520
6282964872
9656290151
9207608854
8848680464
7736218049
8590422805
8137842105
8075124438
7736067173
8217781577
7902903279
9207608854
8848680464
8714093382
9995790185
9995790185
8089892964
9383499328
9383499328
7012777816
6238746800
9562280460
9746127660
73566 48724 
9387806333
9072152035
9072152035
7907501691
7034917245
8838021450
9037208317
8891747142
8891747142
9567146260
9074549283
9539151596
9946667363
7559980408
7559980408
9037738440
8547677320
9747140567
7907017277
9074963266
919633938033
97477078590
919539793702
9931368101
8075656146
8078047970
8078047970
7012229646
9497801100
9947052909
9947052909
9746536043
9946654822
7356731586
62381 71352
7025015994
9497655875
9447509905
8848871424
9207178740
8921084619
8606219787
8594096850
9746493847
6282974342
9495250552
8590609112
9846440999
9496124150
9746246745
7306264259
7510332362
9778531578
6282881423
9562081957
7736490478
9704879343
9633774263
8921412377
9747140567
9747140567
8590956363
9747795519
7558808336
9947362000
8078231040
8281466343
9446605565
7025603808
9072186077
8921988253
9744670876
8848078989
9961496334
9544810691
9544778067
9447408742
8547596492
9562566293
9539691365
9745582002
9447021356
8301970318
6238823419
7907017277
9061933300
9188368285
8369263178
7994698527
9496485167
7558089146
6282678775
7034404690
9495915541
7025451109
919995189792
6282672208
+966 50 638 8105
8075834056
9778061805
9496916982
9526029193
8075665504
9745542811
8547317312
6238489864
9744796031
9207205241
00973-36473952
8281291903
8089064764
8891647212
9400672123
9895607077
8139073453
9747140567
9747140567
9895254722
9633870082
8590419250
9020368383
6238716208
8139023544
9567290717
9747140567
9747140567
7012779762
8301830031
8089751778
9496296714
9544880049
8590955847
7902504723
9747140567
9446871605
9746606710
9961106637
7356368115
7356926788
8590383728
9446741786
9539946380
9847456655
9947886101
7736960369
7902361938
9544957465
9037610853
9074619340
8891218175
7736356336
9447172000
9188414198
8848825978
8547063251
7012746248
9745664736
9778750384
9946129620
7012746248
9074085988
9746776785
9895520934
9645476090
7403481762
7356796969
9645053583
9895709567
8089826001
9633672730
7907632846
7994286258
9495589993
8921378967
8606803347
6238170967
7902208537
9947883536
9074103246
9995908243
8590634658
8590912386
6238838604
9446111969
9947288893
9400199780
9645860001
971503703029
9567322408
8129599807
9995593207
8590990704
8089877801
8891477898
8590519668
8590320396
9895875130
9037165657
9847915817
8590642506
7025930474
9744398446
8590382384
9446387305
7356245199
7012673318
9207824922
8075372836
8304071023
9656966189
7306086058
9995141672
6235872667
8157099810
7736590050
9495419437
9074711351
6238490153
7907828972
6238623150
9745339368
8129921877
7306819119
9778736569
8921984289
8921872837
7736154317
8891627305
8547506799
7012731725
7907647209
8089909357
9604751181
7592864606
7306112644
9633595429
9895763902
9061908229
8848618714
9539172978
9846759758
9745682182
9961035263
9633207022
6235394412
8075656146
9400313704
9400332565
7994092271
8130291335
8921037570
8714186871
6235004976
9846564508
8921033961
8138906100
8921393664
9497614421
8848087390
9745432025
9447107949
9645415795
8547278392
7034770795
9633050459
7902742524
9744599080
+965 99715247
9347609395
9995484380
9495443177
9495443177
9495443177
9947350272
9074165212
9061688002
9745682182
8848241571
8078126826
8714186510
8590616868
9388844054
8921371683
8590616503
8590616503
9847684067
9745677151
9745677151
9745677151
9745677151
9846303151
9745677151
9605831323
8590441989
9778134743
9744409493
9744409493
7306085733
9656290151
9746652399
9188693375
9188693375
+965 67642594
+965 67642594
7907217411
7907217411
8129547628
8129547628
8129547628
8129547628
8129547628
8129547628
8129547628
9745903091
9995790185
00965 99135072
9995790185
8078331720
9605831323
9744409493
9495813310
9072580799
7907217411
966557616270
971508914764
6238019877
971561115848
8714093382
9188693375
6282857215
6282857215
6282857215
6282857215
6282857215
6282857215
9947453377
9744680450
9744680450
9744680450
7306664671
8089892964
9495664139
9567037196
8086385392
8714365411
8714365411
9495664139
9207027905
9995720482
7736550228
8075205100
9747165473
9072965765
9946233938
7736550228
8075205100
7560904269
9947453377
9495714869
8590020094
918075288551
9744771938
9744771938
96598762094
9744771938
9744771938
9744771938
8281533065
9847234177
9745682182
6238746800
9847804947
9847804947
9539367173
9188039984
9074226812
9072580799
9072580799
9605685555
9605263466
9605263466
9961204329
9946146752
9645838382
9400547234
9497596877
96892970797
9605886199
9645323919
9645323919
8589010527
8589010527
8589010527
8589010527
9745682182
7907217411
8078312795
8075598145
8078312795
8075585436
9846234642
9048097545
8075076141
9447010794
9447010794
9961785346
9747004262
9746127660
9746127660
9746127660
9061496994
9048721108
9495001466
9074272361
9745682182
9447352683
9048721108
8156969336
9961808855
9072840159
7510121044
9846450741
9995164761
9188098430
9656670802
93886 92157 
8078034269
8590110437
9745606740
97473 97149 
7530909090
93886 92157 
9562752237
9037208317
7907224652
9947474100
9496725977
9539353218
8078034269
9447355920
9447355920
9446740392
9061413384
9562874553
9562874553
6238627935
6238627935
7510594348
9447144462
8921057480
9995790185
9995790185
9995320103
97463 34582
9562752237
9048088458
9947329753
9495956252
9061097598
9061097598
9446387305
9846053079
971504970904
8921057480
7559863512
7559863512
8714432348
9447870367
9497369646
9497369646
9497369646
9495956252
9048088458
7736490478
7907501691
7356210409
7025051797
9995591892
8714432348
7356210409
8281572167
8590174990
8590174990
7593945526
8907683929
8848757105
9895147596
919072840159
9447111521
9946664421
9446740367
8138913954
9605586957
9605586957
9061670397
9061670397
9061670397
8838021450
9747140567
7593945526
9048063213
9746706469
9400509988
8590110437
7907501691
8606923073
971567563710
971567563710
9846594599
9846594599
9846594599
9846594599
9846594599
7994502307
7994502307
7907496850
9495014563
7306965909
9895089899
9497329908
7559088803
9778796805
65889053
9447889513
9447889513
9072965765
9048470004
9048470004
9846208161
9846208161
7012095270
7012095270
971501245451
971501245451
971501245451
971501245451
9567146260
8891449086
8075367733
7012460691
9656132528
9061413384
9061413384
9778482646
96599834512
9072965765
9778482646
7902941801
9745698018
8848050962
919562570130
7073941227
7073941227
7907784595
7907784595
7907784595
7907784595
9745698018
9847688241
9947319564
9895249815
9847688241
8848050962
7907580749
7510805304
9895202798
9847309544
9605350482
8589012681
8589012681
6383527565
9207336071
8281737135
9447234225
9745698018
7306851326
8590182207
7902808100
9495805297
9746742322
9400759752
9447325352
9447169964
9539696746
9539696746
7736582144
8547395105
9495734600
9447336071
9207336071
8921511176
8921511176
8921511176
8590430958
8590430958
9495334932
9207680436
9847309544
9446323619
8547166312
507344748
8590525981
6282857215
6282857215
9048249051
9995581634
8078713952
9048249051
9048249051
9562852937
8547504679
7736679778
9037700361
9446374779
9013338878
9526827339
8078747714
9633034077
9567290717
9645622791
9645622791
7025280081
9744153827
9037700361
7907603030
9447106625
8281870623
7736679778
9656277718
9167310746
7356933847
7356933847
9895254722
7736380290
9946667363
9895965156
7559980408
8547582517
9400805418
9037599423
9037599423
9074039641
9074039641
9074094909
9746605491
9746605491
8129066669
9895524972
9037738440
9037738440
7306154064
6282028061
8848320481
9188276055
8129939121
9037738440
9746919342
7356731586
9497654424
9037292394, 9846810494
7306669520
7306669520
9846810494
9846810494
9746605491
9446871605
9446460448
9446460448
9387732633
9188276055
9995316129
8547677320
9605681259
7306288574
9744840800
9746919342
8547677320
8547677320
8547677320
8547677320
8547677320
8547677320
8547677320
9495700950
9446612399
8330885509
9895942881
9895942881
9747140567
9747140567
9446871605
9072449562
9747140567
9747140567
9747140567
9747140567
9747140567
9747140567
9747140567
9747140567
9747140567
9747678496
9495388918
9446802709
9846022538
7907099953
7907099953
8281572167
8281572167
9605216243
9605216243
8078533360
8139075160
7907017277
7907017277
7907168738
90740 69756
9961955644
6282455199
9495885117
8891134566
808943670
7994628103
9846768231
9846768231
00973-36473952
9447947286
9037467313
9495592164
971529286262
9656800507
7306851097
7306851097
9400563989
9605015910
8590858352
9562570130
9400315245
96597274346
9995447687
8590596624
9562229855
9048587264
9048587264
8590464872
8590464872
8590464872
9995634761
9074626401
9074626401
8138918292
8547280334
9961785346
9961785346
9961785346
9349788334
9048587264
8129850488
9567106804
7909123124
9495014563
971563674144
8547127086
8891450624
9142003082
9443874072
8590515837
9387732633
7034288438
9946554755
9747725187
945567885
9400140852
7306897521
6238386410
90740 69756
966554131537
9048815278
9846022538
9400569500
9400569500
9446741786
9496180636
9446741786
918714014670
9745957572
9745957572
9446215257
8891802767
8157031185
9061691070
9496530581
7306390700
8139010216
8129438730
8848030207
919539793702
919539793702
8943186304
8943186304
9048248623
9961522909
9961522909
7907892866
6238276247
6238276247
7012812094
7012812094
9892519035
7907569327
9526356065
9446574778
9074357399
9544013079
7012052622
7012052622
7012052622
7012052622
7012052622
7012052622
7012052622
9037357687
9037357687
9847941995
8330067995
9605098992
7902361938
7902361938
9605024611
8075656146
8075656146
9995893042
7207861601
8089236632
8089236632
8089236632
8089236632
8089236632
9446567303
8943926126
9778730869
9446765949
9446765949
9446765949
9446765949
8078047970
8078047970
8078047970
8078047970
8089236632
7510282992
8078047970
8078047970
8078047970
8078047970
8078047970
8078047970
8078047970
9846935909
9400594402
9400594402
9400594402
9400594402
9400594402
9400594402
9400594402
9400594402
9400594402
9400594402
9400594402
9778539718
7907124375
7907124375
9746166277
9496215103
9496215103
8078047970
8921517843
99954899948
9526958475
9400594402
8547905797
9995149063
6282813424
7510366150
9400044515
9400044515
9400044515
9947052909
9947052909
9947052909
9947052909
8281278200
7034454791
99954899948
9497801100
9446829970
9846470660
9947052909
9947052909
+968 91280255
9539508159
97455029980
7907380834
9947052909
9947052909
9947052909
9947052909
9947052909
9947052909
8138913954
9995024868
8281156816
8129029770
7909114990
9539508159
9526316601
8547905797
8075949406
9746536043
9746536043
9746536043
96879898164
9947052909
8547633709
9846132838
9946865225
8921511176
8848602501
9446741786
9446741786
9074392982
9633007656
9633007656
9633007656
9446710906
9846623414
8129029770
8086911154
9746536043
94473 26017 
7907406397
7736720798
9745349200
9446741786
9446741786
8281720521
9075919621
8891412673
8590943214
6006787013
9446814119
8714247152
8714247152
9747913876
9633007656
9633222465
97336053875
6238323775
8714247152
8714247152
8714247152
8714247152
8714247152
9496204815
8606219787
8848645699
9072075580
9072075580
8129334619
9666960261
8590995994
7736527906
7306038327
7736927091
9497189704
7909247278
9447722112
9496242315
8129287555
9482035693
8547471702
7736840418
8921981321
9526522871
9349513246
9946464718
9995134234
8590035220
9400090246
9061413384
9446996432
9633117663
9847456500
9947345252
7012746461
6238115876
9656988046
9747929590
9846326260
7012562355
8086470510
7510278747
8078295239
7510960650
7510802303
9995557796
8921117300
7025043714
8078282412
7736347313
8416966346
8943039949
9947688159
9491548000
9446458536
9747476775
8891584793
6282310261
8138918292
8547277435
6301678203
9995584220
7034219812
9947624513
8848871424
8547711963
9847481018
9895138114
9188328322
7907924658
7736303209
7902801906
6238342304
9961253005
8289973149
8921527797
6238308984
7736837844
8891329939
6238983765
9447958662
9895524972
8848723720
7994412492
9496408646
9744048630
9778535597
9074383318
9447727335
8281208923
9447664425
9207019487
9446670879
7012958100
9633031902
9633747116
7034541141
85473339972
8848378349
7907441674
9847607808
9497459888
7736916006
9746084451
7736859928
9895592755
8078026561
8281237987
8129020289*
9847819489
9778314481
9895604598
9400786594
8907500043
6238276247
9074264477
8714456461
7025087425
9562389415
9745351998
8590833157
8590761590
7907369293
8848034139
9074822347
8590451097
8921641190
9995323273
6282873870
9446302666
8848068848
9400423095
9745141192
9946818104
6238208668
8943184256
9946419152
6235408072
9745922235
9496579370
8129913205
8113809084
9496728555
9847437725
8547138422
7012706109
9388748835
6235075864
8590531756
7736802290
9447330986
9447169964
9539589087
9895140584
7593990931
6282869261
8921513306
8848680324
6282984520
8053037473
7012389980
9633425333
8089874890
9744233081
9633999574
9048335079
7559927520
8075902181
9526924374
9745127006
8848662713
9995409273
9488166060
9778739846
9495671733
9446792136
6238867885
8921742852
9446602956
8943940406
8281694228
8891547779
9895057684
9847080148
7994930448
8590930080
8089221927
7356511871
7012724991
9846898449
9645655103
8943668473
9495989967
7907168738
9495228928
9947219445
8590626545
9037435578
7012000692
9207415190
8590359711
9074367928
9746235890
9846009511
9995826681
9746756363
7909114990
8137905632
9446588612
9037828844
9207677121
7034103989
7012615675
9656847978
8943431999
9562322480
9446308975
6235373860
9074419544
9544328114
9447910948
6238211756
9037015082
8891231973
9495806716
9447209253
9847378346
7907874815
7907425480
7510327127
9961349836
9778727130
9632763001
9645533247
9497464634
8848610729
8547345732
9995295589
+971 52 745 5677
917356085871
8891484368
7510805304
9847862673
9847871557
7012154457
9539612700
971502007445
9061157641
9747989005
8075495249
85478 80318 
7356786868
9846617270
8921395143
9778138782
9495493940
9961936569
9961103468
9446962764
9656883080
8590005919
8848239031
9526721162
8848025391
8156948274
8078325640
99957 99317 
9500720420
9895012772
9446929648
9895655588
8590673998
7025203714
7902361938
8848549690
9961519098
96599804529
9387733585
8078813541
9778083917
8848983400
9746594895
8304921609
9656910703
9446973804
7994249286
8075821840
7356041906
7907472659
6238410760
9567660094
8606268667
7594014934
8547300138
9061722050
9778180660
9497827080
8129618620
8301913233
9995921732
7994638455
8891748025
9544691490
9037467313
9074184865
8921127375
8547511552
8593971147
8547174350
9746052453
9526671078
9037416426
8590575988
8891309507
7012593572
9946045477
8714454607
9633226550
7907625415
9746068274
9562644829
9847501727
9383499328
7561029243
8075419334
8590635379
8113803374
7025137953
9947517366
9995064121
9207709533
8111932357
8590922651
9745890823
8943555111
7558000705
9297104622
8893707077
8891239782
+91 9645529943
9946037026
9745920632
7907569327
9961074140
9037051024
9539015155
8921325170
8330866019
8078845412
9847868105
8547461350
8113906497
9745774805
8848895727
8590667050
8714312650
6282902235
9446353442
8547349451
9037659162
7012099277
8714348375
9446473099
9895927645
8075272644
7558883280
7736154281
8590642254
9446694655
9447159974
9778082714
9847662250
9961162513
8096449155
8078188095
8593871183
971501859166
9645860001
9947287571
9846232365
6235164104
9447878121
9744186884
6282560392
9188446593
8547661223
8848545875
9446074606
7994422801
8590501400
9447036066
916238092886
8590320230
6235218601
7559909112
9496341869
9446470830
971569190748
6282930768
9495237464
8547975907
8281069768
7012118551
9895570817
9072103498
9495852700
8281894034
8075063535
8078332810
9746892518
9495407778
9567641909
9961715210
9567767968
6282064412
9483505447
8113052005
9947328830
9496922749
9495001466
6238085908
9778770643
8593915958
9539071904
6282456178
9061348712
8281175226
8157866888
8590747841
9388620057
8848158978
9207396124
9074918710
7025594914
8075897266
9847030107
7306984430
7012050620
9400575095
9526990659
9035749921
8848859106
8921504310
9496714663
7736294042
9744101897
8921628642
8807466978
6282923495
8086411997
97467 95124
9544239266
9497337669
974-70150725
9778142968
7306054117
9037772150
9746251307
8921501642
8547186137
8281483969
9895610782
9495890366
9846676516
8547357833
9388777501
9495025062
8015705730
8113808496
8547486253
8603929828
9660114079
8075173163
7994051206
7907910237
7306558726
7510508234
9400059032
7012622182
8590935166
9446591469
8714579953
9495890366
8590989069
6282264209
9495650858
8590654827
9074993882
7012760718
8547324192
918921210561
9778495243
9447262451
9895048688
9074946536
9961307658
9746615326
9400415196
8921622028
8281702311
7034780333
9353924720
7012590554
7012394307
9446749966
8891276737
9061130212
9656854966
9495604176
8075220788
8590061513
6235336281
9995320103
9656957271
9846208161
9446765949
8129041154
8089733912
9074754080
9447183236
7012320871
7025399127
9048661490
7356879585
9349098912
7994128984
6360140925
8078097674
9846288454
9946840658
9961137813
9496724436
8129235708
9746549344
6238018761
9846536014
9633155862
8129482070
9496774457
8330882764
9567160908
9633500512
9495726617
9072159129
9633586731
9847666238
938346636
6282236015
9497782941
9400389424
9207507593
8129213783
9846903769
8590162305
8089142645
7306616515
9074753198
8590468340
9746324997
8078004777
9037678437
9656103331
9789027326
8089934944
8078061001
8089440369
9496944555
8594093479
7907553865
9037148918
9776544521
7736942526
7306663763
8848930226
6282364731
9746958829
8590481013
9447391591
9446955578
8714106718
8714877062
9605606905
9539719286
971529872770
9207247059
7907959484
8943487380
8590385067
8138831240
7736550228
9846766191
9447260070
9526297372
9633621510
9497362414
7356973323
8848505826
7907742539
9400364052
9447872663
9447816255
7907592373
9061933300
7902931637
7025533927
7510772177
6282536368
8590513857
8089805796
9400941825
6282804123
6235228402
9446937837
8590584485
9645863588
9778536590
9400414039
9446395594
8714764973
9995974499
9447054325
8075473604
9895799570
8714495990
8590995297
8089309460
6282393551
8075089341
8075089341
9539379021
9567013225
8129578273
8330857571
9747367672
9447330418
6282311606
7012393624
9745140418
9074447274
7025007265
8289925360
9895436003
9633352183
9030002949
9746906381
9946042507
9846491600
8547544733
971508187365
8593047846
9496751611
9902162270
7907525118
8075033836
7907242990
8891525454
8075187849
8848827011
7907217411
9446716336
8921086870
9747224570
7012230772
9447835725
+91 6238657709
9495292389
9645599327
7907898001
9037015203
9961478665
8332944320
9496129300
8714172165
8547366152
8590808685
8590756353
9447328016
7559006455
7561856273
8075395013
9446368335
7306555054
8156883303
9495891238
8590369109
+91 7736722314
9895342776
9074204850
9048040244
7736943375
8921209149
6282720830
8086886419
9400445705
9846447025
9446316498
9846099337
8943838581
6282883979
7736276464
9074009173
9747347290
9446741786
4324
9447850500
9447083737
9633304451
7593972405
9961065237
8281619351
8089066328
9961640500
9946893718
9778244055
9605334495
8848528570
6235655988
+91 85940 76653
7902203300
7510121044
9514995159
7012730057
9995790185
9846080054
7356375348
7736137024
9747696913
9846132838
8891235927
9995060952
8848542408
9847369774
7736148830
7907895114
8590325795
9947981220
9744892861
9846805529
8078209249
7994532316
9778429659
7994994062
8157878754
7907554989
8590635626
8281376616
7907960587
8590878351
9061975860
8089556438
9972093735
6282380436
6282488804
9633599486
9847311112
8304978853
9154936085
7736655001
6282405325
8590440702
9846520986
8848021575
7559981743
00973 37388875
9495825286
7306315340
8281509552
977855652
9497626526
8281702883
8304038769
9605731203
8590435535
8921116943
9747232824
7012843231
7907932136
9847131034
9633145346
8089800009
9495212367
9074484942
9074566416
7994735698
7561883360
9947655463
9645561885
9562070306
8848571021
7592804161
9446574778
9037555226
9946219767
8078079831
8848774893
9567115228
8075202976
9400355509
8089161633
6282204703
9746010670
9447957096
9255286082
9847535817
9746963390
6282698474
7012842386
8606424812
9037076548
8714967526
6235311216
9744958487
9744727551
8078383161
9895432338
6282246631
91 8137856857
8891314461
9074219913
9388597045
9400078803
9446743573
9496989711
9449460233
7907751015
7736681323
9746998880
9497816625
730687799
8848273895
8714766863
8136916610
9400815859
9895338709
8547166312
8078547243
9048393150
9961746849
6238708447
9496898465
9414083920
7012834247
9778543198
9847780718
9446568916
9995219390
9947886946
6361458434
8921952993
7034545792
7306377715
8921937223
8089434602
8590647909
7902831388
7736812806
7416203278
8848354641
8113936307
8078410182
8912787810
7909228947
7025241866
9446515874
9446406618
9048607358
9446604617
9605152830
7902611062
9747571930
9656478473
9061439433
8943531464
9895048489
8921892705
8281349870
9048235294
7560940363
9447293592
8590207448
9846461089
8281829731
8767330156
9496414100
8921822590
9633551503
8281236629
966549439104
9567727186
8075647533
7356078353
8138964096
9656610152
9961869793
7907674304
9447177089
9961718859
7736133099
977830092
8281175222
8589959535
9605655533
9074262856
9188534636
8590683469
9074230734
543480581
555979969
6238992934
6282856070
9847433341
9645004751
7902572804
7012135404
9074790692
8289873347
7736285082
9061988415
9447864585
8848836238
9074414490
8281569562
9496100449
9747678496
9188785887
8089321450
9744850887
7356715234
7736305234
8547891535
8903300333
944 713 6759
8281425690
9496838890
8129446371
9746353876
9747386216
9633332527
9400543009
9446741786
9562445959
9605033666
9072002668
7736813081
8078188936
9946492503
9746405015
9539301401
8089275187
8921767432
9746913381
6238256998
8921122702
6238769022
+91 9388441133
8714007086
9188698850
 94007 17426
9447404640
9400989996
9567223479
9778319687
9895328931
8129022870
9048413901
8075257432
7510243459
7025030016
9562823735
9539207277
9072397365
7012120055
8281920639
8606275824
9496498427
9947144840
9188399062
8606013333
8590218593
9895620654
9061812559
7356682375
8848291053
9745186419
8714412108
9447329780
9037456098
7012867420
7034437449
8592016366
9995126408
8590306741
6238163754
9526794784
6238912685
9539488429
9400056424
9446196421
7356087843
9447036066
7356467686
8590501400
7902448497
9496935371
8129954502
8078240435
8590308862
9061947403
7510236326
6238891006
9995827612
8921633622
9746034489
8547423383
6235253936
9778014105
8590562766
94479 71630 
6238477579
9567040676
9744749912
90741 83715
8075072957
9496111133
7012882630
8848779442
8327075323
9961565810
8943939236
9311130350
7994146303
919446589464
8089103433
8078159011
7907326896
6238056784
9447091388
77336270728
6282888373
8547154470
7012637347
7025974909
6238521547
8891744116
6238143822
9995137896
8943111144
7510511850
9544912844
7564880468
8281081971
9082644792
9446723988
7306588273
7025060993
9946048270
9037694969
8754177163
8075229045
8078522037
8075493135
7025055020
8848513971
8281316283
7012369076
6238773934
7358770155
7907071185
9447012728
9495277791
919747440659
9446741786
9447411144
9496536022
9188048079
8848668517
9188813552
6282797138
8590233307
8075791491
9961955644
9961955644
9562603144
8075928115
9388961466
9995987859
7736962498
971507594291
8129676344
8590346639
7012884086
6235927433
918281897594
6282979748
7012843231
7511138720
7510604694
8590527947
9447934157
9605522649
9207634632
8891423202
8848645699
9847850468
7356524369
9447208916
9961691418
+91 87144 10531
9846635826
9567173912
8848694882
8547651479
7012107218
8089126235
6282348625
9447157002
9995831923
8281163565
9061812559
8848992460
9778137054
8547537376
8714856863
8547760020
8157076730
6282933598
7306299784
9188469796
7736184696
8281335783
9745465189
8606356285
7736157852
8848854317
9446415270
9526625956
7012746248
8714561235
7909123124
8129425180
9544162497
7907597681
9895399955
9496696190
7907043514
7736474922
8089080045
9400734500
9946865225
8075576549
8330067995
9495427577
9447234225
8830734225
7736884231
9746127421
8078331720
9207866808
8891720455
8606315095
9846594599
7902634176
8089031154
7034700385
8590939688
8129712932
9947901251
9895396165
9061011907
96566140517
7356065933
9544599234
9495664139
8590882212
9400308388
9895980449
9447464338
9747960327
7306837090
9447929103
8547402593
9744835050
8848083713
7907818966
7736984659
8156906140
9544837201
9446818639
7902633593
9567170875
9846568875
9447546113
8943321469
6238217081
8089357051
8590092449
7593034811
9847590347
9656600038
9567278037
9745097879
9605438517
9526651408
9037328210
7025881882
7012409762
8590654827
9847531171
6282949748
9383477062
9037054537
7306592148
9567795569
8301096762
8921020429
9495696545
9930366422
8921684168
9879578718
9995665831
8921387787
8301861004
7025425957
7510706262
8891481144
8089164078
9446062668
8921562509
8848014256
8891411613
9446696200
9605200491
9446941864
9745868661
9539577091
9400450227
7306177489
9495853133
9072480570
9447123836
7558835859
9447123836
9946809080
9946271752
7907299509
9383411055
7034194393
8590285761
9400509988
9895163518
7012172745
8590135877
8590179371
9526918142
7907864971
7558944424
8086803690
9446580148
9745440080
991878464
8921955862
9995447687
6282713099
9562828066
9446302412
7025243071
8606865298
9495985950
8547948471
9605845133
8848487807
8891514071
8075256370
9946310823
9496146328
8848337286
6235202659
6238410760
8590894652
8921412448
8547317118
8129837782
8547564320
8547523464
7907548127
9061482332
8590637241
7902795523
9744176878
8590911078
9846781427
8891261479
9447870619
8547837822
8590301079
7907575508
9400563989
9496754315
9746890085
8281785079
6282134490
8590424401
9567351568
7736473298
7834817449
9447141984
7200091886
9446746441
7012037414
9995316129
7907777829
8281103607
9961899000
9495181483
9746166277
70129 97845
8086595775
9037527969
7356855132
8943769475
7907788639
8304872278
9048883153
8137943474
9061572887
9847029403
+91 80-75641639
+91 8848266303
7994384761
8129667520
8281402940
9497110363
9562356919
79027234804
7510720580
7012034516
8156860928
7559857037
8848901343
9744687178
9497881696
7034711010
8129874010
9746583779
7594064124
6282066159
7306911446
8156839171
8891615794
6869708940
8589908177
9037826678
9188053682
6238312107
8848056362
 95445 61573
8289836252
9744343129
9747687483
9446612439
9947345862
8078105617
9740744887
9400038410
9947771075
9061465250
9446988270
8848387432
8086715278
9946279712
8089628673
7907529057
9496510962
9995934429
9188405056
9643197211
9446996262
9496625244
8848829121
9961368785
8075220431
9895844744
9605989607
8943049292
6235549391
8848748137
9778210830
8891477171
9744056582
9567941956
9383455597
7907254420
918075040352
7356368115
8129272046
9142309019
9037373478
8848547702
7511162292
9560477630
7909119828
8714363629
9207029522
9544465305
7736490882
9074915815
8089465595
9778169191
9047047320
8129459429
9447653182
7356837164
8590422957
9497142278
9446435062
8086225446
9400266306
9544112232
9400079224
9562077737
9074372228
282554314
9656980578
8590192342
8590464459
9778042785
7510921028
9946556547
9400678288
8891414177
9746267884
9745923860
8078047970
9744323270
8281243158
7902451740
9745431474
8921131479
9747158351
9188684268
9744746282
9895447146
9074209667
7036120065
9562382206
6235877324
9847167270
8010892378
7736698103
9562235654
9447404050
9846652522
9747865324
7306140733
7306757121
7012857824
8136835260
9946775724
8590433576
9567679209
9947736327
7356501986
8921013314
9746667345
8289869533
9809967585
8086123445
9446161885
8289978449
9037417433
7012172583
9605195165
8921570705
8281772403
7025245360
9048438299
9447271758
9037425455
9947996945
9947023515
9074084866
9847653463
8089796318
8547623478
8593973113
7907442336
9188434447
9995388303
8848793770
8921001306
9947732442
9778482335
8848578845
8943005993
8714429714
8301043588
9723637177
9946541977
9946353168
7025366430
7902563394
9656407048
9447294782
9449730003
9074595955
9339245964
7736645097
9961350202
9846012608
7907234804
9895648600
8089355328
8089640892
9496177972
9633984120
9747957311
8078339412
9061922399
9961137909
6235234845
9847975384
9847154071
7012336030
8139821950
8590417146
8714857378
7356052722
6282802824
9847732830
7483183380
8089615040
7012751947
6282323083
6235001199
6238985775
9778140388
7907075488
7907031616
9746377793
9400396093
8075234878
9074533790
9847099123
Mobile no
8848899330
8848587805
8137077530
8078316680
8921044188
8943111144
6282889342
6282850882
9847584498
8921117565
8078561990
7907837645
8593856906
8891416857
9400042100
9656059439
7510247150
6282362625
9995567281
8943809185
8075980673
8921654783
9567177550
7736552342
9633369217
6235068548
9778593867
8921176298
8891669877
9778091856
9495554673
8606373309
9946760359
6282615836
9288506256
9447095299
7510563527
8289871657
8921520710
8891693488
7994814436
9447027610
8921856236
9847388527
96566416787
9847835682
8893920919
7902542252
9400602026
9495536101
9497484966
9496526301
8136831383
9946017373
9995782485
6282578027
9539456990
9446749540
9961821243
8138051908
9947835377
9995438111
8304031585
8075972406
9496823679
9544885328
9895997055
8113032015
7876268370
8078772914
7356187740
8289832673
9037347392
9946149179
9061380145
8891998879
9995884571
6282679984
97336094557
8078431021
6282110573
9947576605
9074056881
7510471442
9847898032
7793956460
6238026796
9744855629
6235296294
7025034285
8281442279
9895441323
9061647057
7356970473
9747302354
8921258662
8848558170
7306373998
9567995552
9846214630
918891923845
8089128602
7510630185
6282551725
9349835135
7025457957
7396766356
9495812943
9539495103
9846196623
9496324250
9562278810
7736945415
8921567184
8075447037
8714820582
Nik
8089536615
7356968965
7011074699
9497819220
7511147772
8089423810
9633973700
9605036234
9447050521
8129329544
7736007877
9061637019
8086748788
7356057551
7012366548
7025204162
8891020018
8547703623
9961145144
8891462206
9778084149
9995706728
9037288496
9562464769
8590816407
6235038224
8113828141
9888855237
8590498034
7356116714
7034054144
8714161735
7034095832
9656214805
7736426930
8547834492
9400332712
8138026116
8589946896
9778032092
9544217678
9846647704
9605322943
9496843736
8590152554
9995213790
9447374759
8848021977
9074758445
9047119194
7306026694
9847228985
8590377323
9746626169
9605112865
8089192946
9778743978
7012732576
9447814826
7306888415
8086421030
8592911399
7025483430
9362628267
9446522976
9388855522
9961224790
9495728617
9895041967
8547327877
9847400004
8078919853
9778321325
8590468856
9605723736
9048630645
9544835522
8138911316
9539919625
9539163646
9605006314
9747876791
7349554735
8590663051
9744940282
9496788435
8089861864
9846087555
7012905180
9924813700
9895932204
8590448950
8330073091
9605131510
9495756709
8943849264
9188720075
9778406890
9747397149
9746959586
7736233362
8921951383
9846172461
9778013480
9446011641
9074458704
9544162497
971569877126
7736640855
8891598842
7594076001
9633235555
8590238300
8606424128
9605549432
9846078066
9496416884
9074081105
7907955908
9895387479
9747980945
6238955392
7904969667
8075312901
9895174633
9061508622
9400717699
8075646050
9846051114
8547843779
7994716675
9400763032
9544078202
98985180059
8075156598
9961700642
9497800787
8921603567
8921915141
6282691076
6238517006
9495316642
7356658918
9495337766
8891557105
8606463649
9207638161
9961629873
7012904220
6282765463
9605996748
7736693327
9895888931
9847181480
9605447123
9074129236
8129210478
7909104460
8590312970
6282639726
7907392076
9961342643
7012078757
8289836252
9495849964
6238241119
7902755653
8921225644
9567446676
9633538385
6238993732
7907443171
8129168177
6282207660
6238529078
8075141381
8606364929
9544471298
7736855290
7356975606
9605066570
9074361780
7592054507
9497353574
9048985272
9567654948
9074256164
7736861598
7994156303
6282565679
9074968626
7034351768
9746596138
9946457924
9633605414
9188100706
9946848768
9778366827
9995377570
8921853347
8891394603
7034023301
9496114580
9895644497
9633319153
9656912222
9995738070
9995283568
8129438730
6238140030
9995680191
8590489095
9037708801
8129358093
9446095151
8714542691
8921214952
8075866438
9388609090
7510965538
6238455995
7356628338
9037687296
9496126661
8714534853
9846409166
9497857252
9387273164
9947091288
9496817324
7736674018
9995061446
9562774691
919400753482
9074127155
7306155053
8089109785
7907691528
9605788895
8606031719
7736368007
9746277023
8089489447
9074980386
8592882354
9287593588
9496266356
9778081562
6238342837
8113071926
8129157007
7012082797
8848271162
7025625754
6282247323
7907451500
9074383330
9947448902
7510866186
8848424495
9562066170
9744757088
9947798924
9072700373
9400435123
7736861964
8431247588
8848554027
9961191445
9567296450
8590155427
6238021863
9947637662
917892323031
8943127560
9495802255
9633519991
8848375112
8086967022
8075325445
6235649606
9846809199
9847951498
8921524317
9539828513
8289811874
8891339827
9188469873
8138091914
7306299476
9074006932
9037964367
8281764175
7736732766
9995009777
9020865502
8590135134
9847082345
9249870523
9446236447
9446915729
9349198298
8075190590
6282111530
6238169714
9846623414
944584428437
7356460720
8848391272
9043986445
9947577471
9995015912
8129128991
7736895731
9188651979
9633455758
8921651675
8089734161
8848680552
9400962155
9645875069
9895850454
952100220
8086461030
7012771338
8593892086
9496706193
7736990591
9746579850
7012471106
9447329061
8590449570
8921442942
9745597577
8086865434
9074407716
8136935836
9037503540
9544465273
9745816457
7736190347
8943375700
9495120298
8129753163
7306926572
8891945472
9207272471
8891540266
9497467193
8075744175
9847169809
7025457319
9747309111
7907580749
9961100671
8139834422
8089694456
9544186334
6238450517
8921319209
9895653501
8590416515
8907752196
9048816457
6238685881
8139834422
9207237593
7594921296
6238709691
94463729
8891633237
7907515060
8590206902
9946435338
9895066215
9995612981
8891200344
9497651023
8891131017
9745339532
9847483723
8921981918
9400524089
7510535606
8113949405
8590899863
9895046813
6238366638
9496059570
8075563510
9895658540
8139016506
9746665168
9497845730
9207880023
8281740874
7907802372
8086472033
9847958247
9995983644
8289902596
8281822888
9567241146
9495406579
7560967474
8139061230
8921708002
8714122588
9362628267
9447494232
9562348840
7907808223
8848654687
8590512913
8891565319
9946847674
7306244044
8590779725
7510750988
9207572789
8129565578
9447050204
8136955980
nil
8714560701
9656122565
9207357277
9961695704
9633275562
9495224540
+971 562969325
8848455430
95675 78841
9727706111
7034784373
9074430445
9489334716
9496906865
9567615036
9446348221
9995552254
9778367220
8089405435
8590285468
8714341928
9633007363
9400801275
9746241680
7907287914
7902451740
9446062690
9588060545
9048243773
9656882128
9656078113
9846612110
9562953596
8281472629
9188104801
9747601821
9447058221
9562894756
8714817889
9446347745
9995046244
8086914771
9971635601
8592871978
9074121004
8157899271
9447204979
8086693495
8075685026
9746049598
9633133399
9567706018
8590329779
9495715094
9447031159
6238951083
9744911108
8089036522
7306982401
7736057888
9846404443
8281411770
7902759962
9747433419
9497774939
6282917340
8943366809
8137936604
7012496136
7907794995
7592919256
7025938456
7592983987
9744932125
6282307907
9895018090
9497509678
8281144088
6235873502
9946832937
8075920035
9061536139
8714466772
8075662941
7012752448
7306654291
8921081002
9895324051
9961703840
9074887097
8089028706
9778083835
9074497671
9961139352
8289805496
8129647724
9447166826
6282436530
9074291142
9744184202
892102620
8714161735
7594917181
8590588646
8590308740
6282139884
9846074734
8590920976
8594099571
9567758416
7025969421
7561051632
8590031401
9074741539
7594917181
6282824507
8319231456
9446624633
8921554698
6282693460
8086900054
7012325622
9497737402
9446383324
9895316039
9946398838
8129223348
9744003118
8129924322
7356735166
9446784396
9048074585
9037745844
8891527810
7736406149
8301860176
971559469917
8590827821
9496185540
8590827821
7034037959
7012329969
9496491745
8848201560
7994061734
9846785029
7510929005
7356588619
9747476775
9995170274
8891047408
9567417268
7012903918
9947356501
9446794296
9895120915
9496316762
8089314082
9744549196
9020333908
8139084472
79071 51166
7736913589
9745898215
8848816825
9946453947
9249227353
8086531955
9605905825
7356855329
9447777747
9744899598
7736114619
8075390684
9946430105
9946808090
9567227697
8089728938
7012131006
9633466155
7736044647
7025012203
9495177808
9826514577
9037765764
9995398129
9497890476
9744752276
7736136162
8848724659
7025842168
7012791437
6238450523
9645788525
9746782647
6238386255
6282046442
7994209807
+91 6282362461
9746124738
9544759345
9744849103
9400214030
8089435872
8921695736
7994429615
9447540338
9544644629
6282135464
8075330023
9567879771
8921257856
9447257455
9037250652
8921970064
7012464756
9496811700
8943329685
9446184499
9447743565
7736430084
7025519144
6238879858
9846458659
9497350319
8714283097
8075771404
6282869430
9422686635
9746165317
9061179836
8129865052
9544407646
9048305593
7907284307
8113063856
9895589798
9544631831
7909162565
9207171319
8075273833
8281400192
9388849390
8943749035
9567711912
9961100423
8848599317
7994718824
9745718623
8590537740
7025200781
9037283982
9656473588
9633864244
6282050559
9207888380
9747655533
9656336480
8590597844
8137839811
9074157549
9495990499
8891485953
7510614088
8301861099
7012440627
8606012305
7306977332
8594080291
7306770087
7902921939
8713465411
8891593975
8891486660
9387026672
8848115507
6282586383
6282449129
8921160475
9656320718
8078415780
9074041447
9961495562
90722 22170
9567021358
7907023484
9562463914
9947380627
8129291077
7907928749
9074883120
9074292867
8590315919
9656742042
9037776610
9446514584
9846877605
7356443031
+966 580712571
9847714328
8590179410
7034752826
6238667060
85905 37088 
7510770165
8129025130
9873651710
8075207499
7994067612
9496701391
9946832606
9746217015
6360199939
9745292550
7907783183
8921217684
918281208755
9207923866
9496617727
7356889965
9645859918
9048888966
7034597120
9847266869
8330098457
9746713017
9072874295
9447339963
9778727969
90373 61800 
8129635954
8078355294
7306812792
9074545943
9446290613
9539753605
6235834730
8606033545
75599122006
9497102973
9061108472
8921724862
7012022048
8113975454
9142178966
807501458
9745600526
8086439856
8606042857
9995788293
8848938247
971504837441
62634 30948 
8138033301
7561852512
8590928095
7306240857
9847878965
7736316702
8281105838
8129885532
7012551308
9074663295
9562136012
7012478930
8075508580
7034990273
96650105228
7356371571
8921796438
8075422484
8075425457
8289847354
9072777825
8921451010
9495531012
8593946242
7907552752
8590219362
7902665671
9745145128
8086232454
9288007945
7736196940
6238751936
9895517245
9544457360
9745668135
8129747711
7907436593
8921475016
917012572225
8590920189
7025150706
7560975567
8547949565
97455851337
7012793801
9605092348
9715086520
8129747711
8921588489
8891477898
9497093601
8281127906
7907154212
7025624087
8848820626
7012273969
9074455345
7558005074
8078568442
7012669337
9188093048
9037305857
9605746290
6235133259
7907805174
9074384847
9342951101
7907141622
9207058141
9847691247
8606085392
6235548716
9447179983
8848298735
9497139510
9656063060
9778406893
8848754463
8075102708
9605767667
7907817995
9544290477
8129530090
7994005097
9745794880
7909171663
7736518554
8891974723
7559985821
9074989087
9400662882
8547017435
8714880075
9544554747
7025373869
9387311876
9656057176
8714590551
9778755962
8089584956
8848818732
9447275124
9995890513
8078093146
9496754237
8891250237
8891222991
7907235178
7025123429
7012581538
8547299673
6282910419
8129894025
9446852325
8075012818
7558834576
8086318199
7592857569
8547787358
7356712828
7902665117
8281572167
9746735739
9778799427
7012354029
9446715914
8301843742
8089633109
7025577584
7907154212
8089292238
9744240131
8075813221
7902887174
7736595938
9207863911
8848037839
8330819063
8590957400
9995217479
7902994709
919995678982
9188350802
7736452812
6238489692
8590539414
8606404932
7306731306
8301955987
9745339368
8289868249
8592830373
9895463747
8281906760
+91 7306221416
9846099518
9446814870
6282082841
9446252079
6238687747
7034907095
8848620341
7907036715
6282977382
9447433702
8086366629
9847943333
7903153629
9207273091
9656188401
623548092
7736677474
8078156369
8086215572
9446036698
9188674799
7736129939
8592082005
9847912252
7559958437
8089114251
8943733146
9207699485
7012821658
9495865592
8714352006
9271677707
8304812292
9778307086
8075431014
7012697323
9037113719
9567109329
7306613586
8075936116
9562920993
9778167486
9447849229
7306060857
6282765784
7736532262
8301858327
9539241699
8281130912
9207758141
8848124171
9037103733
9072999459
8075806751
8921709606
7356199941
9446488819
9446956197
8547728877
7994918976
9446741786
9747996708
9539730324
9567734913
9995010251
8078472750
9497301794
8281855067
9207185332
8593939031
7907722380
9745395448
9037889100
8891541936
9844916234
8848873037
7994732012
6282390237
8590889616
9562813813
8848104406
6282348719
9048894142
9605227092
9895953876
8891793404
8891234148
9061630060
9562896913
7012441376
8075408776
8078857165
8943117875
8089874528
8590893423
9447288884
9074165160
8848414355
8848869716
7994499076
9567955595
8075286562
8075160745
9061638666
8075544507
9074059317
8590204836
9747671392
9446431814
8281479152
9744956208
8086341229
8848121472
9747496805
8590531021
8592006136
6238035131
8089081158
9072135558
+91 8075449354
9633874336
7306770326
9895574212
7034811122
9656877838
8891511350
9074098978
8129386079
9645559973
9037641734
9645642912
9539472282
7306423388
7902810265
9074524396
7356767812
7736627260
8943453845
8289853278
+91 79024 49029
9562445959
8921891696
7025797985
9746405015
7306808613
9847092410
8891789286
7356817182
8590000789
9895770465
8921380327
7510760371
8156967693
9074269685
9656234205
8714713394
9778742234
7559031524
9544710722
7559031524
9747076173
7012810901
9400966632
7736834668
9188217577
9995566867
9061892763
8921247584
9562304276
8075513673
6238239884
8891499506
9207292621
7356961641
8590455871
971509603721
8547475603
9061705777
9946104389
9847020619
9188061320
9188100706
9895125713
9745400900
8593007010
8086450772
8113844352
8921515756
8129479030
7994216327
9846128544
8590211360
9846226952
9744417899
8921830063
8590313296
9497027068
8714932711
9188286505
6282213972
8136902982
9539506561
6282760739
9074096471
9746193938
8848186831
6238489692
8590345820
9871402119
8848939594
8281384204
9747317285
9072984598
7907369500
9809161075
8891291472
9846835808
8593008927
6238375763
8848859804
9496141549
7034217162
9778492682
8590311204
8291710072
7907915404
8129576793
8714614976
9061460975
8921376045
8590020883
8714415139
9400464626
7510543633
9845706501
9778304906
9495371519
8281193392
7559903238
7593064032
8943327433
8589916085
9074610884
8848196171
9207535837
9497282239
8547884916
8139834422
6282609515
8086050027
9645736767
9157200200
8943575650
8590223694
8281862546
9544852910
7025104564
9207601766
8075918724
8891726558
6282948542
9778444878
8086946893
9656371212
8547480482
7736239713
6235437121
9745369270
8921542880
9567769088
8589071700
7907370984
7356474479
6282541970
6238930822
9961296020
9061141600
9037372065
9745922235
7012892324
8921668173
8594044037
9744388615
8590314573
8921995192
8281695569
8547518938
8086000068
6282856112
8086379454
6371551445
8078957140
9633459962
8281047946
7736194727
9048167856
7907113458
9061049981
9744041588
9846367926
7293429339
8590160850
8590212488
9048385159
9037654270
8078281001
9544140729
9778366853
7907302306
6282441917
9188070890
7510239739
8075541646
9048031370
9037357687
9847234177
8156883303
9633310917
8075164934
9072580799
9746197305
8149834487
9495700950
9847533726
9746166277
9496096183
7907603030
9947207585
7561026181
9946950301
8281069768
7907569327
9605690004
9446160485
9880994219
8921893433
9995470401
9562358909
8089627303
6369953065
6238336052
8428101825
9744908942
8606791167
9446962764
8848733568
9778181842
8891274800
8590185611
9847602449
7034714295
8891392044
9400452529
9946893268
7012285726
7012037079
8129930310
9895834200
8075965752
7559810960
9383439931
8921122474
9847545744
9995560556
9106036040
8606114214
9744014470
9746606002
7594880541
8606710584
8281231654
8281878137
9747925689
8283803478
9061710971
9447449844
8533097005
9567267390
8078411047
8113068698
9995656184
8714235507
8078794589
8281282018
6282064965
9446320636
9847452292
8129020289
7736161031
8848375412
7736182983
9847137272
8289823910
8157075134
8078093338
7994902657
9526150461
8891237206
8136962262
9496214420
7907126050
9778013502
8086062378
9656942091
9744678903
8714713394
9961625077
8929245777
9778250066
7012737341
8136976607
8113864711
80896 32976
6282791430
7593042740
7593859766
8714866724
9847725431
9539206051
6235870152
9656554446
9207260691
9846410807
9048550848
8606285889
9746047269
8089463141
9995564842
9447028761
9846597294
9446879907
9496704253
7559092992
8301966470
9961700657
8281137521
7306774838
6282060592
7909149360
9074769315
9633796067
8891458914
7306622770
8589029050
8921932276
7306941762
9778553967
6282144392
9778010758
9633627204
9048846716
8139092426
9048255409
8848356960
8138875310
9847972171
8848265235
8078000685
9847771106

