9895120915
9946453947
9446794296
8139084472
7034951220
9947356501
9496316762
9061638666
8848816825
8089314082
7012903918
9745898215
9567417268
8891047408
9020333908
7736913589
9744549196
8086531955
8590304006
79071 51166
9995170274
7736627260
9497061630
8848414355
7510929005
7034037959
7994061734
9747476775
9995416931
9526811071
8590827821
9496185540
971559469917
8301860176
07736406149
8891527810
9496491745
9037745844
9048074585
7736236203
8848201560
9446784396
7356735166
8089877801
9846785029
7012329969
9446624633
9446383324
8319231456
8129223348
7736914062
6282693460
8921554698
6282824507
9074741539
9895316039
9074098978
9497737402
9947707236
8129924322
8921257856
8590330225
9946398838
7012325622
8086900054
8590990704
8921689754
9744003118
9846074734
8594099571
7594917181
7561051632
892102620
9744184202
7736673331
6235706448
8590308740
7025969421
9074291142
6282436530
8590031401
8590588646
8590175567
7907647209
8590920976
6282139884
9995593207
9747496805
9567758416
8129599807
9447058221
9074887097
09961703840
9995903600
8714466772
8089028706
8075662941
9074059317
8089909357
8921081002
9961139352
8129647724
7736430084
7306654291
8075896248
8590955074
9645922231
9778083835
9895324051
9061536139
9946832937
9074366354
8075920035
9447166826
8289805496
6235873502
9656555591
9496495888
9074497671
9567322408
7012752448
7592983987
7907794995
7012496136
8137936604
7025938456
8943366809
8281144088
6282917340
9497774939
0096566832437
9747433419
9744932125
7592919256
9895018090
7902759962 
8281411770
9847020619
9846404443
7736057888
9961367638
9497509678
7306982401
00971503703029
8848803192
7907722380
6282307907
9497889207
9495715094
8089036522
8086693495
8157899271
9633133399
9074121004
9846889361
9447031159
8590329779
8589988622
9567706018
9746049598
8592871978
9562464994
9971635601
8086914771
8075685026
9995046244
9744911108
9446347745
8714817889
9447204979
9562894756
6238951083
9656882128
9946575479
9747601821
9048243773
9588060545
+91 9995891007
9446062690
7907287914
9746241680
8281472629
9400801275
9633007363
8714341928
9447549018
9539472282
9744811631
8590285468
9656078113
9846612110
9188104801
8089405435
9562953596
9400199780
919400753482
7034784373
9727706111
9447060622
9447310787
95675 78841
9744956208
8848455430
+971 562969325
9489334716
9446348221
9495224540
9633275562
9961695704
9074430445
9567615036
9947288893
9778367220
9446111969
9995552254
9496906865
7510750988
8086341229
8590779725
8714560701
8136955980
9656122565
7306244044
9946847674
8891565319
9447050204
8129565578
8281822888
9207572789
nil
8590512913
8848654687
7907808223
9562348840
9447494232
9362628267
8714028776
7306686015
8714122588
9995983644
9847958247 
8086472033
9495406579
7907802372
8592006136
8281740874
9207880023
7510488907
9497845730
9746665168
7560967474
8289902596
9567241146
8139016506
9895658540
7306677396
8075563510
8138033301
9745237182
9895025454
8592910285
8921708002
9496059570
6238366638
8139061230
9895046813
6238838604
8891200344
9400524089
9995612981
9497651023
8590531021
9895066215
9946435338
79077 41884
8590206902
9745339532
7907515060
8891633237
8921981918
8590899863
94463729
9847483723
6238709691
8962546428
7594921296
8113949405
8891131017
9207237593
7510535606
9495636731
8139834422
8590912386
7034811122
6238450517
9961100671
7012471106
8590416515
9895653501
9747309111
9961429777
7025457319
9847169809
8075744175
8907752196
9497467193
9846228891
8921319209
9544186334
6238685881
8891540266
9207272471
8891945472
8089694456
8590634658
9048816457
9745816457
9495120298
8136935836
9074407716
9544465273
08086865434
9745597577
8129753163
8921442942
8590449570
9447329061
9746579850
7736990591
9496706193
9037503540
8943375700
8593892086
7736190347
7012771338
7510760371
8086461030
952100220
8891511350
9995908243
7356460720
9188651979
8129128991
9633455758
7736895731
8848680552
944584428437
9895574212
8139807255
9947577471
9645875069
9846809199
9400962155
8281479152
8921651675
9043986445
9895850454
8089734161
6238169714
9995015912
8848391272
6282111530
8075190590
9074103246
8590135134
9074006932
7306299476
9446915729
9188469873
8891339827
9249870523
9567849701
8289811874
8330855050
9446236447
9072135558
9539828513
8281764175
09995009777
8921524317
9847951498
6235649606
09037964367
7736732766
9947883536
9020865502
9847082345
9633519991
9446488819
8075325445
6238021863
8590155427
9567296450
9961191445
8086967022
9495802255
8848554027
8431247588
917892323031
7736861964
9947355324
09400435123
9072700373
9947798924
9744757088
8943127560
9562066170
8848121472
8848424495
7902208537
9947637662
8129157007
8113071926
6238342837
8848271162
9778081562
9074383330
9947448902
7025625754
7510866186
7012082797
9496266356
8113065943
9287593588
8089081158
8592882354
9074980386
8714713394
7306926572
6282247323
8089489447
7907451500
9746277023
6238170967
7736368007
8606803347
9074127155
9562774691
9995061446
7306155053
7736674018
9496817324
7558024438
9947091288
9387273164
9497857252
7994097705
9846409166
08714534853
9496126661
9037687296
8089109785
8129386079
9605788895
7907691528
7356628338
8606031719
6238455995
8714780141
8921378967
9995283568
9995738070
8590313296
9656912222
8848595230
8129358093
8547864147
9633319153
9633004314
8590489095
8714542691
9388609090
8921214952
9446095151
9895644497
8086050027
6238140030
9495589993
9496114580
9995680191
7034023301
7510965538
7994286258
9037708801
8075866438
08921853347
9946457924
9072984598
9946848768
9633605414
7034351768
9074968626
9605447123
6282565679
7736807490
06238517006
8891394603
9495849964
9188100706
7994156303
8848939594
7736861598
9074256164
9995377570
9746596138
9567654948
9048985272
9497353574
7592054507
9778366827
7907632846
7356975606
8129168177
8606364929
9633538385
8281651653
8075141381
9567446676
9074361780
8921225644
6238529078
7902755653
7736855290
8138091914
6238241119
6238993732
9845706501
9544471298
7012078757
6282207660
9207579361
9961342643
9633672730
8089826001
7907443171
9895387479
8921472450
9562894996
9847181480
9895888931
7736693327
9605996748
6282765463
7012904220
9961629873
9074129236
7907392076
8606463649
8891557105
6282639726
9495337766
7909104460
7356658918
9495316642
6282691076
8129210478
9895709567
9188286505
98985180059
9544078202
9400763032
7994716675
8547843779
9846051114
8075156598
8075646050
09400717699
8921915141
9497800787
9061508622
8291710072
9895174633
8075312901
7904969667
9645053583
9497027068
6238955392
8921603567
9961700642
7356796969
7594076001
9633235555
9846078066
8891598842
7736640855
00971569877126
8590238300
9544162497
9074458704
9074081105
9446011641
9778013480
9605549432
9846172461
8921951383
8921595330
7736233362
8714932711
9746959586
9496416884
7403481762
8606424128
7907955908
9633459962
8330073091
8590448950
8943849264
9495756709
9778406890
9895932204
9924813700
7012905180
9846087555
8089861864
9496788435
9744940282
9846835808
8590663051
9526937349
7349554735
9188720075
9747876791
9605006314
9645476090
9895520934
9605131510
9400923472
9446952224
9539919625
8590468856
8138911316
9778321325
8078919853
9847400004
8547327877
8848196171
9544835522
9539163646
9895041967
9495728617
9961224790
9605723736
9388855522
9446522976
9362628267
7025483430
9746776785
8592911399
9048630645
7994842716
8848618714
9074085988
8089192946
9847228985
7306026694
9746626169
8075097375
7012732576
9047119194
8136902982
9074758445
8848021977
9447374759
9995213790
9447814826
8590152554
9496843736
7306888415
9605322943
9846647704
09605112865
9544217678
8590377323
7034523490
9778032092
9778743978
8589946896
7034054144
8547834492
7356116714
8590498034
9888855237
9656214805
8113828141
7907374016
6235038224
8590816407
9562464769
8138026116
8714161735
9497282239
7034095832
9037288496
9995706728
9037014018
8590408263
9946129620
9778750384
9400332712
7012366548 
8129329544
9447050521
9605036234
8891020018
9633973700
8089423810
7511147772
9497819220
9745664736
9995748861
9847302985
8547703623
7356057551
9961145144
7736007877
8590775354
7025204162
+91 87147 90340
9778084149
8086748788
8891462206
9061637019
9495812943
8714820582
09539506561
7396766356
8089536615
7736945415
9539495103
7011074699
7025457957
9349835135
6282551725
Nik
7510630185
8089128602
7902994709
9496324250
918891923845
7356968965
9562278810
8921567184
6282573981
9846196623
9846214630
8075447037
9567995552
8281442279
9895441323
9744855629
6238026796
6235296294
7306373998
9061647057
7793956460
8848558170
9847898032
7510471442
9074056881
9947576605
7356970473
6282110573
7025034285
9809161075
8078431021
9747302354
9037531771
9746193938
0097336094557
8921258662
8547063251
9995884571
7356187740
8078772914
7876268370
8113032015
9895997055
9544885328
9946149179
8289832673
9496823679
8848825978
8075972406
8304031585
9995438111
9715454290831
9539238480
9037347392
9947835377
9061380145
8138051908
9188414198
9656371212
8714415139
8891998879
9497484966
9495536101
9400602026
8848186831
7902542252
9946017373
6282578027
08893920919
9847835682
8136831383
96566416787
9847388527
9746865024
8075365089
8921856236
9995782485
9447172000
9074562038
9496526301
9447027610
7736356336
9539456990
08129576793
9961821243
9446749540
8289871657
7510563527
08606373309
9495554673
9778091856
9946008299
8589916085
8921176298
9526533057
9778593867
6235068548
8547696638
6282615836
9633369217
9495283065
7736552342
9567177550
9447095299
9946760359
9288506256
8921520710
8921654783
8891693488
7994814436
8891218175
9496141549
9633497831
9995567281
6282889342
08943111144
7907837645
9847584498
8921044188
8593856906
8078316680
8590586067
6282213972
8078561990
7510247150
9656059439
6282850882
8075980673
8943809185
9400042100
8891416857
6282362625
8137077530
8848587805
8848899330
Mobile no
9074619340
8921117565
9746377793
7907031616
7907075488
9778140388
8891291472
6238985775
9074533790
6235001199
8075234878
6282323083
7012751947
8089615040
07483183380
9847732830
6282802824
7356052722
8714857378
8921830063
8590417146
9413280292
8139821950
9847099123
9400396093
9037610853
9544957465
9747957311
8078339412
9847975384
9061922399
9847154071
9961137909
9747144663
6282760739
9633984120
9496177972
8089640892
6235234845
8089355328
7012336030
9895648600
7907234804
9846012608
9961350202
7736645097
9339245964
9074595955
9449730003
9447294782
9656407048
8301043588
7902563394
8943005993
8848578845
8714429714
9778482335
7736960369
8921001306
7736426930
8848793770
9995388303
9946353168
9947732442
9946541977
9188434447
7907442336
8593973113
8281695569
7907369500
8547623478 
7025366430
9723637177
8089796318
9847653463
9947886101
8289978449
9446161885
8281772403
8921570705
7025245360
9947023515
9048438299
9871402119
8086123445
8590433576
9847456655
9074084866
9446160485
9037425455
9605195165
9037417433
7994827943
7012172583
9809967585
9447271758
9947996945
6238371514
8289869533
9746667345
9539946380
7012857824
7306140733
9747865324
9447404050
8891669877
7356501986
9048592828
8921013314
9567679209
7306757121
9562235654
7736698103
9946775724
8010892378
9846652522
9847167270
6235877324
9562382206
7036120065
9074209667
9895447146
8136835260
9947736327
9744746282
9744323270
6235301134
8281243158
7902451740
9188684268
9074096471
9745431474
9745923860
9746267884
8891414177
9400678288
9744500729
8921131479
9778479450
9946556547
7510921028
9778042785
8590192342
9747158351
9656980578
282554314
8590383728
9747317285
9633958691
8590422957
9497142278
7356837164
8086225446
9447653182
8606295023
8891796411
9544112232
8129459429
9847042562
9446435062
9047047320
9778169191
8089465595
9074915815
7736490882
9400079224
9544465305
9562077737
9207029522
8714363629
9633730657
9074336496
9400266306
7356926788
8848829121
9778210830
8848748137
9142309019
7511162292
8891477171
9074050994
9560477630
6235549391
9567941956
9383455597
7909119828
9037373478
8848547702
8943049292
9744056582
9605989607
9895844744
8075220431
9495371519
918075040352
6238520843
8129272046
7356368115
7907254420
09961368785
7907529057
8089628673
9496510962
8281384204
6238489692
9496625244
9946279712
8086715278
8848387432
+91 8848266303
9446988270
7907116747
9995934429
9643197211
9061465250
9947771075
8129541573
9400038410
9961106637
9400854047
9746606710
9188405056
8078105617
8289836252
 95445 61573
9747687483
8848056362
9947345862
6238312107
9188666337
9188053682
9037826678
8589908177
6869708940
6235664573
7736220604
8891615794
9745562317
8156839171
9847675480
9446612439
7034711010
7012034516
8156860928
7510720580
79027234804
8129874010
7559857037
9497881696
9562186096
9497110363
7594064124
8590014312
8089874528
9778492682
8281402940
8129667520
8281363220
9746583779
8848901343
8590955847
9744687178
7907788639
7356855132
8943769475
9037527969
7994384761
9496646187
8137943474
70129 97845
9961899000
8304872278
8281103607
9400959233
9048883153
9495181483
8590588433
9544880049
6282134490
07025755100
9946104389
7907777829
9746890085
09446746441
9496754315
7907575508
8590301079
9037529498
7834817449
8590216590
9447141984
9447870619
09496296714
7200091886
8547884916
8089751778
7012037414
8281785079
9567351568
7736473298
8590424401
7907548127
9744176878
9846781427
8547523464
8547564320
8590911078
8129837782
7902795523
8921876146
8547317118
9074930658
8921412448
8590894652
8590223694
7907677068
9383499599
9497405534
6235202659
8301830031
8848337286
8891261479
8590637241
7012779762
9495985950
9496146328
9446302412
9562828066
8075256370
6282713099
9446462055
8547948471
7510110823
991878464
7025243071
7593989698 
9745440080
8848487807
7025481084
8891514071
8606865298
9605845133
9446580148
9895163518
7558944424
6235988730
8590285761
7012172745
7034194393
7907299509
7907864971
8590179371
9946271752
9526918142
9946809080
9447123836
7558835859
9447123836
7559031524
9072480570
9495022125
8086803690
9605200491
8590135877
8848014256
8086595775
9383411055
8891411613
9400965881
8921562509
9446062668
9847848184
7510706262
7025425957
9446696200
8547113853
9400450227
9495853133
7736182983
8301861004
8921387787
9446941864
7306177489
9995665831
8139023544
6238716208
9447060511
9539577091
8089164078
9037054537
9383477062
8891481144
9567795569
7559903238
8301096762
6282949748
7012409762
7306592148
9495696545
8848892367
7025881882
8921020429
7736365142
9447834305
9847531171
9037328210
9526651408
9605438517
9879578718
8921684168
8590419250
9930366422
7306293300
9447546113
9846568875
9288559717
7902633593
09446818639
8590092449
9567278037 
9656600038
6238217081
7593034811
8590311204
8943321469
9544837201
8156906140
7736984659
8089357051
7907818966
9847590347
8848083713
9633870082
9400308388
6238305214
9447464338
8590882212
9544599234
7356065933
9744343129
9747960327
7306837090
9895980449
8891720455
8606315095
7034700385
9400072820
8590939688
9746127421
7902634176
8830734225
09744835050
8129425180
8714561235
9895399955
7907597681
7356474479
7907043514
916282356458
8547537376
7736308309
8848992460
+91 8848837121
9995831923
9567173912
9447157002
8089126235
9544852910
7510255452
8891423202
81390 05117 
9605522649
8547651479
7012928511
6282979748
9207634632
9846635826
7736215632
6238375763
9400672123
7511138720
8606770719
7012884086
9048089306
918281897594
7012843231
8129676344
6235927433
9400656476
8089064764
6282797138
8075493135
9188813552
8075791491
9188048079
7736962498
8891647212
7510604694
9496536022
9447934157
9447208916
00971507594291
9447411144
9446741786
8848079877
9995987859
7034217162
8590233307
9061983797
8281316283
9037694969
7358770155
8078522037
8075229045
7025055020
7012369076
8848513971
8754177163
8075279392
7025060993
09495277791
6238773934
7564880468
9961227226
8943111144
8281081971
6282888373
77336270728
9082644792
6238521547
9447091388
8891744116
7510511850
8547154470
9446723988
6238143822
9847850468
9995137896
7025974909
7012637347
9544912844
9207205241
7736319666
8137906245
8089103433
7012882630
9496111133
9400464626
8075072957
9946423837
9311130350
6238366679
90741 83715
8848779442
7994146303
9188328642
9961691418
9744749912
9567040676
919446589464
8078159011
9447179983
9961565810
8943939236
8327075323
8891065603
9778014105
8590562766
7306062039
8078240435
8129954502
9746034489
0557395858
8921633622
8593008927
6235253936
7510236326
9995827612
8547423383
8606559845
9061947403
9496935371
8590308862
6238891006
8281504690
9539172978
9526794784
6238163754
9539488429
8590306741
9400056424
9995126408
8592016366
7034437449
8714235507
7012867420
6238477579
94479 71630 
918848820431
7012107218
6238489864
6238912685
9744796031
7994859982
9072002668
9746088345
9446196421
8606013333
9947144840
9496498427
8606275824
9895620654
9188399062
7012120055
8590218593
7356087843
9037456098
8848037001
9447329780
9072397365
8714412108
9745542811
9400989996
9526029193
 94007 17426
9745186419
8075665504
9188698850
9778319687
9846367926
8075257432
8714007086
+91 9388441133
8848291053
9495313949
8943225609
9567223479
7356682375
9895328931
8129022870
9544194344
7025030016
8848507987
8089275187
9539207277
8921995192
8921122702
9746405015
9496916982
6238769022
9400543009
00971503435227
7510243459
9961196313
9048413901
9605033666
7736813081
9747386216
8078188936
9946492503
9778061805
8089321450
9188785887
9746913381
9496100449
9663167140
9446044431
8921767432
8903300333
9744388615
7012273969
8281569562
6282348625
8129446371
9074414490
8714856863
9496838890
8848836238
9746353876
9633332527
9539301401
9447864585
9744072954
+966 50 638 8105
966549439104
0555979969
0543480581
8848447520
8547891535
8606679252
7012135404
9061988415
9074230734
9446741786
9744850887
9446415270
8075834056
9447423155
00973 34150856/  00973 38317436
8281425690
7736305234
7356715234
8289873347
6282856070
8281175222
8589959535
9605655533
7736285082
9745922235
8921719126
9074262856
6238992934
6282672208
8281236629
8590683469
9847433341
971 545357167
977830092
9645004751
7902572804
9633551503
9188534636
9074790692
9846064772
+91 87144 10531
8281829731
9496414100
9961718859
7736133099
9846461089
9656610152
8590207448
00919995189792
8848375112
7907674304
8138964096
8921822590
8848694882
9447177089
8547518938
8129793132
8547580500
9567727186
8767330156
7510239739
9961869793
8075647533
7356078353
8075035521
9446604617
8943531464
+91 80-75641639
09048607358
9633907006
7560940363
7902611062
9446406618
9446515874
9656478473
7025241866
7909228947
08912787810
8136955874
7558933476
9048235294
8281349870
8428101825
7025451109
9447293592
9895048489
7012230764
9605152830
9061439433
8921892705
8590472703
7416203278
7902831388
8921292567
8086000068
7034545792
9495915541
8921952993
6361458434
8590647909
9446431814
9947886946
9995219390
8921937223
8921576919
7306299784
8848354641
9446568916
9847780718
8078410182
8075871700
9778543198
9947063988
8089434602
7306377715
7012834247
9400815859
8547949573
8136916610
9447512866
8714766863
8848273895
730687799
7736812806
9895338709
9895607077
9847029403
8078547243
8113936307
9497816625
7034404690
9496898465
9961746849
9747925689
9048393150
9746998880
6282678775
7558089146
9778067565
9496096183
8714732284
7907751015
9074219913
8078383161
6238708447
9744727551
9400078803
9446743573
9744958487
9539704160
8590312970
6235311216
9747180830
9449460233
8281621558
9400133308
91 8137856857
6235394412
6282246631
7736694336
9562920993
8590589655
9414083920
9496989711
9895432338
9388597045
9447957096
9255286082
9495664139
8714967526
9847535817
7736360022
7736681323
9746010670
6282204703
7592971951
6282698474
9496485167
8089161633
9400355509
7736033998
8590314573
8848994241
8907289129
9447204485
9207357277
7736184696
9746963390
8891314461
9037076548
8848774893
7561883360
8606114214
9946219767
8281702311
9447929103
7994735698
9074566416
9074484942
7012842386
7994698527
8075202976
9495212367
9037555226
8089800009
9633145346
7356524369
9567115228
919745941674
8606424812
8078079831
9847131034
7592804161
7907932136
8848571021
6282414034
9747232824
9605731203
8304038769
8921116943
8369263178
9645561885
9562070306
9495825286
00973 37388875
7559981743
8891392044
9947655463
7012843231
8590435535
9605024111
7736655001
6282405325
9061572887
8848238627
8139864335
7012892324
9154936085
977855652
8304978853
9847311112
8281335783
9633599486
9188368285
8848021575
7306315340
8590440702
8281702883
8157878754
8281509552
7907113458
7994994062
859088349
9497626526
8281376616
7907960587
8078209249
9778429659
9846805529
9744892861
9947981220
8891274800
9497288393
9972093735
7994532316
6282856112
9061975860
9961955644
8590635626
8848854317
8590878351
9061933300
8089556438
8891235927
7907554989
6282380436
06282488804
8129420398
9446254194
9847369774
7356375348
9846080054
9995790185
8590325795
8848542408
7012730057
8281163565
9514995159
7510121044
9747696913
7907895114
7902203300
7736148830
6235655988
8848528570
9605334495
8139073453
8139832405
8590677398
8078957140
7736137024
9961139734
9995060952
9846132838
9446741786
9074009173
7736276464
6238823419
9447850500
6282883979
9847002607
9961065237
6235228402
9847443062
7593972405
8086379454
8943838581
9447083737
9961640500
9846099337
9446316498
9946893718
9496077282
9633304451
8075021185
919207577801
9778244055
8089066328
9495891238
+91 7736722314
6282720830
9074204850
9048040244
7306555054
8281619351
7510364604
9446368335
8075395013
7561856273
9567975020
8547901760
9895342776
9400677115
944 713 6759
8590369109
8921209149
8086886419
07736943375
7994903686
7907165844
9400445705
9846447025
8139029063
7012117424
8332944320
7561026181
9656850777
9496129300
7559006455
9961478665
9037015203
7907898001
8714172165
8590808685
9645599327
9495292389
9072886513
8281291903
9895302642
9447835725
7012230772
8590756353
9747224570
8301970318
+91 6238657709
7736440469
9447328016
8891525454
8593047846
6282933598
971508187365
6371551445
8547544733
9902162270
9061489039
8547366152
9846491600
9946042507
9746906381
8921086870
9030002949
8075033836
9446716336
9526056133
9633352183
9895436003
9188469796
8289925360
7025007265
8089592339
9447021356
9048167856
8129578273
9567013225
9539379021
8075089341
6282393551
9745582002
7907071185
9074447274
9745140418
8156967693
8075187849
8089309460
09846520986
7907242990
8848827011
7907525118
8078794589
8891556234
9400027792
9496751611
7012393624
8330857571
7907857502
9400414039
9539691365
8281047946
8714495990
8618742708
8547929980
8075473604
9447330418
9778536590
9645863588
9895799570
8714764973
8590584485
9747367672
9446937837
8590995297
8547760020
7902612887
9048519933
6282311606
9349198298
9562566293
9400941825
7025533927
8089805796
7902931637
09061933300
8086421030
7736194727
9447054325
6282804123
7907592373
6282536368
08547596492
9447816255
9446395594
8590513857
9496696190
8330034844
9497362414
9847080901
7356973323
9633621510
9995974499
9526297372
7510772177
97476 94410 
7907959484
8129712932
9207247059
8943487380
9400364052
00971529872770
9539719286
9605606905
7293429339
8590385067
9846766191
8086398061
8138831240
9447260070
8590606422
8714877062
7907742539
8714106718
8606356285
9447408742
7736942526
8848505826
9447872663
9776544521
7559934628
8089440369
6282364731
9746958829
8594093479
7306663763
8547837822
8078061001
7907553865
9496944555
9447391591
8089934944
9789027326
9656103331
9037678437
8078004777
8848930226
9746324997
9544778067
9037148918
9446955578
8590481013
8281920639
9447523022
9744041588
9497782941
6282236015
8129213783
9778137054
7306616515
8590162305
9847666238
9400389424
9778022734
9497813500
9633586731
9072159129
9946310823
9495726617
9633500512
9846903769
9207507593
9544810691
8590468340
9995470401
9778083917
8089142645
9074753198
9633155862
6360140925
8281725671
7994128984
7356641507
9946840658
9567160908
8078097674
9846288454
9349098912
7356879585
6238018761
8078281001
9048661490
7025399127
9446252079
9567408435
7907302306
9961137813
9745930603
8590160850
8129482070
9961496334
7012320871
9496724436
8129235708
9496774457
9447391001
9746549344
09846536014
9074754080
6235336281
8848078989
8330882764
9074372228
8129041154
7356767812
8590061513
8075220788
9656957271
9495604176
9656854966
9061130212
8891276737
9447183236
09744670876
8547355302
9946277719
9745465189
9446749966
9446765949
7559917282
9447262451
918921210561
8089733912
9895048688
9778495243
9072186077
9846478887
9446411026
7012394307
8921988253
8547324192
9353924720
07012590554
7012760718
8848462905
7034780333
9880994219
9074993882
8590654827
9495650858
9400415196
8590184477
9072096856
8590501400
971567058465
7907910237
9074946536
7994051206
8075173163
9400059032
9660114079
8603929828
9961307658
8547486253
8921622028
7902448497
8113808496
7025603808
7306558726
8590935166
8015705730
8714579953
7736031772
6282264209
9388777501
9746615326
+973 38959515
8590989069
8848401517
7306054117
9778142968
7012681585
974-70150725
9497337669
9037772150
9495025062
9446591469
8921501642
9544239266
9446928210
9446605565
7907613237
97467 95124
8281466343
8086411997
7510508234
6238256998
6282923495
7559895502
9495890366
8807466978
9555865978
7012285726
7012622182
7907326896
9074918710
8078231040
9207396124
9544140729
7902504723
8891234148
9496714663
8921499897
9744101897
9846676516
9495890366
9895610782
8281483969
8848158978 
9746251307
9656509901
8921628642
7012050620
9388620057
8547186137
8547357833
8590747841
8089080045
8921504310
7065222076
91 7736072397
7736294042
9562851243
8281175226
7736157852
9562358909
8075897266
9035749921
7306984430
9495140903
9400575095
7025594914
8848859106
9061348712
9847030107
9947362000
9207178740
6238410760
6238085908
8590464459
9447060996
9496922749
9947328830 
9633452470
8590066983
9745132424
7736067645
08590212488
9526990659
8157866888
9539071904
9567767968
9961715210
9567641909
8113052005
9495407778
9483505447
7558808336
9746892518
8075641318
9778770643
6282456178
8592807061
9746173636
8078332810
8157076730
9747795519
8281069768
7012118551
6282064412
8281069768
9567562793
8593915958
9746564485
09496341869
7559909112
6235218601
6282930768
8590320230
9495237464
00971569190748
7306911446
8281894034
8547975907
09495852700
9446470830
8281862546
916238092886
8075063535
9645860001
9895570817
9447616564
6235164104
8590956363
8848369983
8848545875
9072103498
9846232365
9947287571
9446074606
9645860001
9544825418
7994422801
6282560392
9048385159
00971501859166
8593871183 
8078188095
9188446593
8547661223
8096449155
8590346639
9447878121
9961162513
9847662250
9778082714
9037806169
9746428279
7306228135
9744186884
9605066570
9895927645
7012099277
9037659162
8848996693
9446353442
8714348375
6282902235
9562823735
9447159974
7558883280
9747571930
9446473099
6282 888 456
8075272644
9746735739
8590642254
8714312650
8590667050
9446694655
9188195585
8075084262
09745774805
+91 9645529943
8921325170
9544374234
9539015155
9037051024
8547461350
8921955862
09961074140
8891239782
7736154281
9895365884
9061049981
6238056784
7907569327
9847868105
8893707077
8113906497
9297104622
8848895727
9946037026
7558000705
8078845412
8590570556
9745920632
9995064121
9562644829
7907625415 
8075419334
7561029243
9847501727
9745890823
9633226550
8113803374
8714454607
8547317312
9946045477
09383499328
9947207585
9740744887
7012593572
8330866019
9961591343
8921412377
9947840793
8943555111
9847912252
9497139510
8590635379
7510625667
9497801171
8891748025
7994638455
9995921732
9995570039
9207709533
8590922651
8301913233
8590575988
9544691490
8891309507
8129618620
8547174350
09633774263
6282679984
9037416426
9497827080
9778180660
9947517366
8921314514
8111932357
9061722050
8547300138
7025137953
9746068274
7510606223
9074184865
8078857165
6238714790
7594014934
8078813541
9072046585
8590005919
9446973804
9633818171
9746594895
8547511552
9387733585
7907472659
96599804529
7356041906
9746052453
9961519098
9562081957
9446066417
9207638161
8593971147
8606268667
9447404640
9995194050
8921127375
9846334001
9037467313
9526671078
6238979117
9656910703
7902361938
8848983400
8304921609
8075821840
6282881423
9500720420
8848549690
9961349836
9744908942
9846099031
99957 99317 
8078325640 
9567660094
9895924441
8156948274
8848025391
7012623045
8075574603
9746179729
7994249286
9526721162
9645136730
9446929648
8590673998
9495493940
9778138782
9895655588
9778531578
9747989005
7025203714
9656883080
9061157641
9895012772
8714768559
81130096116
971502007445
9539612700
7902665117
9400734500
7012154457
9961103468
9037558180
8848239031
9961936569
9847871557
8891484368
7907247561
9446996262
9037654270
00917356085871
9846617270
+971 52 745 5677
8921395143
7736884231
9995295589
85478 80318 
7356786868
8547345732
9847862673
8075495249
7510332362
7306264259
9037327659
8281777956
9746246745
9961349836
7510327127
7034274940
7907874815
7907425480
9447209253
6282441917
9778434852
8891231973
9037015082
6238211756
9847378346
9632763001
9497464634
9496124150
8547402593
8848265146
7736916006
9645533247
9495806716
9946641283
7994940625
8848610729
9995755015
9207677121
09061705777
9497330768
8943431999
9562322480
6235373860
7012615675
9539719686
9995826681
9746756363
9388961466
9846009511
9656847978
9746235890
9074367928
9544328114
7034103989
9846440999
9745868661
9446308975
9446588612
9037828844
9074419544
8848738918
9895152909
8137905632
9645106502
9495087056
9072116271
8590359711
9645655103
9846898449
7012724991
8943668473
7356511871
8590626545
8089221927
9207415190
9495228928
09947219445
9495989967
8590609112
7902944327
9447910948
9072815546
8590930080
7306588273
7356087791
8086605808
6364670806
9037435578
9995409273
9446792136
9495671733
9778739846
9488166060
7012000692
6238867885
7306956017
8891547779
8848662713
9745127006
09526924374
9746382722
8075902181
7559927520
7994930448
9048335079
9633999574
7736474922
9446602956
8921742852
9074037843
8281694228
7025150706
6282869261
8075576549
9895140584
6282984520
8943940406
8921513306
7593990931
7012955742
9895057684
8289873981
9539589087
8590493506
7012389980
9447330986
7736802290
8053037473
8590531756
9847080148
6235075864
9388748835
7994252167
9562525520
8129913205
9946739420
9037321505
9496579370
9633425333
8078494776
8281585009
9061727489
8089874890
6235408072
9562626148
7356588619
9744233081
8113809084
8848680324
9946419152
9946950301
8943184256
6238208668
9496728555
9645940013
94945250552
9495250552
9747980945
9847012777
9526625956
9446302666
8848068848
6282974342
9746493847
8848034139
9188070890
7356658918
9207482430
9400423095
9847437725
8590761590
8590833157
9745351998
6282873870
7012706109
9562389415
7025087425
8714456461
9946818104
9745141192
9995323273
09074264477
8547138422
8139050514
9496799511
08075809144
8594096850
8075906686
9895604598
919747440659
9847607808
9495427577
7907441674
8921641190
8848378349
9074822347
9400786594
7736859928
9847819489
8590451097
7907369293
85473339972
9778314481
9746084451
7034541141
8304943022
8304882340
8907500043
9567170875
9895592755
9633031902
7012958100
8129020289*
8714473677
8281237987
8078026561
9497249094
9446670879
9207019487
9497459888
8606219787
9778535597
9744048630
8078047970
9947214117
9496408646
7994412492
8848723720
9633747116
881850914
8590714149
9447958662
9074383318
9207866808
9947901251
6238983765
8891329939
9539945258
7736837844
8891455737
9400313704
7994557698
9946712436
6238308984
8921527797
9447664425
8289973149
8921084619
7736245730
9447727335
07907327191
9188328322
8281208923
9895138114
9847481018
919400630671
7736303209
9961253005
8606710584
8547711963
9400256204
6282756687
08547277435
7902801906
9947624513
8547142360
8547142360
6282310261
9995584220
7907924658
8590430673
7034219812
8891584793
8848871424
7907478185
9447509905
6238342304
6301678203
7560997429
7034600474
8848668517
9497655875
9605690004
9946893268
07510960650
7736347313
6282066159
8921117300
8078295239
7510278747
7025043714
8891477898
9446458536
9447727781
9995557796
9491548000
8086470510
7012562355
9947688159
7510802303
8416966346
8078282412
009719379195
9447132485
9400090246
9562739754
9995821407
8590035220
8590457134
8943039949
9995134234
9633117663
9349513246
09747929590
7025015994
9526522871
9947345252
9446996432
9846326260
8547258998
8590906755
9747476775
8921981321
7736840418
8547471702
9482035693
7012081789
7012746461
6238115876
9847456500
8129287555
7909247278
8891488707
7736927091
7306038327
7736527906
9496242315
62381 71352
9447722112
8590995994
9656988046
9666960261
8075927052
8129334619
9072075580
8848645699
 8606219787
9496204815
8714247152
8891412673
9446814119
6006787013
6282785540
8590943214
6238323775
9495934995
0097336053875
8891412673
9075919621
8281720521
9446741786
8138033301
9497189704
9446741786
9746072989
9745349200
7356731586
7736720798
9747913876
9633007656
9074392982
9633222465
9446741786
9446741786
9946654822
9388849390
8848602501
8848602501
9446710906
7012746248
8547801885
8547633709
7306390456
94473 26017 
9446710906
7907081787
7907406397
9746536043
07025104564
7909114990
8129029770
7736235189
96879898164
8281156816
9633310917
9846623414
9947052909
9995024868
8075164934
8590527947
8086911154
8075610639
9526316601
9847533726
9539508159
+968 91280255
8130291335
9020368383
9567861056
9400044515
7510366150
8075949406
6282813424
7907380834
8547349451
0097455029980
9447036066
7356467686
8547905797
9995149063
9895755920
7034454791
9846470660
9526958475
99954899948
9778366853
9446829970
9497801100
8281278200
8921517843
7012229646
09496215103
9746166277
7907124375
9778539718
9778539718
9747299644
9747299644
9400594402
9400594402
6238336052
8089757771
8921893433
9846935909
8078047970
7510282992
9778730869
8943926126
9895459799
09446567303
8089236632
8075656146
9745097879
09447703602
7207861601
9446308975
9605098992
8593921836
9995893042
9605024611
8330067995
9744101976
9847941995
9037357687
8590275804
7012052622
9544013079
8075927052
9931368101
7907569327
9446574778
9892519035
8590889320
7012812094
6238276247
9747896151
7907892866
9961522909
8547892859
9048248623
8943186304
00919539793702
9526356065
9061812559
9446215257
9496530581
8891802767
9745957572
918714014670
8848030207
9446741786
9446741786
9074357399
9496180636
8157031185
9061691070
8139010216
9400569500
7994459360
8129438730
7306897521
9400140852
9495020091
9946554755
9142003082
945567885
7034288438
9747725187
06238386410
9895396165
8590515837
9443874072
8590360701
9645576853
8891450624
97477078590
8547127086
971563674144
9048815278
7909123124
9567106804
9037489845
00966554131537
7306390700
8129850488
09961785346
9895446740
8075771404
8138918292
9349788334
90740 69756
9074626401
09995634761
8590464872
8590464872
9048587264
9562229855
9961550043
9188720472
00919633938033
9037467313
9400315245
9497413175
8590596624
7306851097
9656800507
9995447687
7907297448
8281414331
971529286262
9495592164
9633714443
0096597274346
9447947286
00973-36473952
8547280334
9846768231
7994628103
808943670
8891134566
9605015910
9562570130
8075220343
9846671817
8590858352
9074963266
7907017277
8139075160
7907168738
9400452529
8078533360
9605216243
9961955644
9495885117
8281572167
8169714160
7907099953
9400563989
7736470390
9846022538
06282455199
9495388918
9747678496
9747140567
9895942881
9562356919
8848461541
9072449562
9446612399
9495700950
9495700950
8547677320
9446802709
9995316129
09188276055
9387732633
8825978610
9446460448
8330885509
9446871605 
9446871605
7594911980
9846810494
8156883303
7306669520
9037292394, 9846810494
9497654424
7356731586
9605681259
8137807009
9746919342
9744840800
9847104963
9037738440
8848320481
7306288574
6282028061
7306154064
9895524972
9746605491
9074094909
8891575034
7907640795
9074039641
9037599423
8129939121
9188276055
9400805418
8547582517
7559980408
9446962764
7356933847
9167310746
9895965156
9495610090
7560972788
9656277718
9744153827
7025280081
9645622791
9567290717
8129066669
9633034077
9895254722
8943091682
9946667363
9447106625
07907603030
7736380290
9995320103
8075541646
8281870623
9495367420
9037700361
8943823152
7736679778
9446374779
7356846409
8547504679
9562852937
9846974647
8078713952
9895700982
8075928115
9995581634
8547817611
8111858696
9048249051
8078747714
6282857215
9526827339
8590525981
8848037590
8547166312
9013338878
9946048270
9495334932
8590430958
9496381651
9207680436
9746293045
8921511176
9446323619
9495734600
8309824870
8129311977
9447169964
8547395105
8893880812
7736582144
9895136867
9539696746
9946464718
9633998558
9207336071
9207336071
9447336071
9496725977
9746742322
8089031154
9745677151
0507344748
6383527565
9539151596
8589012681
9605350482
9847309544
9447234225
9895202798
7306851326
7510805304
9048031370
9447325352
9447378644
7907580749
9074549283
9495846941
7902808100
8891449086
8590182207
9895249815
9947319564
8547525385
9847688241
9745698018
7907784595
7073941227
7073941227
919562570130
9495805297
9567373485
8848050962
7902941801
9400759752
9778482646
9061413384
9567146260
00971501245451
7012095270
9846208161
9846208161
9048470004
9072965765
9072965765
9745857633
0096599834512
9447889513
65889053
9037349682
8891747142
9656132528
9497585165
9495014563
9895089899
7994502307
7012460691
9778796805
9745433553
8075367733
8113066943
9846594599
00971567563710
00971567563710
8606923073
7736877205
9946664421
9526301601
8590110437
8838021450
9061670397
9746706469
9447608831
09947005689
9605586957
9495804080
7907496850
9497329908
7306965909
7559088803
8138913954
9446740367
9946664421
9645329443
8848733568
7902326011
9037208317
919072840159
8848757105
9447111521
9895147596
9400968816
9567017807
7306763924
8907683929
7907017033
7593945526
7055672067
09846700867
8281418045
9400509988
9048063213
7034917245
8590174990
9447342092
9447342092
9567016103
8281572167
7356210409
09704879343
9995591892
9447870367
7907501691
9072152035
9497369646
8714432348
9562603144
7025051797
9847920978
9446032170
00971552780702
7559863512
9446211541
 9061097598
9495956252
9947329753
9048088458
971504970904
7736490478
9387806333
9995790185
8921057480
9846053079
97463 34582
9447144462
9836743623
9846836675
9446387305
9446387305
9497687170
9207752759
6238627935
9745369270
9745369270
9562874553
9037364789
9605740400
9446740392
8129713240
9447355920
73566 48724 
9562752237
8086278426
7510594348
7907531469
9745606740
9745606740
97473 97149 
8590110437
8078034269
93886 92157 
009656670802
9061662000
8943575650
7907224652
8111813470
9188098430
9995164761
9745953521
9846450741
8714391222
9539353218
7530909090
9495001466
9048721108
9447458177
9961808855
7034094019
8593081058
09061496994
8879959518
9746127660
9400710107
9539632259
9747004262
9961785346
9074272361
7511174940
7907107648
9447010794
9947474100
8075076141
9072840159
8075585436
7012365422
9447352683
8078312795
8075598145
7907217411
9048097545
0097338190828
9562280460
9745682182
9061011907
8156969336
8921481580
8589010527
9288503382
9645323919
9605886199
8281737135
0096892970797
9497596877
09605263466
9605685555
9072580799
9072580799
9074226812
9188039984
9539367173
9847804947
6238746800
9846234642
9847234177
9446765235
7012777816
9539400252
9400547234
9061482332
8281533065
9744771938
9383499328
9946233938
9747165473
7736550228
8075205100
9207027905
9995720482
999591969
918075288551
9946146752
8714365411
8590020094
8086385392
9961204329
9645838382
9567037196
9037531771
8089892964
7306664671
9895330681
9744680450
7560904269
9947453377
9495714869
9037408177
9188732465
6238019877
971508914764
9946865225
971561115848
9539029860
9747397149
0096598762094
9446224524
966557616270
8086350500
9072580799
8547538593
9745903091
00965 99135072
8129547628
8129547628
9495813310
8078331720
+965 67642594
9188693375
8714093382
9539587799
8547506799
9744409493
9778134743
8590441989
9605831323
9745677151
9746652399
9947855345
7592864606
9895763902
9495159309
7025123429
9847684067
7306085733
9846759758
9562445959
9495465775
8590616503
8848680464
8848680464
9207608854
8086794078
9645821570
9656290151
9656290151
6282964872
9447012728
9447012728
7907159714
9846303151
7025104564
9188039984
00971543969399
96566140517
7907143564
9495443177
8891475600
9446228758

