7510588417
8138014887
8921018642
6235532815
8086159923
7907876490
9946430020
9048046996
9947076451
9961123695
9400032145
6282684606
8137991410
7736275394
9446853300
8086650705
9207646440
8943082323
7510378973
9447408923
9946317211
9562950775
8589989416
9744951833
9526452479
9895245506
9567291982
9539159900
7012925986
9567585951
7907205547
9747008679
7306135247
9061907533
8078150489
7736163506
9895404861
8271521413
9072053169
8089361593
9400160607
9746767740
6282934132
8281080331
9074046138
6238774176
7736611083
8848505182
9048075641
7994547215
6238472700
9447204043
8943778307
9526255804
7976028617
8606928234
8921145646
9544614186
8590776488
9847666846
8301091746
8921697520
8891622326
8089265086
09961609435
8848220758
8848582450
9497844877
8606930116
9947439455
9847717300
6282440085
07356480365
7736495997
8129890725
9946460795
8754242818
9072237555
8590832214
9999305444
8281617986
7994230595
8075072028
8590794549
8590698204
9995022352
7736847670
8547268808
8086482931
9496730683
638029734
8075018827
8848149100
7356658517
9400667607
7907484967
8592859559
8590344568
9947644966
8330030339
8590628043
7306192157
8921128755
8590802066
8157829027
9495080994
9446137545
7994698462
8590240734
8139890500
8590049077
8848545647
9847109451
6238675375
9497770308
9497474371
6282846293
8848466861
9048305153
9656332164
8848029197
8848226291
8589898957
8590776904
9188482788
7339157470
9871138391
8593830511
9961930888
9778369557
9746679112
9497274788
7907338125
9539257486
7012991907
8086215572
9895455340
6282554255
9074823365
8590961545
9495331165
7560922602
09446630661
6235091797
7012754430
8590572959
8590572959
6282502068
9747341101
8593018362
9746836830
6282975211
7034374970
9747252811
9605045388
9037394170
7736353685
9747448511
9747252811
9074297244
9778197281
9497346460
7559068743
9388933822
6282219845
8921344505
9961121854
9778141771
8848774412
9539760936
7994462227
8590505757
8590560640
7909227509
8891351831
9946569756
8848656178
9496307935
6238912503
7559832469
7907815093
7736440711
8048662391
7907673665
8138072502
8606886264
7593046501
9645296088
9446278643
8075340026
6238324654
9747537104
9946755081
7012938279
8282821376
9388612782
7994286741
9526069550
9744693244
8281981380
9562998788
9495774230
9995065570
9995065579
8590679479
9497749571
9037282108
9037011853
8547099068
9744566868
9074730642
9495896421
6238092072
9074910263
9188270519
8111811751
9061145476
9961609435
9447952017
9446964403
7025239464
8891362207
6238636528
8075036331
6282987432
8921264620
08086650705
9744723270
8089541813
9995798334
7907140753
6235776533
9847344017
9495774230
8921521279
7994501572
7306877841
7012578303
7012757629
7012310768
09539500537
9446603895
9447624828
9747827062
7902510332
7012834313
9895427987
9446480142
9074702295
6235091797
9048066324
9995278098
6238860659
8848007401
09567579523
8078175245
9446423573
8137991410
9061046517
9048913414
9048913414
9842311922
9744907518
8891362207
9846079612
8921481501
7306204662
9747180442
8848563853
7034362126
8078802388
8139833707
7559983400
9953044103
8129572645
7899351275
8075929512
7306373514
9061707483
8606559802
8590846037
9188316128
9539241699
919048205998
917560881054
8590681449
9400736297
9946353168
8921566987
7012216537
8921426013
7907089038
9074044857
8075151524
8848632807
7025462403
8075894293
8848322350
9526252716
6235105230
9847670293
7592945973
9497043450
8075875241
9645030099
7592073703
7012062621
7593064664
9947783742
9747286337
9820408061
8714582569
6282392912
09496128637
9947008311
9447575897
9526827794
9633174380
9074087707
8281104524
9746184805
8089069288
9656251199
9496118787
9188491476
09540255364
7034544661
7306819198
9074272540
7559969801
9544219761
9048807835
9745135539
9744855576
9048412542
8086236402
9895735127
9072980080
7593910556
9447085428
9605233949
9447994485
9495838904
8943622765
8590294697
7306101078
7012596838
9995200532
9539091787
9207842219
9778541651
7306558085
8075197423
9400663800
6235787719
6235787719
7034465789
8075281169
8078345169
9400722047
7560881054
919037164711
8075567576
8921729883
9526934997
9544866909
7012024532
7907101684
6238957507
7592940704
9539862098
8129788891
7356446192
8089965836
9995014654
7736208390
9446227860
8075206335
917356949537
07594080053
7306534979
9188410753
9846255577
6282110573
9645498724
971543354097
8089512807
8590342409
7356335698
7907989760
9072722972
8590193890
7510833148
9496879244
8301023103
7356845583
9895033721
8848746737
9446474961
9567987129
9048513298
8281757482
6238626172
9846342447
8714547378
9072665068
8848875470
7025200523
9656830380
9605081554
9249783910
8281563771
9400182298
8891362468
9188311779
7012454230
9895738086
9645840922
9349134771
9072410781
9535181175
9526506659
7559084672
8590792160
9947688589
00971503974672
8590784402
8848789592
9037439293
8590759595
9496215010
8606771696
6235446443
9447326409
9495694180
9245653310
9645419256
8891455007
9605282145
9539497017
7356627989
9496969136
9037222746
08590328288
8075570755
6282873023
7025910264
9645532862
8848905647
9895467700
09645694842
9496488288
9037112645
6282292329
9497655884
7736700593
9567520791
9895995136
8078789998
8848114283
9495747597
8590379575
8221931417
8590582100
6238333566
9446427627
9446898648
8089387323
6238802181
8547191167
9074126507
9643245649
963245649
9847769350
8281760979
8590409206
9747242469
9539760936
8891640903
8075274814
7907784792
9447057470
8547493252
6238269277
9400495315
8089815806
7907895621
7907895621
7510500950
9446411928
9495979535
8289814465
6238714063
8129747825
9072309091
6238199180
6235520723
9495643648
9447611146
7902732270
9995772549
8921242890
9074561278
7510723304
7356240694
890240734
9400608900
8848471717
9497687199
9633744766
9207879394
9961852720
7558902124
8714918217
9895621796
8714868687
8714868687
8921964101
9539760936
9496027183
9567255027
8129489216
9746604437
8089423999
8943930830
9846847205
9847503513
8606456263
8590315825
8129205610
8086528299
8606251234
9846265112
8089907736
9544571148
9633123490
8891241228
9188345026
8848790136
9447654747
9074302950
8825864618
9995615294
7994463047
8590075162
8590319263
8943327521
916282294519
9037467475
9061653559
9633693506
9074657189
07902771280
9496692491
9747262977
7907501388
6235596909
9495286387
8590338422
7907134005
9446455928
9746047269
7034706960
9847023725
7306447119
8594043385
7994070459
9947538501
9995980850
8281332152
9497797538
7736502638
09400685402
9447024020
8891130667
9037502859
8281780375
8594085733
7012771701
6282527851
9995544339
9645053946
7909230045
9072296311
9447606772
8138821767
7306203032
8330032310
8156901084
8089928385
6235671139
7593912319
9746818484
7510538765
9745985514
9400297259
9847478882
8075131278
7012162136
9961830848
9400336996
9778492529
6238327024
7907715402
7034136081
8078995323
6238678037
8848463013
9074009226
8089746709
7736475761
8848405332
7736203010
8848405332
9633684568
8113080119
8089466293
9037590750
9495379543
9539894145
8921915141
8089728705
9447993015
9846059999
8590867385
7306998696
8547564547
8137902294
9632090453
9895773778
9846064164
9061428512
8547767311
9400690731
8086527458
7736813443
9562345753
8281347006
7012307958
8129933581
7012425125
9747754724
8590081107
9496226799
9961966467
8714385844
9207832365
9446517473
7907263890
7902836857
9747967897
9497131669
9747968974
8078081154
7012263038
7736790984
7907639462
8714441062
9778013540
8075331286
7558860342
9895713925
09497636585
9605519972
7073258689
7838403506
9400296575
9895563610
9895563610
7736720798
9567121945
08590342134
09778545375
9567680278
8848524239
8078956547
9747769780
09526862477
8075067019
8921928713
7012757629
8891550562
8590209199
9446625492
8129377247
9074697706
9632090453
9037560883
8848930894
8891280266
8330047874
9400877889
8921722848
918139030047
7736382347
8075367887
9656693165
7907986674
9495644549
9744497922
8089879402
8078725592
9496488288
7736218461
9048335079
9746870963
7356446910
8943009163
8590488685
7356890037
8714080118
8714471405
9074314279
9562700155
9074431803
9746585042
9446965594
9746894372
8547359882
9074061815
8921275698
9778185454
7012551377
8281773865
6235258877
8547261863
8281353391
9544696140
9188464795
9946634978
9846012316
8075710692
9446581295
8075920236
9746191844
8848616411
8075103892
8921709535
8129271323
7012415290
9446450478
7902791553
8714732284
6235210803
7034036390
8714170983
9778210122
8590190735
9354932417
6282594669
7560990023
9746070979
9446203367
7907140753
8129417004
6238008185
8590701650
6235744348
9539416254
9995974740
8281474101
9778234263
9562774519
8301994300
8921558285
9388476396
8714562203
6238678156
9188569972
6282689261
8921189866
9188286422
6238024987
9605286046
9446391698
9188590904
7306930251
8129025434
9995556333
9048865011
8590776933
8848599680
971509021837
8848264861
9946410207
9495703150
9656490813
9037465400
8590212633
7306069338
9995321462
8281962336
7736595603
07356789971
8921850771
9526575656
8848665540
7907153293
9447499339
9037031655
9400188475
9746034475
7561044034
8075761113
8921694245
8848228585
8848576058
9037410976
9048148443
7012194410
9494712913
9746494067
7994743944
8590715824
9778311852
9895481384
8921223031
8111903406
8921853447
9447378087
8921060477
9074056290
7798385112
8590454891
8156935362
8921018932
00971504779238
6235713201
9387811582
9400192260
9778226533
9946679969
9778343082
07994678266
7994602268
9778429659
6238298458
9072735612
8590867089
9961490126
8848987296
9745730526
8075656775
9746831857
6238136984
8547147101
8157822853
9048900444
9747027011
8086230479
9400293803
9207204589
7025072005
8592920111
07034063779
8078256985
7034063779
8921355822
7850050090
9072640917
9496347951
09645157478
9745788291
8590424204
7736754363
8590118483
8590405712
9074344871
9387316929
9539203689
6238983194
9895268084
9446050371
9447418797
9778799417
7306620749
9072871006
9526585277
9447222107
6238139048
9961206926
8136830170
8921569948
8137933657
8281651937
7558018923
9037469808
9496311601
8589990184
9895251920
8943033780
8129290184
8590405712
9495419943
9496443676
8089865053
9387550554
8592893341
9388772402
9656276449
8921266961
9995143954
8075876287
8714319524
9037282733
9061897277
7306770507
9400904367
7012972532
7025655280
09947367896
9995777805
8714973728
7306318660
6282125807
9567325826
9946971687
8921326218
9746531848
9895078649
9961468777
9447125197
8075749533
9074884463
8891182542
9188102161
9497000224
9074427528
9497596877
9744308938
7560822691
7560822691
9025934911
8075989956
8590312392
9061696935
919048066350
9074485419
8289861124
7736873475
7356599719
9745784988
7559819896
8848509828
9778509272
9778352914
8848347005
9496292829
8592830511
8848888427
7907780412
8075432372
8281587916
9496943200
9847422339
8590450690
7907051016
8714739162
917403615413
8921317873
7559922137
8590977340
8281683231
9037033171
9745440003
8921057480
8157933888
9497552764
6235601155
9526933331
9567708226
8287556291
6282703859
7994515280
8891113216
8547561411
8921020160
8921971309
7306535713
8590216237
8075215507
7736724451
9497267036
8078908407
9995904474
9745159701
9074341646
9946779672
9048294515
8157804579
9947583639
7559802545
9495779191
7902723964
8590749353
6235388657
9188019160
9995332663
7306244819
7034707611
8891485398
8157851581
8086821440
7306537336
9495104906
9496524002
8078412103
9207923708
94962140919605144091
9061549541
8281541396
8078877820
9744629220
8129348564
7907680694
9526826080
8129348564
9895161889
8078262041
8281858876
8281495688
08281252000
7736178768
7306246264
8840548492
8714784461
8547814155
9995545971
917560881054
7907421290
09072048905
7012092025
9074262942
6362793403
8137873244
8129512774
8075244138
8533034934
8547965928
9447688595
8606439162
8089229864
9074254698
9447763682
8289859190
919605317406
9037551102
9048031001
9778138782
6238905894
8111868726
9747532569
9947583639
9946757524
7736557512
09746579850
8304864128
9895451274
7907479328
9497153906
9446521464
8078703523
8921433143
8921684778
09847757854
8921326218
9562634000
917012743958
7012936665
7738684383
9747745478
9544003672
8078345169
9605129928
8606133612
9744147675
8452056470
8089814290
8089814290
9048152220
9497643959
6282378917
9400225788
8590534378
6235264539
7510256626
8590255429
9497505699
9400532654
9633829294
9447577580
8281330114
9037007500
9714448584
7592943260
9400901606
8330048324
9633400702
9995822407
09947119178
7025158589
9591611444
7907934787
7306689851
7558077355
8078000314
07025416639
9496690635
7994483308
9400450683
9946800851
9995594241
9746191844
9846852907
8590454916
9074582620
8157831783
8891206059
9539696746
8129086409
8606180832
7012713316
9061642941
9495964098
7025093682
9544530982
9605965264
8714082242
9207881087
8590479668
7736975013
7559915845
8714220996
9995824145
8891054547
8147799449
8147799449
8078071753
9539506671
9633647969
9946581704
9846211123
9846621075
6235098101
9900344011
9037646076
9562813961
7994399210
9809712285
9497773053
9539528425
8547648599
6235110282
8848352087
9447738264
9447966708
9497178029
6235900759
9037432005
8089230420
9539662142
8590856124
9562238368
8078785732
8078785732
7558065988
9746072207
8921681866
9747838052
9400247242
9995689455
9056050441
7901916674
7488008513
8078272899
6238772671
919847354465
8848015876
8848111065
9947182954
7902251756
8848918419
9048228642
8590753088
9304730167
9947704946
9605213379
9562421260
7736372057
7034983672
6282408305
9048674860
9747911807
8075357335
7902253589
9207067910
9656891605
6282929549
918891453829
8330899418
7736295504
8880007828
6238982456
8089789466
7907787695
9995789394
7907917513
6238250699
07306745406
9778503230
9745605737
9745605737
918138927803
9961972164
8714412545
9987000965
9946326921
8891674545
9539701061
8590605486
9645653620
8921108766
7736548966
9526331383
8547608665
6282688253
9946431368
9946851409
09048604194
7736198973
7510665585
917994520103
8075326149
6282364779
9995775977
9645871824
9778787263
8089563948
9037405204
9061270232
7592966762
8891448554
9446569585
8848529301
9400022578
9074904992
8281751917
9074485419
9037545133
9567161835
9562387593
7994783861
8592058119
8137925595
9846779478
9846240684
9605707603
9961195240
9497410798
9446007383
9495780121
9605736567
8078083833
6235019318
8137050001
9778497260
9846946495
9037378902
7012166811
9207357093
8281836398
9446826636
8714743491
8921652733
7902302801
9744489904
9307078779
9188577645
6235385904
8943946773
9778264525
9495138015
9074451725
8848450785
9778736059
9188084812
9497263647
9446155515
7356676973
9656498135
8848090703
9074701012
6235065053
7306331300
9037152081
7356926788
7561070374
7561070374
7736249150
9961733416
6282028033
9633132498
7561825906
9447794833
9497663531
9633303359
9207062160
8921752487
9188566870
8547414325
9895154242
9446829810
8281083830
8301054125
9446435062
06282435862
9074726574
9188200585
8078150708
8281035227
7306158497
7907159714
7907159714
9061208214
7034932048
7907959484
9745447094
8848064665
9072435329
9074747198
8590212488
7593967016
9447216485
7012512151
6282289514
6282547468
7012162136
7892497935
8075717678
8129892103
6238107438
9656974210
9544845050
9447177064
6235558089
9446518762
9444446430
9497675088
9072515889
8330081141
7306436915
8714001711
8921866003
9037457079
07902872034
9539804715
7736677615
9961321024
8891370466
7012385483
7356505220
8078075033
8848949078
9400297259
9778724501
9446403747
7034632713
8086184736
7907626801
9995777654
8075483266
9496906865
8590343228
6360733747
7306000934
8547457648
8848373751
8891778760
9633494407
9995921732
9544667933
9847377791
9400628568
8078528389
9633952933
9633548543
9497053856
9745863589
9944654217
8281788215
07994844813
7907292895
7306650135
829507714
9037247787
9497662315
9446938253
8075842747
9947888918
8301983298
9946511187
8921219930
9495141510
8848122518
9645139234
8121914618
9188750777
7907638778
9496774083
7902374460
8943758713
9778217032
09633824557
9747273978
9847699429
9526015374
8590555853
9747851100
9447539471
9778240418
7736687386
9562062400
8891919696
7559803974
9072152035
7907878251
9947457470
8089618439
6282956276
6282206139
9778507292
8590019130
7034349913
9633269220
8075426477
7909158603
7306270363
8594096333
9778706993
8136944670
9745356374
9747572186
9895920059
7025869371
7510192397
9778441926
7025593043
8547728828
9778732369
7558036658
6282260595
8547734491
9447365721
9037398431
7907298605
8078418729
8606309161
7994173934
7907105519
9495462494
9446023276
9567975304
9562672739
6235894867
9961200720
8301080901
7012685983
8304955804
9645469823
9746525790
9846348506
9946130935
8547204547
9947449944
9895309180
9633094379
7034602555
9074718121
9074802040
9495992637
6238146712
9895680281
9048898100
8086706303
9074209948
8891699557
9645607172
7907752885
9995724634
9497815700
7356826055
8113805152
7012933801
9539263201
957658217
6235679202
8848581244
7025236889
8078850113
9400173601
09446459897
9061636848
8136930091
85474476274
9961736149
8590418824
9188712660
9605606905
8590681015
8590035220
8590567051
8086524496
9567089626
8590626545
9567539091
9995679520
9496531002
9188623612
9495721932
8289936758
7592877014
6282260901
8921411349
7907265193
8075473865
9746639324
8281391584
6235782234
7907893856
9495073050
7510893470
8714534970
9567591065
8590593766
8590529470
919778016400
8078956840
8891964898
8590778139
7907523951
8089918125
08086035239
9962526340
9037557208
9778157971
7510323218
8075885534
7984292060
9074782071
9995382904
7592876667
8138092008
6235229926
7594845401
7012369152
8089224458
9388553398
7012760237
7736580546
8921117445
7994842461
7034431333
9447418797
8129052727
9846200138
9567648788
9188825777
9605153665
9037435578
9562324191
9495155575
9072508082
7736146920
7034276117
7559003827
7306174716
6282325276
9037858928
7034484856
7306382580
9447194004
9207986344
8590157809
8593011320
9495295543
9746124834
8714995248
8156917254
9778014860
9778316795
7558949782
7736282322
8589013789
9895774178
9847038474
8086745083
9096051570
9400134079
8848562389
8281632271
8547332965
7592063473
9745902943
9048033338
8089569235
9946764087
9846628919
8714162089
6235026284
8593969699
8593969699
9746341225
9895212241
8547042783
9606451252
9061927569
9037886531
8848268747
8129120959
7012945890
8848507261
919447955855
7994578572
9567173389
9645726176
8714164378
9447825644
9037795005
9037149658
8330801656
9496112989
8891258325
6235506071
8848576054
8921046650
7012020723
7907432622
9446583730
9446583730
9037454886
7510924793
8281931009
7306155526
9400260236
9606451252
8089532611
9567090825
9605416562
9539128003
9446292181
9995880907
08714582751
9207495422
7736584850
7012867521
9946833409
7306592472
62382025839
9744009898
6282945800
9207402173
9061523587
8921845774
9946490116
7356166321
8848217248
9567318036
9847312300
8921576904
9961624984
9249925646
8547539372
6238276447
9497612421
9846732779
8086414680
9633170669
9731479079
9847684067
7907734504
9188310853
6235560984
9072580799
9567062105
8139071322
7558862436
6282530501
9847086878
7306101357
7902766106
9895533645
9562017171
9567299137
8289984950
9778712959
7736181667
7736799875
9446595606
9809003916
9074144456
6238098695
6238264246
9809887398
7204650842
9946524272
7736289955
9847886885
06282845158
8281934360
7306293989
9778169073
9744918426
9895563610
8590709781
9567063860
9544016744
8078145169
7907846868
8304846273
7356891544
7907146988
9037965107
9747138990
7012748581
8252022644
7907717128
9567454875
7306727271
9656133500
7025396822
8590453001
9895652934
09947362000
8848446315
7560951694
7594892222
00971505920361
6328991160
7736005635
9746887345
8943639327
7994263268
9900149395
7736040151
9946380775
9947170139
9400045591
7907751216
9947127334
9400860169
8086407783
7012673042
08606121315
9846907515
7510245583
6238767772
9496532972
9605821011
9747000645
9744123797
9388255565
9567486763
9946687200
9847928079
8921981261
8075405334
7994173934
9847978172
8907970780
8590795498
9207963878
00918606563985
09645015097
9995287972
08921179945
9744554677
9048682537
9745742866
8590017311
9778194995
7907115245
9037344010
8921517725
8089752538
6235009531
8129958696
9074472146
9496808917
8078898108
9447194737
96551611256
8089826001
7560941871
8281557755
9496808917
07025514078
9745140400
9946833409
9446163082
9048067018
8089216054
7306289673
9496759654
9961719765
9074722859
9605480867
9447320276
9446103777
9074667486
9745383262
9946404666
8281770577
8281881298
9495080994
7306137065
09946376300
9495437048
9508130233
9873726430
08921046424
9846333153
9562716065
6283951744
8891718155
966531223467
9037987022
9447666826
8891601978
9207255806
9526183323
9746866097
9961668134
7356734540
9074753289
8289975214
8139851700
9495223265
7306422672
8089453749
9895161627
9447788808
9037464727
9544648297
8075790224
8281507090
8590572959
8129158656
8891394334
8714214718
8281287499
9946005577
9846440771
8921657899
7025739788
9048609450
7025633073
9188580147
9048904993
9746794711
9746794711
9746794711
9447588643
9605152493
07994539571
9400765637
9447534078
96560477060
7592903989
9633213201
8590585832
8714471617
9847478882
9497043761
9562244777
9656300045
7593967016
9207571186
09995157681
8075546747
8590360803
7012484919
9995244792
9061667958
7902310027
9349895952
9446953121
8589902003
9947400027
7025353306
7592079180
9495715150
9552753896
6238501184
9447142273
9947335848
9074455475
6235988730
9747570484
9995077891
974694152
9567653069
7907586144
9497258174
9539163295
9846794733
9562105858
8891256227
7561879934
9947688159
8848024309
6238165377
9744190532
8547606715
8891558972
9037022333
8891568074
8590219486
9656313157
8113038501
7561825021
9447297529
9446606424
7907577597
7356019073
9633093015
6235207348
8590833396
8590068942
9037788130
9037020541
9746202373
7994906829
8891684729
9142111020
7559874365
9495801430
9846487242
9061151190
9562451416
8547951090
9495035587
9947725142
00918891731768
9746466411
9995674446
8129120959
9746911755
7736136246
6238333723
8891413363
9605496450
7736649423
7907959484
8281010581
9400246376
9778541181
918848633423
7076678463
7025124104
8547221742
9544678292
9995215423
9400632215
9778576946
7025123185
9400550035
8289940377
6238131970
9447379483
9746816312
8891826170
9048028956
9747190909
9447104695
8848541751
9447776904
919037795005
9747129012
8078551758
0096878585938
9544437179
9995479110
7994793667
7306051385
9567065071
6238691341
9656385925
8157878062
9207753335
8086552579
9746339596
9961248906
8137884324
9447463967
9633773663
9895388534
8921556437
7012776129
8848877502
7736352829
8921511829
9061561273
7907555019
7510502297
6238136984
7994239250
9447891014
9633710696
9539497723
9847529517
8590113689
8921020160
7907186244
8129406455
8281539606
9746309819
8848696397
8590773083
946310134
8590435959
7306668586
9061684170
9745915154
9746259125
6235385503
8330046689
8714266991
8590449148
6238823439
8310827875
9400157679
9074100803
8078158254
9496114791
8848032626
7994668472
7736272325
9778201971
8848994241
9037061505
8848763476
9495854717
9447070939
8714365835
9496229640
9526319211
9048625029
7306066626
9946712319
9895427114
8848326341
9946846322
7907665957
7907959484
8590661763
9207652320
9947710355
8089996578
8138917919
7736670140
9497695371
9526912256
6282163771
9778356039
7736268562
7907216144
9048012533
9446686099
9567924550
8078180987
9745143161
7907208317
8891274348
9995599545
9847227758
9074735868
9495722954
9496106351
6282408051
8547140935
8089024943
9496732156
8848897903
9778435417
6282381631
8921879610
9946695319
9747151834
918590893644
9446871834
9497871829
08111838928
8606260628
8136897737
7356625664
9446608287
9562720397
9778559157
8113933153
9947770796
9495286387
7306881537
9447011034
8848078990
8606545193
9447620427
8848286981
8089639678
7907651937
8891331591
9747663376
9744418965
7907319510
8078038117
9497830695
966549082466
7907202235
9947927646
6282565336
9061224260
7736529262
9745200889
6282547722
6235393873
7306913821
9847039189
8891140639
8086531955
8606313914
7012993003
7592966762
8089390952
8138806077
8590651510
7034365951
8075097154
9745203390
9995938664
8590033605
8138889812
8714229278
8590424476
7736566202
9483707761
8075215749
9380811781
9847755787
9072293098
9447941062
9995029636
7736211079
8606933578
8138992450
9526391567
08139091770
9061034413
9605003302
9074829662
707752433
7306881537
8714003776
9207209181
6282944756
7560865076
7907218516
7034820415
9633513320
6282870334
9847664984
9746628740
9947639819
7907561637
9995673036
6238963257
9048328777
7907581446
9037149177
7510538765
8129530946
9594219006
9447475638
8531062749
9947943572
9035502633
9037594268
8606201441
7907061771
9447154846
8137088823
7025173955
9567709373
7356582661
9074572144
6238912503
7736124133
8136965260
7907658022
9072165013
8547747179
8921521373
8129944777
9895294016
917558069312
9447595103
9995136033
7012771701
9633450304
6235622279
9400039186
7012753372
6235782736
07034675647
9895144494
9656691156
7012032121
8281787545
9846007675
9744020198
8089736769
6282989288
9633125184
6282266129
9895560158
6238374486
8129938715
9605416202
7025028669
7306347727
6235759016
6282631327
6235759016
9447190098
9447407771
9778255540
9961204947
9074309509
9778003834
8590597281
7034313002
8547171500
6282833759
9567097304
7592831791
6238027880
9846554041
9778177256
9037541725
9496356176
9400526712
9895716038
9447477571
7593029853
9495603834
9544732550
9400418531
9446396778
09809020900
7561010039
7561010039
9544993177
9526294529
00966595408677
8078407112
9744556656
8943322048
8891826170
9961066903
7012791663
8547414340
8547723113
9497405351
9400531192
8590041568
7736669394
9633558093
8590843656
7012457468
8590965729
09048168351
9947900249
9947900249
9496451409
8891377974
9037691325
8075286547
8891027804
6235307609
9744717200
7907945866
9561201269
8848207806
9349896979
8075158413
00971506715537
9928855332
7994484883
9447246093
9744998013
9605578992
9496808965
7306715634
8590892260
8137949864
9037585890
9072201717
9188621244
8590360710
9747663005
8075906766
8606610599
9846468195
8848881886
6282181885
8590871064
7356519227
9890408608
9447269141
8848211169
9544082940
9037733890
9544467977
8921934156
8943027105
7736244013
8590505609
7594018879
9778140630
9188229525
9037594664
7907622687
8590233394
9946126920
8129360235
8129916291
7488008513
9380811781
9846169371
6282695921
9037841545
8590449296
8301916510
9400452809
9645028450
9048460924
8590511524
7591920392
9747718390
9946770888
9447143536
7994520134
8943263742
9400856482
7012706632
7356206277
7012148053
8547493367
8921742816
8156957681
9633629737
9847547697
9947061540
9446269836
6282520803
9961165517
918078335616
9446780534
7012338412
8590501050
9820566259
9995302254
8848879646
9544233455
6238667339
8075750634
9895864913
9496025869
8848359869
9995311083
7012586355
9074735740
9946414132
9847124384
7558894945
9895956435
9400166886
8138095354
7902438986
7902438986
6238288641
9778594278
7907844654
9496770504
7592890122
9304730167
9349256474
9048930750
8156990964
8943984651
9400299568
9207480160
9747842152
7356666430
8075854423
8590674377
8157905368
8129123535
8921262971
7558060625
8590123568
9037072858
7510703288
9074220618
8304975074
8281011051
971507202990
9446879009
8921462329
8589814011
9526559449
7012088519
00971547708409
9496929680
7306101357
8714277009
9633623367
7902850854
9562260133
9447333542
7907325569
6282489310
9746497003
9207562711
9947440781
8848039006
9400016260
9400147732
9847960377
8590205618
8078433400
7907160086
6238339301
7306063001
7306986790
7594867410
7994685683
9656913843
8848721724
8078251423
9446714842
9656586301
8281499788
8838502716
9746765467
7902441746
8078240171
7736270075
8289903417
7012062621
7306960200
7025076583
7356612797
7736531656
9048320040
9747066040
7736723926
9747754724
6235457803
9048986699
8330822465
7994504485
9074340875
9562555339
7736676071
9747290134
7907103975
9995170922
7736909575
9061944599
7510176203
918078963080
9946054154
09747031385
9061381867
9946252118
9496349781
8075638352
8590327904
7356415224
8075848681
9496449342
9747408321
8281548112
6238886210
9446553109
9497065579
7907657021
8921160725
8086426340
8714884292
8590343947
6238785036
8590780978
6238101121
9445186343
7012921323
6282269687
9847646597
9539937227
9496217050
8592915008
8848734081
8590864834
8075462066
8304835479
6235759016
9495720064
09424523229
9778289487
8078503373
7736835737
7902542252
8075234427
9895996622
9746818484
9447215010
8078093110
9446811481
9037420026
8301812844
9074806224
9447800223
7902270302
9074916212
9037618199
9645230222
8590622607
9645151111
8589024812
7012004911
8921928177
9526494785
9446297862
9495874057
9778003834
8594076850
7736055668
7356131066
7012866646
7510457646
9526859238
8547672127
9747085389
7994687722
8089581794
8714883738
7510287479
9447334552
8921352904
9446353728
9946982154
8590736298
9495158984
8848793339
8590503417
8281268764
7594083430
7907101453
9284698772
7994060784
8921482300
7034270421
7907335212
7510162401
9074419108
9656217841
8129194259
9544551847
7907867399
7907818238
9567175753
8086634130
7736831768
08590116310
9778149610
8593803714
9633412559
9207309588
9443316857
7736013305
9809700466
9447269880
9567443117
9605601242
7994098113
9847874785
8891238822
9895941905
7736653766
8891418754
9746596151
9061545805
7907102995
6235218601
09744168051
8075792450
8547702383
9037616694
6238504001
9447517280
9447620254
8590389099
9778343778
8178599568
9037733903
9778190670
8895651781
8590205130
7012063550
7736784867
9847725904
6282820647
6235456357
8301905339
9074606540
7907142839
8848905647
8281476484
9645033400
9961060106
9072067344
6238678088
9539293689
9072757077
8943154996
8848966482
7034249234
8848689677
9188426495
8547209625
9995105998
884860676
09074082867
8086706303
8156832301
9207379262
9539151667
9605391305
9746820607
8590464214
8304803746
9747085389
9567327524
9656773855
9895604090
9400450323
7736600761
9567533433
6282359225
9495990887
9895910548
7907773606
7736194351
9497206336
8594076850
9562479615
8281585120
8086906254
8848137141
9656714808
919497776776
8921945798
8129420105
7902414206
8075262771
9745093135
9567459988
9400137934
9895377046
9605898269
9895092623
9383499018
7012548225
8078104599
9847058900
7034360514
9446372165
9446576697
7907476796
9446555511
8547255927
9745272580
9207103313
9744265727
7510230801
9048221337
9037289989
09895075275
7736960906
9188339480
971568669686
9496542630
9995684886
8593049175
9567100901
8547169314
9447940740
9188020194
9539488426
8921551441
8921994105
9526598580
7306511992
9995905493
7306056764
9645607523
9995905493
9562517012
7034846522
8590285272
06282285049
09544059662
8848419955
8547756533
8590988941
8075798374
9567698033
9567698033
7012426423
7012649569
9526627792
7736184688
7907244943
7736884310
9496883005
8590441758
9446870017
7907629368
9605544527
9496407730
9747376622
7736442865
9495600391
8921286243
7306608475
9895814825
9846556932
6238584449
8590106057
9446536701
9747532475
7012032379
9744148006
9787291019
7561867740
9778124565
919995897861
9495662074
8848514434
8848446912
9136213762
6238789357
9037059583
8129981144
9496732160
9746849379
7907899712
07558894914
9496229380
95673604399995141985
7025203633
8590640711
7560985805
9446392155
9846933833
7012078338
9633450304
7907537068
6238375717
7025653782
8075284316
9496091978
9495305217
7034147924
9496448167
8075833869
8075479119
9072101271
8590750043
6238522701
9496753918
8848515397
9946112943
9995975267
8714405708
8921004833
9447718177
8075442721
9207231554
9037434960
9074885560
8714117791
7306059689
7012677090
8136937114
918089372664
8281970196
7559008684
7012467791
9446632025
8921688911
9072048905
9188107037
6282734614
9645787000
9778370647
9847235478
6282184846
8301954937
9778228530
8714407628
7025597928
8089031927
9495678251
9061294615
09847619769
9995455066
9656232490
7012124852
7561008313
8714036852
9496265977
9567951830
9562019172
9496448167
9895056611
8547975816
8281006513
8075069455
8086601862
9995415063
9176432161
9778515199
8089204768
9656854148
7593919473
8943843940
9847704902
9037222746
7907716230
9895201629
8304987156
9895360357
6238974900
8714835473
7559085100
7012498609
8891729941
8714835473
6238553689
9800895763
8848609431
8590575288
9539101754
8714792006
9562426616
00918848473585
9746164662
6282765559
9846431884
8606207894
9745324448
9400638509
7306456103
8590695198
7306612788
7902311820
6238471742
7594085637
9946453876
7510953804
9207264211
8848762554
8590897273
9747823917
9496592603
9947268677
9947777281
9447134176
6282548655
8301975044
9447379109
8590752479
7907273919
9778522955
9400918588
9004665872
9447428756
8078129978
8606074191
8111855172
7593042465
9037594664
6282709698
6282428907
8157088077
7306928378
9400712168
9048202933
8590537818
9846606051
8129197139
9446179393
9526600547
9895467802
8593866063
9747284811
9946719500
9847793919
8547408505
7902245325
9020406910
9747394949
9048185473
9188713895
9847498478
9645900095
7025189231
9037448726
8547344286
8301968055
9995394419
9495463548
8075267603
7306803644
9544459133
9061172507
9497531010
9562228529
8447475868
9544754930
9847903791
7994888341
9746818484
6282472909
7306811247
9072071922
08606001444
7034276753
7025594914
9633043970
8301841007
9495551672
7012399197
8281625029
9400766292
9037024944
8078588674
8590637438
6235178996
8469860874
8848532039
9745690514
9947583365
8921247971
9061008518
7012740167
8921266938
8547523986
9037624665
9443679530
9567475697
8111937066
8089119277
920714993
907281130
6238223543
8075780652
9744036184
9495915166
9446747821
7012405948
8714399845
8129689422
8089134723
7736727245
9447036375
9037448118
9633713103
9778759580
7909140142
9495986819
9061679297
09446217780
9895430404
9526255804
8848902142
9746953972
9048745474
7025896791
7356689767
9074624392
7356163759
9447969068
9495397541
8330879854
8848501622
8281301681
9446710320
9746440221
8848476812
9745336001
7736474471
7736300937
9446106026
9188100706
8891759714
9468182230
9995772549
9656420993
9037065461
9645868974
7025792956
9497650136
8921789046
8590087294
7356186692
6282725589
9605481085
8590453077
9961637162
9074970641
8281874154
9947296488
8606593461
6238207014
7510772273
9495390429
9995158090
9544403177
8590411272
8075055628
6238445045
9176854472
9645595335
7907086547
9946222841
7356985503
7034411593
9447116588
7907601987
9544511261
9995574777
9846894254
94477088427
9072643165
9746393730
7356087962
9496159890
8547745681
9544709900
8891224039
9072230656
9446202803
8891066572
8891051646
7558859587
8891226643
9074121510
8604459068
9961146562
8139808218
9656527177
7034740782
7907159707
9496148102
8075497586
8891285714
9895650821
7034605800
9446938105
9074112414
9526015236
8590789409
8921189131
9778303184
9847136570
8289853031
9400949223
9895869977
8547270847
8891568562
8891344692
6282868756
9810893538
9048063270
9947608314
0503593955
9037374098
9048830894
9895636359
8089390950
8891575176
7012370970
9744291989
9496438256
8590991421
9496438256
8943587142
7559072832
9778228530
9656482723
9400330269
8848101196
9846231974
9446037760
09633472959
8078726350
9745495684
9446908707
8589878940
8138979851
8590519052
9747217815
90377288515
8075031201
9895773268
8891352846
8078322403
6238185052
9400534962
7907401895
9846252317
9037632688
9061158100
9074811129
9446073722
9778179452
9497135246
8590283505
09995883233
8921532808
9745757940
9645248699
7510296580
9946822230
7510662989
8139065748
8590806859
8281399158
8714887975
9074085707
7025224704
6238310766
7902833815
7025298712
9446071295
9539416254
9961924509
96560015911
9061960688
7034256359
8547810115
8848257681
8848693649
9400127398
8075896830
9446182364
7025924890
6235950164
9746432921
9037721240
8078082061
8078082061
8089886341
8078314068
9946200970
8075855899
9074490518
9447341393
966506660826
7907869787
9496848497
9744495212
8547431917
9539008894
7306357467
7012194095
9539567379
9539007907
9747229792
8281884520
9446604617
7306364958
7994893539
7558033492
8281679414
9747585862
8210502245
9048088458
7012056335
9400852814
9099033115
9400658545
9447215385
9645291463
8156975587
917306965980
8086849552
9400881514
8590742286
9846365631
8089970312
9567522037
9387330298
9645967692
9645967692
9446290580
8089889162
9074551437
9387040241
8921633202
8089344205
971505176316
9526500841
9946252526
8848366407
8589978028
9539298143
8547572270
9847849222
8289971049
6282315662
9846772252
9496762350
8590572533
7034069785
9037912889
8330098049
6238188657
6235325988
9995858996
8075858058
9447892469
8714587582
9961166400
7558860354
8606374976
9072852974
7306779410
9895807295
7907775844
9745669096
9188165830
7025641587
7736702071
08075462066
7902791434
7012825215
9074128230
9207168558
9847362680
9495916431
8547290799
7994535095
9745995792
7012783733
6235491774
6282995013
7034782909
7907658297
7012672563
9446580660
9387330298
6238177713
8547559917
8590940675
9526984552
9946801353
7356254158
9895742342
6238112533
8089602280
8281515149
8547976186
9061482332
9656771153
8590456720
6282743372
9847711663
9061496998
8590310903
7994293583
8921523517
8848941139
00919037558160
8248501345
7012826376
7012214642
8304032885
9447114269
7736127932
6235597738
9778731938
9400829674
9539223807
9544335749
7306411280
6238596673
9400022442
9961747554
6238852023
8086159912
8547364344
8921027179
8594076101
9495566310
9846730723
9446202576
9544183760
9072280661
8075422451
9383449538
9544932475
9946458064
9495797151
8848630993
8281417431
7306375183
09847861947
8593811853
8606927885
9946376300
8547268421
8547268421
7736413750
8289948254
6282294025
9496131221
9400428059
08714474461
9746079266
9567828001
8129317768
9495351753
7306670898
9496103570
8590123568
8590310035
9447468475
9207441714
917907385791
7012390881
7902252514
8025997205
9778045080
9400567434
8281283618
9946475027
9562621296
9446290580
9870097976
9884481062
9961690184
9446580951
9562292575
9778509990
8891152046
9446024448
9447636142
9072393777
7907130926
6238581463
7012451162
7510772273
9037448118
08078160498
7306410547
9072424701
9496470283
9745654005
8073618765
7902985655
9745792180
9539215252
8075750991
7034779436
8921336423
8148145051
8281648055
9074755453
9744209795
8138051373
7558819589
9496276191
9447631987
9207134811
9037100107
7357756778
6238071150
8138828252
8714479473
8590540204
6238030492
9447401402
9037591037
9061819327
8547732822
8075277118
8139851700
9656619272
7012061102
6238547292
9847415603
7994844435
9544019799
09656619272
9567643292
08606486197
00966508210718
9074324076
9446935748
6235019318
9778200669
9847732830
9400602790
8590455818
9746939854
7356856655
9495242234
8281652753
9605406787
8921690673
7907380989
7909231272
8075344129
9605932962
8590236376
9778177265
8593082160
9496904246
917012037414
9447346928
9995231928
7306415792
8590854160
9061591610
9497473777
9495287035
9633807177
8113801086
7034461443
8547201069
9895732196
9072216703
9746029857
9746036682
6235504845
9188357228
8606721450
9447174722
8138033448
9539255445
6282946966
6238643289
9539036349
8606052770
9747004606
6235632996
8590795702
8281443431
8791009926
9895737128
7736869312
09656349660
9074227384
7736167399
7012965698
9995770018
9995770018
9947538501
8078725921
9846491219
8086217449
7025845395
9048830363
7012603431
9656010114
9995207064
00966506660826
8921592775
9288853092
9744513632
9778163123
8075859340
9847106165
9562994523
9400080458
9745487971
7356513922
6282300962
9895090498
9447604066
9961181853
8921374743
9497787530
8075781547
8075781547
8075761493
9897650034
9745565469
9446553536
9074896056
9037041593
9845290809
8606655943
8075487529
8921409524
9061645950
7558917723
9037120011
8848987296
9074469568
7511148488
8590700440
9846330979
9061005753
7736529186
9207252934
9037979102
7736976580
7306458783
9037112108
9745731385
9074507749
9745780980
8075839878
07994263268
07907042190
6282543569
8590955033
9447138022
7558881108
9447284698
9995719242
8089871649
9447721560
7025812997
6282423361
8086857252
9645447559
8156908125
7559007611
8304848286
9656544684
9446493550
9656171744
9656171744
9847169158
9961348850
9656756033
918891631349
8157981120
8593957196
9446713487
9995633953
6238014968
9562108090
9400082313
8089385063
8075929967
8089011664
9870097978
9446052590
9562079789
9778355972
8547850663
9048376303
7306279294
9446004627
8921392828
9526068700
9946111607
9656885631
8891479694
9747433129
9544654838
7005461030
6235491774
9645540005
9645540005
9778487011
7025869371
9447070992
8138016681
6238346216
08547653806
9446961232
8714135175
8592098143
9188381914
8309052190
9400195725
9400132577
7356348291
7306845115
9995907487
9447194004
7736441688
8848198544
8086514696
9447874599
8089002255
7592047825
8281303810
8848512523
9747972654
8304095484
9946165329
9605542210
9995012110
9778225100
9778225656
6282662451
9497086328
7012997655
9846025190
9778212823
7736034250
8590454536
9061348133
8891207075
9074393768
9074688827
8281029542
08075568004
9188449830
8111817050
8590421283
8590360265
9846870225
9633555338
9495393202
9778390421
9961189008
6282120852
949553934
9487300745
9945481192
9995264998
7907984616
00971521794925
8078502039
9447542654
9447542654
8139818654
7907720167
8590123862
7994619180
09995692424
9497487626
9745689708
8590450742
9778049636
7736364080
9447413698
9447369680
8281549392
919947854592
8078011317
9447812118
9496660293
7306731455
97336999170
7907999505
918129401094
9567746299
9188531670
7025304561
9847999080
8089858509
9497876794
8129579187
8921642272
9778330255
9745503753
9249350307
9745366889
9447973121
9497027024
9497027024
9947268677
9037523371
9074403360
8848949622
9400968816
9037059713
8590294590
9074606540
9947957271
9526818608
8590017311
9447762529
9446643498
8086959074
6282144892
09496178599
9497412719
08606271000
7902424588
8281868658
8547604086
9539001260
9447739474
7902794644
9605115274
8281974442
6282184846
0000000000
0000000000
9778523005
8138034153
8920962790
9074210335
09400973113
9496795364
9447108141
6238185052
9447510144
9061489062
9061489062
8590493506
9745689708
9495366734
8848784049
8075667838
0096566356149
9605680007
9447292281
7736834121
9846253168
9539755703
8590695167
6282848296
9633190806
9744021175
9400104946
9188605194
9074581751
9074581751
09846387448
8590643349
7012927202
8590971225
9544643954
0097337757526
0096899058076
8928962583
9447414282
9072145403
9447109210
7012543632
9447475150
7511139770
9995772549
7012508086
9847725142
918138021176
917902765563
9947954688
8078472541
8547390863
9633446891
9061670397
9400050857
9074674374
96565149987
09188498507
9633083873
8113984840
8714237613
9446991396
7356166598
09901633256
8921522905
8590666398
9633768464
9496247464
9946930099
6596250065
8921689594
9605121052
9744088682
9567284914
9747405979
6382545616
8129778963
9747750063
9567978557
8078543292
09445480979
9447159979
9495641539
7561893556
82485501345
8078015462
9745472637
9846937876
8129377247
7012788360
6282610347
8921051213
9946222841
9037208317
9496879301
9946923741
09447894710
8129107661
9895175598
6282753743
7736687371
7510273152
8086969040
9037123688
8304809290
7034740782
9446212060
9633149274
9400055836
8921918734
8714773620
8714773620
9744711071
7736452734
96892820255
94473605657
09188253249
9633493039
9496462914
9961362101
8138955800
8157030763
7982082204
9645968275
7012804481
8547906971
8089912166
8891478596
9489650080
9947413688
7411833705
9400667010
7594837318
00919072157779
9747667424
9400785353
8078988171
8075599489
8078322403
9778332430
9495991439
9947679397
9496841241
09778418767
9061782398
9947836015
7558999421
9846336859
9446687938
9847728064
9037434169
9846877477
8075877400
8606339492
9946921348
9947912824
9037877075
9846136817
9400642226
8606131221
7893892687
8157857688
7025825819
7025825819
6282099838
9633784894
8714433450
918113063316
97470200590
8547880226
9747473842
8304850804
9846422286
9446842997
8281565077
7994450802
7560889777
8848452381
8921477325
8891616424
9495956797
9785609767
00919446116241
7558859587
97455290658
8714888285
7907532800
0508983254
9747735168
8590633890
8590633890
9447813367
9495991439
9605896876
9895928396
8592881949
9497688127
7356355995
9744546147
9895479206
8547029118
8943321820
8921369684
9446811481
96599703497
7736191480
7012995565
8943428936
7306595363
6282374122
9446255982
9188171481
7907850891
96555922361
9567979882
8848353953
8281286780
9920672022
8590339496
8714054792
8939923455
9961513803
9495570810
9495400752
8943448945
7034115057
7306675400
8921644017
8086124461
9847305561
7558860412
9778728655
9745503205
6381949553
8075530725
9901633256
9946633599
8547263046
7902765563
9847611417
9188591129
8547147814
8891568562
9048830894
7736200837
6282376370
8848410043
9495467637
9446811481
94997060020
9544344848
6282753285
8078944764
9447208565
9495150095
8547134649
9188837638
7994160289
8129088991
8111983311
8606132904
7293361122
8089458962
9048812657
8086754109
96899659946
9207004788
9447342873
9496180293
6238473945
9495157834
9745965993
9387557775
9207033010
9400137984
9633472572
9633227619
9447608572
9645532710
9747577374
9778593270
9037590223
09995608731
6238576977
9400577857
8113027853
9497043125
8086385486
7736989129
8281991206
9946423573
9611237512
96895685354
9495960078
7559035310
9582827767
8943431999
97339292177
8330821044
8921042077
8848654450
7012058169
9562291975
9633491333
8075859340
00971569122209
9961724369
9847773337
8891257097
8157898733
9952121202
9562757383
9744556656
9961724369
9207413009
9745641710
0096871177482
9496586554
00919746126654
8129430045
7907173096
9947657130
9495554628
9778191375
7034090168
9995577208
9961724369
9747155995
7994421647
9349896979
7736800350
7736800350
9400238745
9447349529
9388880028
9495812223
9567558394
9048184064
7306211214
7561063787
9061329074
7025027987
9074022798
7510513605
9496236307
8848250341
7012524060
8590275618
9544087355
8590635125
09447247510
09447247510
8590123862
7907886387
9447391742
9447159979
9847085545
8848275679
8891377890
9072938333
7306150072
0096895245472
9745854134
9446618480
9847183452
9188409230
6235225166
9947732197
9744729056
9048676083
8547619692
9746447514
9207806351
96565519210
7907279555
8590173610
9496228911
8590303225
9745451543
9526914220
9447293042
7902203585
08606774852
9447131949
8593932322
6238709198
9072046585
9746850677
9947701159
09447859734
971504213449
9447602874
9847192434
8590578895
8281540120
9074734244
9544667923
9961125435
7736562307
9495157834
9946639802
9495667456
9946548175
9037081160
9946673854
9447629388
9567875946
09544184236
09591670779
9495852427
8075295471
8129495863
9495637752
9567447163
9709352396
8086762243
6282314221
7909159803
8078995323
8547054383
9048956354
9961537715
0097430546076
7012683533
9846022472
7012708679
8921323033
9947657764
8547866009
9847569890
9961700657
9645585757
9188566728
9526557422
6282741435
9946832937
9061855850
8590656308
9946361581
8547072094
9605710801
9778756353
7994131558
8590242757
9895514978
9562751749
7736123688
971507539313
9400337369
9495995072
6238188265
9446427929
9048956354
8330068600
8590739218
9745910106
6282081322
9895068231
7561060265
9995538510
8078986751
9497631878
9539491360
9349921747
8156963739
9847853769
9074586054
9446781962
9946644479
8848755890
9566280833
966504483284
9447811575
9048756765
9895159758
7306474293
8590578895
9074646886
8089287533
7306735903
9778736517
9188414616
9745555017
9061715103
971528630513
6238820238
8606001347
9447716309
9496871900
9567408435
7559937817
9656250620
9449730003
8086884390
8075792430
6235820589
8547070269
9632174510
7972385706
9958735408
9778236832
9447803488
7909155873
9495066346
9037343279
8089630436
8138818110
9946071305
8281450604
9778236832
9447674659
9497787433
7902237250
8075957017
00971552001099
7561017873
8848786407
8547728695
7012004613
919447891527
9846504152
7907571833
919447891527
8921023261
9895119992
9446600936
9995193089
7306722367
9544458672
7978803120
9048654131
9072159187
8848896152
9446231167
00971505880562
00971505880562
7907866793
9633211692
9567534497
9895221212
9495468670
8606365129
96895478012
8547294920
0096567050252
9447990839
916282700430
8281382270
8281382270
971589212005
8075943671
9947039142
9995750126
8301906746
6235789063
8157062407
7012148073
7025541041
7306779702
9074767569
7736637593
6282957435
8547029118
9446897674
8590305617
8113932202
944689868
96895851920
994600785
773622135
8086966647
8848616029
9526364267
9746488370
9846344309
919847010144
9995599528
8075546670
8075455963
7907340750
9497891426
9447608237
9048121365
8111897128
918891051646
7736277029
7561839070
8547852557
7902791553
9207524855
9946898035
8943428936
9895771101
96892572680
6282202700
8138818110
6282725589
6282922971
9946954989
9961472869
9895046312
8075943671
7306275861
7560995172
8921870116
8590538083
7204347729
7736597340
8592052005
9446341235
971582292599
9496862873
7012151864
9846070636
9947364580
9207009044
8078823617
00971564152467
8078726350
9656977073
9446177324
9562202004
7305235401
9620902248
9495285002
9847727616
919746139792
9037418994
7034962164
7306595363
9633911656
9020994455
9818441302
7975273285
7736379349
9746717626
9447134176
8089433165
8754218735
9497873650
9037955468
9060857591
9447352943
8301913339
8921331311
9605014310
9446868440
9446868440
8590581792
6282263762
8547693284
9544566633
8139857316
7510855194
9526191461
7012050186
7012114661
7736154343
7592054575
8921952800
8078340847
9048369667
9447035998
9497167692
8848416496
9539220177
9895993856
8921988735
9539333388
9544152299
9447291449
8943938808
8589862838
9446605625
7306253847
7356996063
9496032762
9645691312
7994572151
8590978742
6282532203
8921952271
9567644111
9645015097
9400078304
9995611168
9730757629
9605987101
9446531742
8089326399
09447329765
9188451720
8078353119
8157965615
9745197829
9964753816
8078079684
8075934204
9846738131
9497685140
8590993574
9615222333
9496824282
9747711349
8129083199
7560883587
8301917349
96560477060
7561032005
9539494769
9745608438
8547000351
9188762290
9746198550
9188762290
9400655014
9526849013
96569306610
9516232180
8089654183
8089737196
9074703413
9495205550
9744403406
09995149065
9846855355
9895078649
9496118686
7561017873
8714740689
6235463029
9539007475
0543288202
8848694882
9961231198
9446552705
9544447981
8590873762
7012690039
7994304344
9496702508
8590511453
8281854134
9562732788
9447133127
9605488113
9947580201
9656614940
9747291655
8921639017
918129474212
8921639017
919061570573
8156945189
8590346993
6238049083
8606816427
9846306661
9074457949
8113831412
8281575277
8301975044
8547063133
9995540549
919061542159
9447646449
7012124852
9744497361
9496148102
80787606
9778335793
9495276784
7306414569
7306947722
9446873437
9048623161
9995940816
00971527557550
8075379545
9846358988
8129745254
6282606092
9656828835
9895144498
9497688175
8590346993
9495851084
0097336699165
8590750043
7902687402
00971552001099
9495677670
09995419343
9946123772
8547353265
8590991197
7012958200
8281108350
9446555865
9947604688
8848532039
00971505461734
919446477103
9037600627
8590968115
8138082695
8589852233
9448817930
7736637593
6282129733
9447528212
9310024624
971589212005
09495882949
9447575152

966509907650
918075903392
919946894206
9544810691
9496451115
7907135526
7012592504
9446800913
8848679075
8848650158
00971505453188
8943916594
9946524164
8589092682
9605351525
8891178741
9037996372
8589852233
9895178418
8943692818
8943692818
9747497940
7012476346
09446179393
919562827263
9048333196
00918129677184
9946065500
8921467076
966533637374
9037900586
8547867912
09497688127
8129692179
9497362790
9539651901
97466868156
9446235283
9061954173
8129118777
8714250967
7025087639
6235935115
9847110815
8606825667
8086066481
7034136065
7736877205
8089966224
9562668979
0096899270817
9447603547
6238110704
9605601434
8714101348
97338861678
6282506566
07356325197
9342649580
9947609043
00971557207436
9656947498
9391679940
9391679940
7994666092
9447884843
09744749676
7994958329
9846169139
6282831879
9847422939
6238438662
9947662708
9656104224
7356519227
9995021636
9037125347
8714157359
09495576025
9496226439
918593811853
9446589269
8086782650
8547012612
09895998870
8590787733
9567620632
0096597630205
9048782301
9739829720
9388085100
9037579420
9496587770
8593090306
7025656202
7561848936
971505680638
09846407720
9037197977
9037469626
9496790430
966566525501
8590212547
9400656110
7559871580
00971529736162
7012970402
8075609830
9447960010
966594392550
09447891527
8078249730
09947972940
9496356176
9447380812
8589068099
8589068099
8089318857
9400237015
9447701848
9159074412
8547934436
9446501700
09074579019
9746524060
9709352396
9846625958
9847963399
9846095070
9895076577
6282110891
9400173097
9040024064
9605819172
9744932659
8075861995
7559871580
9778495441
9188623213
9074299639
07736374585
9544318243
6235718771
8281688736
919495559351
00971507592079
8281831679
9656927612
00919744514292
0096566933744
9207381604
7907186244
8547251714
971559942466
9947426868
6282279941
9847014243
9873751828
8848501622
6238501184
9745788291
8089229864
8848228585
8921020160
8590567051
9656771153
7560822691
7560822691
9745635845
8281104524
9400785353
8921918734
7909155873
9188409230
8590343228
9785609767
8129890725
9746818484
8089800009
6282753743
9591611444
9072159187
9846240684
9447994485
8606001444
6282435862
9946071305
+65 96250065
6238584449
9567368877
8590955033
7736649423
7025123185
9048376303
9495874057
9446536701
7012757629
8590505757
8714773620
9496226799
9847828167
8075749533
7902251756
8891919696
7902850854
6282753285
9947657764
7356826055
9061696935
7558859587
7907273919
7306620749
8921689594
9746818484
8157804579
7907134005
9544643954
6282520803
8086426340
8593969699
9496732156
8157829027
8547767311
9447297529
8086414680
7907895621
9048913414
6235520723
9567746299
8838502716
6381949553
9037112108
8281858876
85905 29470 
971 568669686
7034846522
9995599545
9778330255
8078071753
9745440003
9495351753
6282392912
9037557208
9746393730
8137050001
8590736298
9633446891
9778255540
7510924793
9633616768
9544877067
8078345169
7558894945
8086601862
8156935362
7907895621
9072757077
9048904993
918113063316
6235713201
9207379262
9207806351
6282269687
7034249234
966506660826
96892572680
971505176316
9037420026
8281332152
6235782234
8590342134
9746894372
8891479694
7558860354
8590017311
8590854160
9544183760
9037987022
9645840922
971503974672
7594080053
971-543354097
8921426013
9526069550
9745472637
6282554255
7306364958
7994230595
7034602555
8891568562
9562324191
6235194471
8139065748
9307078779
918848806670
9645900095
9037448726
8891206059
8921551441
7510256626
7736653766
9747754724
7907103975
9495390429
8891066572
9995332663
8281252000
6282489310
9380811781
7591920392
7994678266
9645157478
9447418797
6238139048
8589990184
8129290184
9778311852
9048865011
7907153293
7902836857
7902985655
9400336996
918848633423
8606927885
96599703497
96892820255
9061381867
9497263647
9061897277
7558036658
9074718121
6238146712
6235506071
8089287533
7510700913
7907989760
917560881054
8089602280
9870097978
8921323033
9495916431
8593969699
7510772273
9995772549
8590856124
9947182954
97336999170
6235264539
8111868726
8714135175
8592915008
9567708226
971506715537
6235782736
971507202990
9567443117
9048202933
9656693165
9495644549
9562700155
9870097976
8089907736
7034360514
9496180293
9633211692
6282703859
8078785732
966549082466
8921694245
+91 85906 27748
8089122630
7594837318
7592945973
9037289165
6282110573
9072048905
8138016681
7994844435
9747838052
9778124565
971505880562
971505880562
944689868
6235950164
9744546147
7561063787
965 65519210
502663050
9544087355
9497787029
+965 65149987
8089458962
9496462914
9633493039
7306211214
9895068231
85478 66009 
971521794925
8921923698
9747303708
9778708045
8137973588
7293766923
7736813443
7012133244
8921988735
9745854134
8075859340
7561017873
9847381796
96555922361
7902765563
918138021176
917902765563
9567828001
9446898648
973 39292177
9645050119
8086035239
8590978742
6282532203
8943895612
7593967016
7736637593
9633700381
9947732197
971552001099
8078995323
97430546076
8606132904
7034115057
9539333388
9074734244
96567050252
971589212005
96871177482
7559937817
80789 86751
6238820238
7306675400
919778016400
+965 51611256
7559819896
9605606905
9744729056
7907279555
9847611417
9061591610
9995772549
8590627748
971528630513
8606001347
9645248699
8590581792
7012148073
9895046312
9995157681
8592052005
971564152467
8714407628
9207062160
6238188657
8086217449
8590439388
9207413009
9526191461
7994173934
8078082061
8138955800
9901633256
9562019172
9747008679
8848107340
9995382904
8330879854
9400297259
8137925595
9567624376
7510703288
9995105998
966504483284
9020994455
8714399845
96566356149
9447190098
6238333723
9633710696
7907555019
8089204768
8075442721
7034820415
971507539313
7012162136
9846342447
96895851920
9745910106
9207402173
7025869371
7025416639
7510502297
9744646595
96560477060
8590792160
7736218461
7025462403
8086706303
8891344692
8590017311
7593064664
7034465789
8754242818
9495854717
8848101196
9645595335
7736529186
7510772273
7736282322
9061489062
9778003834
971569122209
9633911656
971504779238
8075206335
918848473585
966595408677
7306347727
917558069312
97470200590
+91 73069 65980
8281006513
9745784988
9037065461
7306101357
90374 64727 
9539128003
6282565336
9633693506
8089996578
9947639819
9746679112
7561825906
7736847670
9746836830
9074272540
7560881054
8075331286
7356890037
8281080331
9645033400
8075151524
9895864913
8078240171
8089970312
8590050843
9539298143
8078472541
9778343778
7907340750
9645868974
8943946773
8714220996
9446811481
503593955
9895229379
8281939657
8592972557
9567880999
9605761491
8086650705
9037999787
6282269914
9074441321
7902493948
9544221711
9037752874
9446278643
8281461661
9778548745
9746931658
8089781809
8848242556
7510588417
8086650705
9539159900
8138072502
8606886264
9744566868
6238092072
9074910263
8891362207
8086650705
9847344017
9747827062
8891362207
8075929512
9061707483
+91 90482 05998
7306101078
9778541651
8891362468
7907784792
7012162136
8078995323
7736813443
9562345753
9961966467
8714385844
7736790984
6235258877
9746191844
7560990023
6235744348
9188569972
9037410976
9746494067
81578 22853
9207204589
917560881054
9562634000
7025158589
7306745406
9544667933
9633952933
8136944670
8921411349
9447418797
8156917254
9037454886
8921845774
9847086878
9946404666
9048609450
9746794711
7994539571
7593967016
7561879934
6238165377
8157878062
7736352829
9061224260
8137088823
9526494785
9778003834
9995905493
8590640711
9778515199
8714835473
9400918588
8848902142
8891285714
9745495684
6282610347
7306803644
8848326341
918078335616
9562555339
7994060784
9567698033
8921633202
8848941139
8089728705
9645871824
7012405948
9747823917
7994263268
7025189231
918891731768
8891684729
7558859587
7736502638
966506660826
96895478012
9037733890
7902270302
9074085707
7736562307
8075798374
9544571148
9072152035
7356480365
9446278643
9061329074
8891568562
9747448511
9446163082
9995594241
8547608665
9539701061
918891453829
9656977073
7907202235
9633513320
9890408608
9496217050
9037616694
9496969136
7510500950
9400685402
9526585277
8848755890
9947701159
8089361593
8301913339
7594892222
9746202373
9895560158
8606365129
00968 78585938
9645967692
8330824900
8137933657
7907561637
966531223467
7306592472
8547493252
8590709781
7034461443
8714277009
9946679969
8590651510
9072048905
8281287499
9446811481
7034605800
8714164378
9605416202
6235759016
7736909575
9946252526
8111855172
8921558285
7510538765
8075848681
9567987129
7994501572
9567579523
8139833707
9946431368
8281029542
8086708534
9567408435
7012997655
9072580799
8590538083
6235098101
919037558160
9544335749
9496660293
97337757526
508983254
6282374122
7034675647
8848347005
8531062749
966508210718
9995231928
8086762243
6235671139
9074572144
9745757940
8078015462
9895738086
9061819327
8590342409
9074044857
7012925986
6238774176
8714229278
9645585757
9778522955
8891575176
9895119992
8301841007
9656714808
8590255429
9747408321
7902438986
9633623367
75948 67410
9496732160
9946779672
9645447559
9995684886
8848654450
919947854592
8139065748
6235446443
8129788891
8129933581
971505920361
8590560640
9871138391
8921344505
8078314068
7306357467
8714995248
7560941871
96899058076
8891699557
9895869977
8078150708
8137925595
9846779478
9605707603
9744489904
8921681866
9745093135
7306056764
7994098113
7012921323
9061549541
8078262041
6235759016
97455290658
96899659946
9961125435
8840548492
918891631349
9605578992
9074324076
8848264861
9946410207
9207134811
9446517473
9747967897
8138051373
9562292575
9995980850
8848630993
9946376300
9995772549
8943327521
9633132498
8590324255
9447204043
8590715824
8928962583
9633784894
8075599489
9400188475
9946376300
9496690635
9846730723
8075405334
918606563985
9747138990
8086966647
9446618480
9746953972
6235385904
6282408305
9946581704
8848918419
9544530982
8891054547
8139818654
919497776776
8848966482
9895910548
9746579850
7025076583
8089581794
8891616424
7907850891
8129430045
96895245472
7902723964
7306537336
7994263268
9037120011
8891826170
9072871006
7592831791
9496356176
7558018923
8129530946
9947943572
9072165013
9539937227
8921004833
9037434960
9207264211
7902245325
7994888341
8590991421
9995770018
9495286387
8078038117
9446625492
8921709535
7902791553
7736268562
8148145051
6282946966
9037788130
7559874365
7902203585
8921521373
9961146562
9037467475
9496531002
9746639324
9188826743
9605045388
7306819198
9947888673
971547708409
