6282820647
7012063550
7994463047
9561201269
8547221742
8848064665
9074606540
96892572680
9446868440
9567643292
00966506660826
9744123797
8848228585
9539008894
971505176316
9446106026
9037420026
7034740782
9400608900
6238714063
9037590750
8157088077
7736884310
9747769780
9643245649
8075487529
8921850771
8281332152
8590582100
963245649
8590567051
971505680638
9074262942
7736277029
9566280833
9747155995
9847999080
7306414569
8075638352
9495600391
9539220177
9496032762
9446555865
7592054575
90746 06540
9746894372
8590017311
9995633953
8304848286
9895732196
9495566310
9245653310
8891478596
07594080053
971-543354097
9809887398
8129377247
9846365631
9539007907
9446290580
7306364958
9446182364
7012543632
9946822230
9188605194
8289853031
7736834121
9605680007
94477088427
9633713103
6238223543
9188577645
7306608475
9745689708
7907720167
8848419955
9074393768
7907142839
9284698772
7736784867
7306845115
7592047825
8592098143
9778225656
9709352396
8590864834
7736676071
6282543569
8547147814
8921374743
7591920392
7736869312
9847106165
8589990184
8129290184
9778311852
9495242234
8921336423
9072393777
9446580951
7306410547
9544932475
96892820255
8590993574
9895996622
7306779410
8281476484
9040024064
9074718121
+973 38861678
9870097978
8921323033
9495916431
8593969699
7510772273
9995772549
9495780121
97336999170
9497505699
8714135175
0091  9072157779
00971506715537
8075876287
6235782736
6238298458
971507202990
8301994300
9447499339
9495644549
8129271323
9870097976
8606251234
9496180293
9633211692
9037222746
9446474961
9072296311
9633693506
7907658297
6282662451
9074056290
966549082466
9400577857
09633472959
8304955804
7560822691
7025910264
8281683231
9526575656
9594219006
9895636359
8138034153
7594837318
6282547722
07994844813
8921060477
8129417004
9744147675
8086959074
8138016681
7994844435
9778177256
6238136984
8714365835
9445186343
7012214642
8848793339
9847547697
8848207806
9928855332
8590892260
9745203390
6282294025
8848877502
8547606715
9778124565
9746596151
9446583730
9447721560
9567534497
6235597738
8281283618
9746440221
9778728655
9995556333
7560822691
09895998870
00971505880562
9495995072
00971505880562
8943692818
7559871580
6235950164
7736877205
9900149395
9744546147
7025027987
09591670779
965 65519210
9495991439
9620902248
9656614940
8086782650
7034136065
918593811853
9747585862
9544087355
966594392550
+965 65149987
7736191480
8547390863
7012508086
8089458962
9400785353
9496462914
8921918734
9744711071
9633493039
7306211214
9895068231
85478 66009 
09846407720
00971521794925
9744403406
9159074412
9567620632
9400078304
9605014310
8921988735
9745854134
7561017873
9496587770
7025656202
9895514978
9961724369
8589852233
9074581751
9778236832
7025825819
7902765563
918138021176
917902765563
9497027024
8943692818
8086754109
7025825819
7907984616
9567978557
9946921348
9947912824
9495080994
9447884843
9447960010
8078249730
9037579420
973 39292177
9847305561
966566525501
9895178418
9496356176
7994572151
8590978742
6282532203
8590212547
00918129677184
9447603547
8281974442
9947732197
9074299639
8714157359
9400656110
6282753743
9074022798
00971552001099
9847963399
9746524060
6235463029
9895078649
9496118686
9846855355
9310024624
9447575152
62357 18771
0097430546076
8078995323
9946673854
7034115057
00971552001099
9447803488
9072159187
9074734244
971589212005
0096567050252
0096871177482
971589212005
7559937817
80789 86751
9544152299
9447035998
8075861995
6238820238
9048812657
7306675400
9947657130
9961724369
8848693649
919778016400
8078956840
7907893856
9495073050
9495721932
+965 51611256
9605606905
8921952800
9446953121
9895993856
7907279555
9495066346
9745503205
9847725142
9846336859
9061591610
9995772549
9074457949
9446842997
9048782301
9895221212
8943916594
00971557207436
971528630513
+91 90615 42159
8606001347
8547934436
9645248699
9074753289
08606001444
7306727271
7561017873
7356519227
9605351525
97466868156
09495576025
7025087639
09497688127
8590581792
09495882949
8547867912
0096566933744
7012148073
9895046312
8606825667
09995157681
8589092682
8592052005
9745197829
00971564152467
966533637374
9037469626
0096899270817
8075609830
9873751828
9207062160
9946065500
6238188657
00971527557550
8921639017
-
9744497361
773622135
9946071305
9207413009
8848250341
8921522905
8089326399
9605987101
8848532039
919495559351
9400655014
8590991197
9747711349
9446531742
8078079684
9615222333
8590453001
7994304344
9847422939
96569306610
8848416496
8714101348
9947662708
7994173934
+65 96250065
8138955800
9645540005
9895742342
9447414282
9847183452
8590955033
7736649423
9496451115
+965 60015911
9746939854
6282957435
7306668586
6238852023
8086159912
8547353265
7025924890
9745965993
9846358988
9048376303
9497473777
8075896830
9746432921
9846095070
6238310766
9048067018
09947362000
7736181667
7560995172
8113027853
9037996372
6235325988
7902414206
9495874057
8547414325
9995105998
8848694882
966504483284
9020994455
8714399845
8089639678
9048623161
9656691156
0096566356149
9446103777
9744265727
8330098049
9633213201
9961362101
6238333723
9605481085
7907208317
7907555019
9447608572
9496448167
8921652733
8281540120
7306811247
6238024987
8547619692
8891256227
8606374976
8075442721
7356519227
971507539313
7012162136
94002 47242
9446411928
9961830848
9037405204
09778545375
8138082695
96895851920
9745910106
9207402173
8089871649
7025869371
9447326409
 90743 14279
9605286046
8848616411
07025416639
9400337369
8452056470
00971505461734
8301812844
7356625664
9947061540
6282099838
96560477060
9544810691
8089965836
9447606772
6238691341
8089789466
7736218461
8891601978
09447859734
8137884324
9747273978
8593866063
9037222746
9074722859
9633094379
9496106351
8281548112
8289940377
8891413363
7076678463
8907970780
9995287972
9048033338
7012673042
8606309161
8089224458
8281035227
09747031385
9544667923
9947296488
9895251920
8891344692
9846468195
9061034413
8590017311
9037149658
9496112989
7306293989
9656498135
9895680281
8547140935
7736720798
9995777805
884860676h
9497787530
8848101196
8921462329
7907945866
7907752885
9645595335
9787291019
9544648297
7736529186
9633043970
7510772273
7736282322
06282845158
9633494407
9778736059
7736677615
8330822465
8075462066
8590534378
9048930750
9207441714
9447269141
8089736769
9778003834
8589878940
6282163771
8590209199
9074340875
9847227758
9188621244
8592058119
8089216054
9496808917
00971569122209
09446179393
9633911656
9633647969
7907651937
9048184064
9048228642
6238772671
6235388657
8281083830
00971504779238
9567327524
8252022644
8075750634
9995824145
9037007500
8590503417
8075855899
7907715402
9746191844
00966595408677
9188229525
7510287479
7306347727
917558069312
9074667486
9207881087
8848122518
8848450785
9778217032
97470200590
9744148006
+91 73069 65980
9605480867
8281006513
9061545805
9446155515
7012512151
8921866003
8330899418
9304730167
9605213379
6282548655
7907773606
7511139770
9188171481
8304846273
9895956435
9645968275
8089996578
7306375183
9656313157
9809003916
7561825906
8714441062
8075331286
7356890037
7012592504
9447216485
9496759654
8078240171
9496879244
9446050371
9778724501
9142111020
9846231974
9900344011
9746124834
9747242469
7592940704
6282028033
7902253589
6238131970
8590585832
9496906865
7306436915
7034932048
8075957017
8089970312
8590773083
9778157971
9605153665
9947725142
8714266991
8891394334
9074485419
8590454536
9342649580
8547063133
7736127932
8848405332
8921928713
8590118483
9539298143
8590346993
7994666092
9496824282
00919744514292
918075903392
9446341235
994600785
9633807177
09947972940
9446713487
08714582751
9778343778
9074885560
7907340750
9048956354
9645868974
7204347729
75104 57646
8304803746
9778190670
9605710801
9961924509
09188253249
8891558972
8943946773
8590275618
8848784049
8895651781
8714220996
8589068099
9800895763
917403615413
7736034250
9778212823
966509907650
9035502633
0503593955
9778185454
7012425125
7907140753
9633952933
9544667933
9747027011
919037164711
9072410781
9544845050
7025200523
8848875470
7012024532
8848463013
7034136081
9961490126
8891718155
8891362468
9746070979
7356446192
07994539571
8075781547
8921352904
8089728705
8714784461
8129933581
9446521464
9048075641
7012307958
7907479328
8594096333
8891241228
9946453876
07034063779
7034063779
9354932417
7012092025
8891640903
9778003834
9746831857
8590081107
9846491219
8547431917
8281347006
7012757629
9207879394
9746191844
9745495684
9400182298
8590537818
8089390952
9446581295
9400918588
8848405332
7012162136
9447428756
9544696140
9072665068
8547359882
6235744348
9995615294
+91 73569 49537
7559084672
8848902142
7736136246
9497258174
8078725592
7510192397
07306745406
7561879934
8921729883
9847769350
9048513298
8590449296
9539416254
8281773865
8089746709
9447539471
9778014860
7306803644
9487300745
8848326341
918078335616
9562555339
8921633202
7994060784
9567522037
8089344205
6282995013
9656619272
9496407730
7012405948
7592877014
9747823917
8330068600
9495986819
9920672022
9633773663
9447811575
9400082313
7736452734
7736637593
8590637438
8157898733
9447194737
8289984950
8078158254
9847849222
8590453077
9495400752
9400667010
9400829674
6282725589
8590977340
9744932659
7025189231
9946524164
8590656308
00918891731768
7736595603
9037632688
8590597281
9526015374
00971507592079
7907173096
7558859587
7736013305
8848373751
09074579019
9946475027
7907999505
9947170139
919061570573
966506660826
9995455066
7012032121
7560951694
9778169073
7994239250
9037059583
8156957681
96895478012
9745915154
9037733890
7902270302
9605542210
9605152493
8714433450
9847773337
8714732284
8590661763
9497412719
7510662989
8089826001
9778492529
8089912166
09656349660
7736562307
8075798374
9544571148
7012399197
9447788808
9037457079
00968 78585938
9188020194
9745383262
9061696935
9645967692
9508130233
9207255806
9446583730
0097336699165
 92071 03313
7488008513
9048830363
8590315825
890240734
9539760936
8714868687
8310827875
8590493506
8301954937
9400050857
9349921747
9562202004
9495366734
7306881537
9656828835
7306158497
9447215385
7034605800
9446811481
8075546747
8848090703
6282364779
9526294529
6282266129
9961204947
9497876794
+91 81390 30047
7736909575
9946252526
8111855172
9400450683
9746765467
9495779191
7306246264
8075848681
8714884292
7907869787
9747085389
8156945189
7356513922
6238071150
7034276117
7907867399
9567709373
8590897273
9446781962
9074646886
08590328288
9567987129
7982082204
8078726350
7012708679
9387557775
9846877477
7736597340
7012826376
8547976186
8921027179
9400022442
9946930099
85474476274
8590411272
7025792956
7907601987
9946431368
8129692179
9778495441
8606816427
8075267603
8547263046
7012788360
8075667838
8089858509
09778418767
8590695167
7558860412
9447208565
09447247510
09447247510
6362793403
8590643349
9188409230
8281029542
9037343279
8157981120
9074674374
9895533645
9567408435
8075432372
8075761493
9025934911
7012972532
9778013540
6238678037
8714479473
9656482723
7736441688
707752433
7012997655
9785609767
9072580799
8590538083
7357756778
9539215252
08078160498
9446202576
8547364344
9995719242
8075546670
9746488370
8921369684
7306595363
7025541041
8281991206
8078944764
9611237512
9582827767
8943431999
96560477060
9496103570
00919037558160
6282263762
9778731938
9544335749
0508983254
6282374122
7306735903
7356348291
8848257681
7012867521
7356582661
9847727616
7561008313
9072640917
9946719500
9496762350
08111838928
8531062749
9447284698
9645532710
8075929967
7907532800
8547604086
00966508210718
9995231928
9633227619
8301080901
9562238368
7561060265
9495285002
9447131949
9446600936
8714250967
9747663005
6238185052
9947580201
8590294590
9037374098
7510855194
9745757940
8075859340
8078015462
7012124852
8281382270
7907665957
9778045080
9207009044
9895076577
6282202700
8075422451
9747433129
9446811481
7012965698
8590342409
8590360265
9746585042
7012804481
7025396822
7736040151
8921981261
9946687200
6238473945
8891257097
62382025839
7306174716
9961537715
9847886885
7293361122
9730757629
8113932202
8589852233
9847110815
9895144498
6238438662
9188100706
7902794644
8848616029
9645585757
6238107438
7907917513
9995789394
9747911807
7558859587
08606774852
8593932322
8891575176
7012124852
9895119992
9778370647
8075262771
8590255429
7488008513
8590450742
06282285049
7736835737
9747532569
9633623367
75948 67410
8129981144
9495305217
9947127334
9645447559
7558881108
9961066903
6235019318
8281010581
9633558093
9744291989
9946165329
9188591129
9846025190
9074227384
9884481062
8590123862
9745565469
8606052770
9945481192
8111817050
9188357228
8138979851
8848786407
8075055628
9567459988
9605601242
7356856655
9496871900
6282922971
8547134649
9995750126
7559008684
8848654450
9562668979 Brother (Rusafid)
8848679075
9497531010
9544403177
6235789063
9496226439
+91 9446477103
7736529262
9207252934
9447133127
9709352396
9207524855
9645691312
919947854592
9496586554
8086884390
9061855850
6282741435
8129088991
8921690673
8547270847
8547850663
7306279294
9447138022
8156908125
9562108090
9778177265
8547201069
9489650080
8921523517
7994535095
9074128230
7907751216
9964753816
97477 50063 
9633149274
8129778963
7558033492
7306357467
8078314068
7560941871
94460 71295
0096899058076
7907401895
9447510144
8920962790
7356985503
9544511261
8891377890
8078150708
9605707603
9526600547
9656854148
9562291975
9567360439/9995141985
9526598580
9747376622
8129420105
9567175753
08590116310
9443316857
7012921323
9447874599
9961125435
8594076850
7306960200
9495570810
97455290658
96899659946
8840548492
8157905368
9745731385
9847169158
8606655943
9447604066
7306620749
8078725921 
9656010114
9539255445
8791009926
6238643289
9037465400
9207134811
7907986674
9446517473
9747967897
8138051373
8281648055
9895928396
8139851700
9995980850
09847861947
8848630993
9946376300
9995772549
9847235478
9744209795
9633132498
8921689594
9048335079
8921879610
7012791663
8330048324
7012498609
8590715824
8928962583
9447109210
7907571833
9961690184
9526068700
8075599489
9048676083
7909231272
8848275679
9895161627
7034782909
9961166400
7558819589
9846730723
8921657899
8139851700
9037502859
9037112645
7411833705 
9746887345
6328991160
7356891544
8848576054
8921046650
8590666398
9847312300
9995858996
9946524272
9747000645
09656619272
8281931009
9446073722
9495462494
7907105519
7012685983
8075497586
7902374460
9495141510
7025593043
8590173610
9496795364
7907086547
9447177064
7034632713
8075717678
8086966647
8590123862
9446618480
9447391742
8606593461
9037152081
6282144892
9778759580
9567161835
8089563948
7012166811
9495812223
9895467802
6282408305
9447973121
8921642272
8129579187
9995415063
9946581704
7901916674
9056050441
9539528425
8078011317
8281549392
8891054547
7907934787
94004 50323 
919497776776
9526627792
9895092623
9746820607
8921286243
9447269880
9495990887
9496448167
8848966482
7907335212
9895910548
9544551847
+91 96053 17406
7907850891
8304835479
8089581794
7025076583
8129430045
09424523229
0096895245472
8891616424
8086385486
9495720064
8157933888
9304730167
7012338412
9446269836
8301916510
9400856482
9037120011
7558917723
         6235307609
9074735740
9072871006
8281443431
8129944777
9495603834
9496356176
7592831791
7012753372
9895268084
9495419943
917012037414
8129530946
8590424476
9995029636
7907218516
7907658022
9947943572
9400602790
7593042465
6238522701
7902245325
8301975044
9207264211
9645151111
9074916212
6282743372
8590327904
7994888341
9037434960
8921004833
6238678156
8136897737
7306881537
8606260628
7073258689
8848930894
09497636585
9446625492
9497688127
7012263038
8138821767
6238581463
8148145051
6282946966
7306670898
8025997205
9446290580
9895388534
9061653559
9495797151
8113038501
7559874365
9037788130
9746466411
8157857688
7902203585
7736800350
8590205130
8848881886
9544993177
8921521373
9495956797
9567875946
8089532611
8078104599
8891418754
7306066626
9846344309
8714319524
94997060020
8281557755
9447716309
8921331311
73052 35401 
9048654131
7972385706
8590792160
9400722047
9895738086
00971547708409
