9495669595
9447784567
9605954694
9495669595
9447784567
9605954694
9495669595
9447784567
9605954694
9495669595
9447784567
9605954694
9495669595
9447784567
9605954694
9495669595
9447784567
9495669595
9447784567
9605954694
9495669595
9447784567
9605954694
9495669595
9447784567
9605954694
9495669595
9447784567
9605954694
9495669595
9447784567
9605954694
7042366833

9495669595
9447784567
9447784567
9947022722
9633004703
9895937572
8891385534
9895237681
7907403921
9995761156
8157991320
9846985777
9447577089
9656064351
9895638070
9605113997
9895559361
8089002255
9895812334
9447249046
9446297919
9446080852
9544652084
8111937700
9895173602
9747572296
9388845387
9061360466
8891030840
9447351600
9048008574
8281166679
9446073329
9447784567
9846655844
9496173722
9840155275
9846433337
9995526934
7559052311
9995162188
8547922312
9633999900
9656378216
9895315435
7012159564
8078845056
8547143897
9037083407
9605693378
8089792273
9605104980
9446025406
9446013535
9446458698
9656031582
9961315497
8075758064
9495408980
9895048895
9995841628
9447989215
9496622816
9847423358
9447784567
9745999525
9562238368
9846199947
9495944537
9645005315
9495714917
9446070819
9544609145
9995717359
9388857975
9495322324
9895949942
9496833434
9656703814
9446414370
9633195744
8089541154
9895860381
9947136023
9446290371
9895090906
9496361296
9497287156
9895005577
9446411315
8848249015
9947259344
9447603384
9846722992
9497189346
9447784567
9847081504
9895169443
8891152503
9947233757
9846064910
9995237000
9496409329
8943948650
9446357969
6282818504
8281536651
9747000170
9061874916
9847436638
9746207579
9446446413
9995891449
9562193768
9895651753
9895492307
9847725904
9995023446
7736649626
9847227425
9388612279
6282881500
9447888954
9656731666
8301958776
7012013572
9447784567
9446532898
9847000929
9495984997
9497219972
9947007227
8129200076
7010124281
9747000170
9747344333
9446164893
8848470579
9846744485
8089563348
9995375130
9446096948
9447913420
9447937539
9447282059
9207140905
9847958571
9846012665
9495315931
9947096402
9496779416
9446029694
9562078580
9645801840
9497459544
9544958208
9744225210
9447784567
8943836364
9562727299
8129963630
9400645481
9495970206
9496062110
9995533788
9447811806
9846763368
9747016809
9562313520
9496257872
9947747224
9830732212
8606438141
9526512841
7025078054
9633377444
9744569335
9745811149
9747154322
9447608424
9495955694
8281579945
8606893224
9388253202
9605819238
9946250250
9846450036
9497650942
9447784567
9495990053
9747402056
9497181901
9400258976
9846725286
9446217981
9447369978
9526960082
9961170909
8547643221
9947472375
9847475610
9847974229
9497687194
9544057777
9550713449
8943334901
9447319140
8848559350
9447812207
9746290235
7510220569
9947017011
9400174824
9400757462
9207184025
9400756069
9846385574
9656270737
9895570400
9447784567
9496244914
9495696174
9447913613
9495157797
9496226772
9847327871
9400338308
9847496754
9207077814
9447811575
9895941807
9495466709
9846208510
9744746218
8075400829
9946348527
9496118789
9495947451
9947364580
9745712606
9447048804
9446096122
9961401104
9446058192
9388608712
9447871345
9496120415
9447294313
9446867740
9446549545
9447784567
9539409870
9544983370
8943847102
9847772266
9745006337
9349717774
9895453170
9446932011
9447414589
9446927267
8943503414
9496350369
9497975485
9847221988
9846421513
9567773132
8086142887
9846020263
9447022642
9746365425
9447292262
9447767155
9846732226
9447166118
9562843379
9445213727
9446719235
9847085991
9995846436
9961951551
9447784567
9961817076
9961721749
9961462382
9961254479
9961170517
9947854554
9946218772
9895718593
9895242414
9895177137
9847789406
9847770959
9847645404
9847595646
9847327075
9847068448
9846081222
9747513632
9746798505
9745877321
9744427763
9744427085
9744213378
9744177442
9656933813
9656563355
9656492984
9605468631
9539569944
9526844281
9447784567
9526844177
9526815483
9496430307
9496418009
9496046438
9447933633
9447871273
9447721661
9447434276
9446742228
9446688123
9446473117
9446217165
9446173384
9400979581
9400979296
9400262765
9387575726
9142629554
9142228150
9072836126
9048844782
9048549722
8943148688
8893648366
8304937964
8281931062
8281139619
8157949843
8113033508
9447784567
8086413571
9961430225
9037518295
9847602477
9446504505
9995520770
9605282706
9605010990
8281133659
9558007596
9446074244
9847766700
9495974620
8136802852
9947892237
8593977444
9443391374
9995312687
9895105300
9847333365
9037424362
9847035433
9496737090
9446868468
9037002003
9497237535
9895016136
9495990230
9495534567
9496303777
9447784567
9744547780
9447048308
9846022042
9747204038
7909231272
9946104480
9249262637
9061069944
8547513246
4844045797
9567097068
8907050500
7358124477
9895006666
9446050263
9496229432
9633197099
9656431997
9847970233
9995399000
8921665189
9846077183
9048713838
9995965686
9539570978
9578291414
9895137938
9946665447
9995624573
9446981034
9447784567
9447138022
9446535975
9447023076
8606736151
9946105170
9995350001
9895874216
9446535975
9895709778
9539151506
9446351134
9846016370
9633885338
8943342245
9201943652
9995893326
9447870251
9847338525
9745206974
9446931303
9539000654
9388844199
8129941144
9946064916
9037223808
9846977707
9895489034
9895011022
9995677363
9526304424
9447784567
8086039174
9061571618
9656658666
9447743970
9961992304
9895518494
9446006629
9847466731
9947022722
9633004703
9895937572
8891385534
9895237681
7907403921
9995761156
8157991320
9846985777
9447577089
9656064351
9895638070
9605113997
9895559361
8089002255
9895812334
9447249046
9446297919
9446080852
9544652084
8111937700
9895173602
9747572296
9388845387
9061360466
8891030840
9447351600
9048008574
8281166679
9446073329
9447784567
9846655844
9496173722
9840155275
9846433337
9995526934
7559052311
9995162188
8547922312
9633999900
9656378216
9895315435
7012159564
8078845056
8547143897
9037083407
9605693378
8089792273
9605104980
9446025406
9446013535
9446458698
9656031582
9961315497
8075758064
9495408980
9895048895
9995841628
9447989215
9496622816
9847423358
9447784567
9745999525
9562238368
9846199947
9495944537
9645005315
9495714917
9446070819
9544609145
9995717359
9388857975
9495322324
9895949942
9496833434
9656703814
9446414370
9633195744
8089541154
9895860381
9947136023
9446290371
9895090906
9496361296
9497287156
9895005577
9446411315
8848249015
9947259344
9447603384
9846722992
9497189346
9447784567
9847081504
9895169443
8891152503
9947233757
9846064910
9995237000
9496409329
8943948650
9446357969
6282818504
8281536651
9747000170
9061874916
9847436638
9746207579
9446446413
9995891449
9562193768
9895651753
9895492307
9847725904
9995023446
7736649626
9847227425
9388612279
6282881500
9447888954
9656731666
8301958776
7012013572
9447784567
9446532898
9847000929
9495984997
9497219972
9947007227
8129200076
7010124281
9747000170
9747344333
9446164893
8848470579
9846744485
8089563348
9995375130
9446096948
9447913420
9447937539
9447282059
9207140905
9847958571
9846012665
9495315931
9947096402
9496779416
9446029694
9562078580
9645801840
9497459544
9544958208
9744225210
9447784567
8943836364
9562727299
8129963630
9400645481
9495970206
9496062110
9995533788
9447811806
9846763368
9747016809
9562313520
9496257872
9947747224
9830732212
8606438141
9526512841
7025078054
9633377444
9744569335
9745811149
9747154322
9447608424
9495955694
8281579945
8606893224
9388253202
9605819238
9946250250
9846450036
9497650942
9447784567
9495990053
9747402056
9497181901
9400258976
9846725286
9446217981
9447369978
9526960082
9961170909
8547643221
9947472375
9847475610
9847974229
9497687194
9544057777
9550713449
8943334901
9447319140
8848559350
9447812207
9746290235
7510220569
9947017011
9400174824
9400757462
9207184025
9400756069
9846385574
9656270737
9895570400
9447784567
9496244914
9495696174
9447913613
9495157797
9496226772
9847327871
9400338308
9847496754
9207077814
9447811575
9895941807
9495466709
9846208510
9744746218
8075400829
9946348527
9496118789
9495947451
9947364580
9745712606
9447048804
9446096122
9961401104
9446058192
9388608712
9447871345
9496120415
9447294313
9446867740
9446549545
9447784567
9539409870
9544983370
8943847102
9847772266
9745006337
9349717774
9895453170
9446932011
9447414589
9446927267
8943503414
9496350369
9497975485
9847221988
9846421513
9567773132
8086142887
9846020263
9447022642
9746365425
9447292262
9447767155
9846732226
9447166118
9562843379
9445213727
9446719235
9847085991
9995846436
9961951551
9447784567
9961817076
9961721749
9961462382
9961254479
9961170517
9947854554
9946218772
9895718593
9895242414
9895177137
9847789406
9847770959
9847645404
9847595646
9847327075
9847068448
9846081222
9747513632
9746798505
9745877321
9744427763
9744427085
9744213378
9744177442
9656933813
8891385534
7907403921
9544652084
9447351600
9995162188
8547922312
9895315435
8078845056
8089792273
9446458698
9961315497
8075758064
9995841628
9447989215
9846199947
9544609145
9895860381
9497287156
9446411315
9846064910
9995237000
9496409329
9446357969
8281536651
9747000170
9746207579
9895651753
9995023446
7736649626
9847227425
8301958776
9446532898
9847000929
9495984997
9947007227
8129200076
9747344333
9446164893
9995375130
9207140905
9847958571
9846012665
9447784567
9947022722
9633004703
9895937572
8891385534
9895237681
7907403921
9995761156
8157991320
9846985777
9447577089
9656064351
9895638070
9605113997
9895559361
8089002255
9895812334
9447249046
9446297919
9446080852
9544652084
8111937700
9895173602
9747572296
9388845387
9061360466
8891030840
9447351600
9048008574
8281166679
9446073329
9447784567
9846655844
9496173722
9840155275
9846433337
9995526934
7559052311
9995162188
8547922312
9633999900
9656378216
9895315435
7012159564
8078845056
8547143897
9037083407
9605693378
8089792273
9605104980
9446025406
9446013535
9446458698
9656031582
9961315497
8075758064
9495408980
9895048895
9995841628
9447989215
9496622816
9847423358
9447784567
9745999525
9562238368
9846199947
9495944537
9645005315
9495714917
9446070819
9544609145
9995717359
9388857975
9495322324
9895949942
9496833434
9656703814
9446414370
9633195744
8089541154
9895860381
9947136023
9446290371
9895090906
9496361296
9497287156
9895005577
9446411315
8848249015
9947259344
9447603384
9846722992
9497189346
9447784567
9847081504
9895169443
8891152503
9947233757
9846064910
9995237000
9496409329
8943948650
9446357969
6282818504
8281536651
9747000170
9061874916
9847436638
9746207579
9446446413
9995891449
9562193768
9895651753
9895492307
9847725904
9995023446
7736649626
9847227425
9388612279
6282881500
9447888954
9656731666
8301958776
7012013572
9447784567
9446532898
9847000929
9495984997
9497219972
9947007227
8129200076
7010124281
9747000170
9747344333
9446164893
8848470579
9846744485
8089563348
9995375130
9446096948
9447913420
9447937539
9447282059
9207140905
9847958571
9846012665
9495315931
9947096402
9496779416
9446029694
9562078580
9645801840
9497459544
9544958208
9744225210
9447784567
8943836364
9562727299
8129963630
9400645481
9495970206
9496062110
9995533788
9447811806
9846763368
9747016809
9562313520
9496257872
9947747224
9830732212
8606438141
9526512841
7025078054
9633377444
9744569335
9745811149
9747154322
9447608424
9495955694
8281579945
8606893224
9388253202
9605819238
9946250250
9846450036
9497650942
9447784567
9495990053
9747402056
9497181901
9400258976
9846725286
9446217981
9447369978
9526960082
9961170909
8547643221
9947472375
9847475610
9847974229
9497687194
9544057777
9550713449
8943334901
9447319140
8848559350
9447812207
9746290235
7510220569
9947017011
9400174824
9400757462
9207184025
9400756069
9846385574
9656270737
9895570400
9447784567
9496244914
9495696174
9447913613
9495157797
9496226772
9847327871
9400338308
9847496754
9207077814
9447811575
9895941807
9495466709
9846208510
9744746218
8075400829
9946348527
9496118789
9495947451
9947364580
9745712606
9447048804
9446096122
9961401104
9446058192
9388608712
9447871345
9496120415
9447294313
9446867740
9446549545
9447784567
9539409870
9544983370
8943847102
9847772266
9745006337
9349717774
9895453170
9446932011
9447414589
9446927267
8943503414
9496350369
9497975485
9847221988
9846421513
9567773132
8086142887
9846020263
9447022642
9746365425
9447292262
9447767155
9846732226
9447166118
9562843379
9445213727
9446719235
9847085991
9995846436
9961951551
9447784567
9961817076
9961721749
9961462382
9961254479
9961170517
9947854554
9946218772
9895718593
9895242414
9895177137
9847789406
9847770959
9847645404
9847595646
9847327075
9847068448
9846081222
9747513632
9746798505
9745877321
9744427763
9744427085
9744213378
9744177442
9656933813
9656563355
9656492984
9605468631
9539569944
9526844281
9447784567
9526844177
9526815483
9496430307
9496418009
9496046438
9447933633
9447871273
9447721661
9447434276
9446742228
9446688123
9446473117
9446217165
9446173384
9400979581
9400979296
9400262765
9387575726
9142629554
9142228150
9072836126
9048844782
9048549722
8943148688
8893648366
8304937964
8281931062
8281139619
8157949843
8113033508
9447784567
8086413571
9961430225
9037518295
9847602477
9446504505
9995520770
9605282706
9605010990
8281133659
9558007596
9446074244
9847766700
9495974620
8136802852
9947892237
8593977444
9443391374
9995312687
9895105300
9847333365
9037424362
9847035433
9496737090
9446868468
9037002003
9497237535
9895016136
9495990230
9495534567
9496303777
9447784567
9744547780
9447048308
9846022042
9747204038
7909231272
9946104480
9249262637
9061069944
8547513246
4844045797
9567097068
8907050500
7358124477
9895006666
9446050263
9496229432
9633197099
9656431997
9847970233
9995399000
8921665189
9846077183
9048713838
9995965686
9539570978
9578291414
9895137938
9946665447
9995624573
9446981034
9447784567
9447138022
9446535975
9447023076
8606736151
9946105170
9995350001
9895874216
9446535975
9895709778
9539151506
9446351134
9846016370
9633885338
8943342245
9201943652
9995893326
9447870251
9847338525
9745206974
9446931303
9539000654
9388844199
8129941144
9946064916
9037223808
9846977707
9895489034
9895011022
9995677363
9526304424
9447784567
8086039174
9061571618
9656658666
9495669595
9447784567
9605954694
9495669595
9495669595
9447784567
9605954694
9495669595
9447784567
9495669595
9447784567
9495669595
9400174824
9656270737
9497975485
9961721749
9961462382
9946218772
9895718593
9744427763
9656933813
9526844177
9526815483
9496046438
9447871273
9446473117
9387575726
9142629554
9072836126
9048549722
8304937964
8281931062
9605010990
9558007596
9847766700
9947892237
9443391374
9496737090
9249262637
8547513246
4844045797
9633197099
9201943652
9526304424
9061571618
9446006629
9846300044
9447334275
4842304836
9388605986
8138901099
9495714419
7293561336
7034032139
9745319115
9633710390
9847180160
9961022282
9895479059
9895760961
8137033582
9497188789
9895433654
9567509792
9526711122
9744957437
9615779743
9446054527
8547973544
9895957420
9847190052
9072792902
8289904623
7718847887
7025339798
8129699555
9447576108
9744662030
9547177600
9846151889
9895721732
9995246091
9947065894
9961742678
9633011186
9447356084
9895759438
9847843990
9400151268
9447546562
8129452188
9446210636
9847114485
9544193682
9447573665
9446134926
9495941661
9846081214
9846278210
9895015436
9895765859
9447784567
9961215340
9447170943
9495876746
9847498287
9847053169
9567927117
9847309664
9961986084
9656256046
9400726530
9446605616
9497793590
9447784567
9447128629
9995261324
9947233853
9544242221
9443149082
9946112460
7306545829
8113899103
7736306667 | 9020127222
8281281234
9605866605
9656878929
9633377530
9895843238
9447053300
9526140936
8281994326
9847083367
9447225215
9358604849
9447647161
8129096845
9037670235
9025089206
9447887252
7012609828
9633813176
8281496552
9349168505
944777886
9846206711
9995442999
9847124851
9895465965
9745009234
9388480217
9562179584
9997376677
8086476148
9847048338
9847446112
9495808276
9995527066
9447817980
9746475051
9847111601
9447790486
9446729254
9496233433
9895041583
9847424345
9446072506
9447664572
9400335180
9895039610
9946341187
9946341187
9447294628
9846820112
9746192323
9847717264
9447476660
9645148595
9995249746
8547617906
9567510000
9961466551
8281269027
8281732352
9048585776
9496123907
9496098530
9497677004
8007541990
8089101977
9531816617
8089600567
9447637330
8800423484
9910395628
9540144685
9869785298
8605426093
8281920312
9611237619
9515457895
9581543106
9850949152
7676972872
9567654676
9447012992
9656005899
9447784567
9961323315
9875368010
9037444060
9447361020
9895399110
949603791
8138906650
9493186587
7403401090
9946358543
9895208488
8547000316
9567878207
9846091154
9846061909
9995989200
9495242220
9447661774
8129163127
8281732467
9895877633
9447871878
9447134820
9061507979
7025111092
9961005360
9048306904
9497246322
8136913054
9946094023
9895765953
9495782021
9495376524
9447147470
9947600864
7025220470
9447097531
9947795037
8593053050
9446577277
9447768153
9847241517
9446533709
9447131949
9447107605
9447380982
9447174945
9249582760
9847474795
9446218137
9447154642
9847522100
9847055513
9495361658
9847941080
9846062559
9846112266
9744100822
9447784567
9048571728
9387585032
7736070036
9895099366
9446717572
9847135759
8547593015
9846344756
9446897091
9847043760
8547821902
9746524060
9946995105
9846079750
8589011512
9447041352
9446856663
9048893268
9495161919
9895258872
8075062723
9447132267
9745529505
9895549553
9947681578
9447218199
9496013096
9495764492
9656430161
9745550630
9447580670
9895845342
9961499502
9895573471
9846581402
9947050400
8075220247
9447474266
9447375769
7025660322
9447379257
9605085058
9744224704
9833378231
9496249114
8129443111
9946397140
9995799651
9495632249
9447874471
9447842958
9446320519
9400852626
9446612159
9446387493
9496277183
9497188284
9446695397
9447465504
9446323274
9446113087
9446840700
9747427680
8281395272
9447213338
9447026536
9446740710
9447208852
9496276097
9645937664
9387412881
9744040329
9446157077
9495519403
9447346583
9400883957
9446687395
9497238294
9447985138
9495948212
9495856476
9846812537
9446494196
9497031082
9447465554
9961222038
9946813855
9400965984
9895031618
9895077162
9048408922
9491248514
9447232615
9446210744
9446127790
9447503200
8606162487
9497130849
9562770698
9497025665
9447001189
9447019750
9447219888
9447190096
9847869807
9645085297
8281137829
9656410300
9605702954
9847250096
9526882476
9947629678
9846580454
9961762684
9847010719
9947917436
8301979931
9526930824
9447115479
9446127180
9747100552
7558869957
9947630259
9947271361
9895165609
9745042850
7356414749
9446720784
9995649565
9656943115
9349277908
9447784154
9495716553
9995474906
9895494496
8547555090
9895816642
9847803358
9072201742
9846010308
9847870326
7034233633
9446218091
9847697838
9645442423
9895175000
9656058150
7034233633
9744909402
9497197890
9605954694
9495669595
9605954694
9447784567
9605954694
9447784567
9447784567
9495669595
9497197890
9633361930
9995685787
9447784567
9495669595
9605954694
9447784567
9605954694
9447784567
9605954694
9447784567
9605954694
9495669595
9447784567
9605954694
9495669595
9447784567
9605954694
9495669595
9447784567
9605954694
9495669595
9447784567
9605954694
9447784567
9495669595
9447784567
9495669595
9605954694
9495669595
9447784567
9605954694
9495669595
9447784567
9605954694
9495669595
9447784567
9605954694
9447784567
9495669595
9605954694
9447784567
9447784567
9605954694
9497197890
9633361930
8281567301
9744745413
9656096828
9495353473
9747323265
9447578716
9847963882
8089112930
9496175438
9961741701
9605497229
9995797202
9995824294
8286567301
9946740445
9495970492
9446485233
9447510144
8606273617
9744784993
9961709480
9447980436
9447668374
9562962877
9495852386
9947703131
9747911071
9447136576
9447821582
9288038831
7559023828
9447828316
9562065907
9846646625
9447828316
9562065907
9496823213
9496435459
9847762161
9447506687
9497686470
9895981241, 9447414556
9895943433, 9895984984
9447396235, 9605027345
9.84714646398468E+019
9961790862
9946442232
9946187299
9946102830
9847982591
9847691922
9747558311
9745999843
9656419991
9605730024
9562732721
9497793740
9496494416
9495841611
9495372589
9495020481
9447981743
9447916705
9447815702
9447762133
9447721982
9447435210
9447378921
9447331300
9447231937
9447200517
9447107434
9447052231
9446931161
9446810258
9446680080
9446606655
9446416346
9446128166
9400897188
9388754215
9387585023
9387585022
9387299153
9349232340
9048650660
8547970136
8547000191
8281618579
8126819620
907226256
9447523195
9497676725
9497884337
9037330623
9995219697
8129172864
9447607544
9495348814
9446397771
9447153041
9656433206
9003726267
9400924005
9495187792
9946000083
9495600245
9496245078
9747020500
9947742479
9946833577
9446404328
9495506875
9446400645
9446348531
9847040125
9384118787
9846899920
9746662026
6238270959
9142548054
9349292223
9745358671
9562609657
8281500273
9895090063
9946538038
9745073353
9446084333
9846903351
9567956387
9495255040
8907658242
9847930909
9846217935
9447576702
9446437487
9847159430
9995359028
9387387886
9846455450
9995448895
9072214636
9037474383
9447784567
9656982141
7025088167
9961305534
8301033239
8652607385
9411178413
9995681314/9746992502
9995185742/9447577893
9995006118/9645918308
9961201983/9400775740
9961154599/9747266179
9947141425/9744961425
9895942488/9895301421
9895774178/9745365955
9895765464/9895086464
9895388778/8593965428
9895378385/8547678385
9895376760/8893740633
9895310271/9400539627
9895088308/8547275180
9847946513/8590574662
9847853684/9656100619
9847706848/9495985648
9847582802/9526237041
9847429255/9497825855
9847377447/9544923504
9846922271/8593936671
9846332259/9747978125
9846276372/8547325572
9846057578/8907932775
9809912366/9526070723
9747864716/9846135144
9745424089/9388908791
9961800342
9895918495
9526851119
9474303005
9447232609
9446891486
9020967531
8156881839
949575231
9995559295, 9847116604
9995136136
9961242429, 9497074941
9947786007, 9495737390
9947460716
9947431522, 9633109357
9946120226
9901955273,                          0484 2538896
9847413029, 9072399568
9847058070, 9847759126
9846674787, 8086388631
9846600112, 9961481894
9846008355
9744546147, 9605678484
9633832658, 9567843743
9605741802, 9847280150
9562573391
9544791124, 9895018238
95446557294
9539994539, 8086480534
9539489690
9526356432
9496043400, 8281439340
9495573663, 9496764663
9495378023, 9895050098
9447295401, 9847087798
9447097739, 7012211266
9447051007
9446352722, 9895772731
9443045400, 8714426026
9388419388, 9037073916
9287563069, 0484 2837957
9142042380, 8547514181
9072747087, 9020165225
9072162355
8943436151, 9048352259
8547332965, 9846634316
8304867363
8129431125, 8129431124
8089165104, 7736113336
8075410296, 9495938153
7591907904, 7591907589
7356644479, 9446387600
7,35,63,50,35,29,84,74,00,000
2625448
0487-2333400, 9562133400
0484-6519939, 9495957054
0484-3255090, 9656424816
0484-3229604, 9567909007
0484-2970439, 9946448499
0484-2750967, 8891797020
0484-2630795, 00971504376825
0484-2630532, 8281612292
0484-2628593, 9961748483
0484-2625518, 9447965759
0484-2623150,
0484-2608996, 9447006422
0484-2608007, 9495960458
0484-2606649, 00973-39864695
0484-2604096, 9744735177
0484-2577036, 9847122583
0484-2576914, 9895040500
0484-2559957
0484-2559736, 9048632070
0484-2558770
0484-2557912, 9946452779
0484-2557508, 9495612611
0484-2556742, 9895934757
0484-2556069, 9947600200
0484-2555477, 9847916667
0484-2550209, 8891343921
0484-2550207, 9744810890
0484-2543462,
0484-2542521, 9846104662
0484-2542347
0484-2541769, 9746130292
0484-2541608, 9895946360
0484-2541125
0484-2514322, 8289808221
0484-2513529, 9746592755
0484-2513074, 9847888483
0484-2442625, 9895239056
0484-2430323
0484-2395256, 9497023290
0484-2342288, 9847681227
0484-2340678, 9447120334
0484-2340188, 9400771515
0484-2270919, 9349160031
0484 2624607, 9656983047
0484 2550899, 00971557658596
0484 2432688, 9895056414
0484 2256082, 9846093660
00971-557625700
9372871865
9618884800
9995869582
9447037023
7012530712
9645928888
9895703077
9544724680
9048886999
8281372137
9447221547
9995498498
9447355535
9446465262
8281369875
9895563527
9466104484
702511522
7907803719
9947742479
94462277661
9446404328
9495336385
9946755146
9645075261
9447544203
9003726267
9400924005
9645083104
9446531742
9495501315
9446080021
7559933700
9947827111
9495679555
8078129198
8606236011
9447784567
8547099613
8656128191
9895175424
9746478944
9037378216
9495716474
9846151519
9995915495
9447019750
9447784567
9846083683
8281884847
8589092170
8075926134
9061146595
9995666180
9895123495
9895192999
9447325362
7025282101
9895189547
9747234342
8157997770
9447011738
9020774835
9496586104
9447175999
8089928019
9176666429
9947208332
9447987495
9744961379
8129900236
9745226442
9388702295
9895348606
9447703677
8592929232
9446607424
9476769245
9611897606
9947472729
8281480685
94477986037
7356177487
9497188514
9646118983
82889966483
9846874162
8304041334
9847448268
73569896514
9526697850
9947593670
9747733428
9847329505
9947311707
9447476869
9447016961
9446510038
9846388818
9496063380
9645505605
9497188596
9074983540
7902357303
9745999824
9496956970
9072301971
9400055836
9847769557
9847547694
9495105245
2255777
0484-2760861
0484-2525625
0484-2762275
0485-2870337
0484-2732334
0484-2685769
0484-2688315
0465-2208336
0484-2732290
0485-227309
0484-6468090
0484-2528009
0484-2730268
0484-2685723
0484-2689507
0484-2680308
0484-2761548
0485-2811586
0484-2680606
0484-2768005
0484-2681231
0484-2057433
0484-2688058
0484-2870811
0484-2657629
0484-2520368
0484-2761134
0484-2593901
0484-2688712
0484-2680634
0484-2760956
0484-2650588
0484-2767184
0484-2688364
0484-2763225
0487-2847009
0485-2272291
0484-2590658
0484-2317181
2832174
0485-2245241
0484-2764204
0484-2760431
0484-2527148
0485-2812335
0485-2207783
0484-2591394
0484-2762248
0484-2767563
0484-2685533
0484-2688419
0484-2681129
0484-2707251
0484-2767508
0484-2650661
2732809
0484-2731011
0484-2594575
0485-2811266
8156880384
8593993130
9847516760
9731866550
9495643259
9447155055
9445045712
9895080812
9349210130
9846701233
8089327833
9846039429
9895185740
9446716051
9349219447
9447459527
9847823793
9847751802
9495201027
9567492926
9497088697
9995239545
8547501788
8281921230
9656434956
9387160999
9605492550
9187286865
8943872249
9633010938
9400915401
9495201027
9895760623
9033575893
9497189049
9496278757
9496753741
9447172873
9048078383
9895168793
9446129012
8075346255
9633158440
9847059979
8086049738
9995431572
8089877293
9847011684
9496430224
9497216008
9495971889
9846291870
9447095591
9605950588
8807617840
9796893388
9446832490
9633559096
9744708600
9504689834
9656710064
9847395502
9847367824
6238348735
9961993342
9961664709
9400524992
9447528386
9895062504
9562480402
9544072401
9447784567
8593021957
9447813151
9446128467
8289887838
7736750095
9496960801
9497369116
4842558423,
9847249225,
4842603085,
4842671989,
8547506811,
9946020325,
4842670115,
9745572943,
4842514388,
7736124772,
8281321661,
9447784567
4842672389,
9895985345,
9747258205,
9846151715,
4842671148,
9496160382,
9495603285,
8089085663,
808964245,
9400843242,
9400820184,
9656254277,
9400843242,
9744709425,
0484-2672102,
9995749967
9605083221
7558885063
9446718307
9846850026
8289937291
9947161503
9496097983
944716811
9946025471
9400549936
9447250943
9447187139
9495257965
9567519995
8547905629
9447784567
9562361187
9446610933
9847593141
8086799241
8299025875
8921360850
9645573655
9567266825
9495429015
9847072633
9946808607
9961849099
9446982926
9495933560
8921256381
8129019222
9847914086
9388605400
9567501377
8606746155
8891111370
8547231828
8281460604
9946057070
8075942048
7736612151
8113804620
9567878910
9605131527
8921477618
9961140006
9846770429
9539076465
9847051553
7293102056, 7290102055
9633066802, 9847063887
8086610739
9746013907
9226844887
9526868896
9497295619
9846454262
8281322475
9400645788
9407933069
9946790664
8547341358
9961901365
9746605196
9847265998
9496312801
9639000657
98950845319
9495917573
9847024585
9961162438
9744722921
8304089372
9895894850
7403593091
9847449120
9847811393
9460504788
9388452461
9605667756
9495790589
9495888692
7593900346
9447784567
7025085713
9995590200
9400645788
9845121296
9495675618
9846940161
9846015225 | 8921431593
9526827851
9961449987
6282765802
8137027941
9847030463 | 7306424468
9746378882
7560896627
9747676459
9070912577
7025236390
6282110535
9744493958
7736528301
9995233085
9745348893
9846534585
8037925739
7593939785, 9496437482
9447200160
9895011006, 9447177118
9562994224
9447055630
9847927597, 9605631817
9446363124
8606137878, 9447177820
9446212140, 2218276
9633035071, 9037903465
9744562836
9496480359, 9745046396
9447790729
9447022684
9387101803, 9961470103
9846283080
9947870608, 9847490608
9447764098
9544621463
9895011550, 7012432880
9846618073, 0484 2215880
9947158054
9746677701
8848455998, 8089150565
8891006918, 995474137
7907812801
9746825037
9895089599, 9895588811
9447233182
9037364100
9388274414
9847744377, 9744174377
9747873282, 9847923632
9895005383, 9745005383
8714117791, 8921346881
9048438437
9496313294
9447856560
9961203668
9947932466
9747255226
9447812424
9288118145
9947483465
9048567432
9707564343
8129861046
9895664094
9809088581
9605700703
9544933563
9961430592
8075505665
9446688396
9447167538
93878875152
9947475518
9497026280
9567590399
9447815540
9539075422
6282250601
9645006435
9249577839
9249577839
9605339125
9995675629
9847238509
9947301548
9747973943
6235352163
9562458289
9495762588
9995981801
9633476649
9747819397
9947761534
9747599867
7558054705
9744121984
9645033988
9400422205
9947814297
9526774388
9048154359
9947670905
7560956626
9605339528
8594094721
9020402044
9605995175
9645756667
8113032794
9847773641
9961254495
8606617865
9846015225 |
9526827851
9495382447
9961449987
9074124848
8089344997
8281444457
9995848099
6282350711
9746493631
9567136735
8137027941
9847030463
9947048316
9497036667
7560896627
9895562641
9747676459
9656802495
9070912577
8547767254
9847181551
7025236390
6282112922
6282110535
9567888804
7560949114
8714977986
9846023940
9744493958
9746195057
7736528301
9447784567
9656686825
9995233085
9061532333
9745348893
9846534585
7356423495
8037925739
9048557252
9847976523
9747434042
0485-2824632
0485-2823404
0485-2862455
0484-2522106
0485-2570239
48452571421
0485-2843352
0485-2823247
2570505
0484-2640283
2812351
0484-2642142
2646484
495518449
0484-2526404
0484-2641303
0484-2641521
0484-2641999
2640572
0484-2641981
2640023
0484-2642022
2641461
2649116
0484-2641733
4842640589
0484-2593359
2521167
2529346
0484-2654193
0484-2656381
0484-2657015
0484-2812068
0484-2526538
0484-2525442
0484-2652258
0484-2657904
0484-2656499
0484-2654539
0484-2654232
0484-2653576
2654206
2592844
0484-2651131
0484-2592518
0484-2523182
0485-2827205
0484-2657652
0484-2642044
0484-2646148
0484-2591261
0484-2591889
2657652
2590877
2528514
0484-2657202
0484-2648686
0484-2644356
0484-2645024
0484-2648721
0484-2645714
2646479
2847306
2645967
2646236
2847455
2648546
0484-2645144
0484-2645877
2649511
0484-2646071
4852843089
4852826262
9961316756, 9847666111
9947870031, 9048564576
9895946589, 9895100265
9895884290, 8891270376
9895686677, 9846221761
9847882229, 9645218691
9847521103, 9847410103
9847271765, 9544130224
9747265741, 9744675454
9747198715, 9747848765
9745955500, 9846163964
9656869943, 9747238415
9645739637, 9539993618
9645277219, 953981770
9645107540, 9605500390
9645090367, 9645029557
9633611007, 9895803451
9562854279, 9544563739
9562804979, 8547076742
9497789470, 9495747820
9495536475, 9605629395
9447608499, 9446995481
9447460363, 9847280821
9446684270, 8547328274
9349314648, 9562193111
9249320945, 8891279003
9142780569, 9142885094
8547909509, 9447650809
7558894154, 9544654154
808911114666
9995858871
9995663240
9995468601
9995430028
9995393026
9995358816
9995228406
9995106224
9995034693
9995019725
9995004326
9961999755
9961991702
9961888018
9961871574
9961849366
9961815480
9961725473
9961724808
9961723292
9961723193
9961619010
9961488414
9961458750
9961394428
9961247469
9961206674
9961188177
9961168866
9961007223
9949258833
9947962615
9947899257
9947898702
9947858360
9947850974
9947849429
9947832716
9947696876
9947660449
9947460177
9947443664
9947415379
9947405566
9947249090
9947187033
9947186388
9947166102
9947099695
9947035561
9946996723
9946661296
9946634763
9946600502
9946430913
9946291911
9946228099
9946086393
9946060269
9946058020
9895981367
9895968981
9895929487
9895819006
9895731309
9895699893
9895691005
9895638536
9895572922
9895548080
9895440770
9895190291
9895183474
9895075541
9895056848
9895030820
9895026943
9847993909
9847934881
9847878174
9847872689
9847800670
9847767413
9847760072
9847749040
9847661736
9847658358
9847622245
9847606100
9847577118
9847575266
9847437357
9847434844
9847343461
9847322969
9847278132
9847274888
9847271094
9847219130
9847053606
9846999883
9846964189
9846905670
9846835098
9846833349
9846691970
9846636671
9846636183
9846625306
9846595615
9846528773
9846507200
9846477112
9846287325
9846189569
9846182824
9846117377
9846114717
9846106990
9846073021
9846026675
9747990808
9747960168
9747870539
9747800629
9747758119
9747705764
9747677438
9747639173
9747429566
9747236146
9747166390
9747158276
9746737401
9746731877
9746686285
9746610990
9745075697
9744909231
9744822057
9744785038
9744649975
9744421756
9744273141
9744051382
9656861945
9656436936
9656251127
9656041149
9645988497
9645957021
9645356874
9633351002
9605597859
9605320093
9605217516
9605150077
9605008874
9567759476
9567707908
9567228773
9562848275
9562638309
9562569945
9562272880
9562068875
9552541816
9544821411
9544583017
9544519278
9544329434
9544071605
9539468827
9539081995
9526512183
9497962447
9497026165
9496564747
9447784567
9495994785
9495879642
9495526818
9495025169
9476525487
9447872362
9447871547
9447321931
9447285954
9446720613
9400901999
9400871465
9388725182
9388631797
9387388092
9387317967
9349917113
9349281329
9349265917
9198990834
9048488218
9048191673
9048039113
9037897273
9037363170
9037159751
8943370218
8943093138
8891203563
8606423790
8593088376
8590433279
8547937037
8547180413
8281902031
8281196336
8157083547
8129739965
8113034235
8089516564
8089187443
8086252764
7558065844
7025587856
9446376697
9488596194
9586949690
8891847114
9745642470
9249417289
9744727723
9539787413
9447651729
6238267632
9778175833
9745357640
971569922901
9847014243
6282279941
9947426868
8075861995
971559942466
8547251714
7907186244
9207381604
0096566933744
00919744514292
9656927612
8281831679
00971507592079
919495559351
8281688736
62357 18771
9544318243
07736374585
9074299639
9188623213
9778495441
7559871580
8075861995
9744932659
9605819172
09074579019
8089318857
8589068099
8589068099
9447380812
09947972940
09447891527
00971529736162
0096566933744
00919744514292
00971507592079
62357 18771
07736374585
9778495441
9746524060
09074579019
9447380812
09947972940
09447891527
7012690039
00971529736162
7510215743
7907777217
8078959717
7907777217
8089521584
9495669595
9447784567
9495669595
9495669595
9447784567
9495669595
9447784567
9495669595
9447784567
9447784567
9495669595
9447784567
9495669595
9447784567
9447784567
9495669595
9447784567
9495669595
9447784567
9495669595
9447784567
9495669595
9447784567
9495669595
9447784567
9495669595
9447784567
9495669595
9447784567
9447784567
9495669595
9495669595
9447784567
9495669595
9447784567
9447784567
9495669595
9447784567
9495669595
9495669595
9447784567
9495669595
9447784567
9447784567
9495669595
9447784567
9495669595
9495669595
9447784567
9495669595
9447784567
9447784567
9495669595
9447784567
9495669595
9447784567
9495669595
9447784567
9447784567
9495669595
9447784567
9495669595
9447784567
9495669595
9447784567
9495669595
9447784567
9495669595
9447784567
9495669595
9447784567
9495669595
9447784567
9495669595
9447784567
9495669595
9447784567
9495669595
9447784567
9495669595
9447784567
9495669595
9447784567
9447784567
