6282249324
8593891046
8921019512
9746626169
8086594367
7994940625
6238236725
9061962004
9961427378
9400166366
9048335337
8129927720
8606559845
7559895502
9526811071
9496823679
8590934126
9447938910
6235664573
8891222991
9567734913
9645622791
9645505445
9947604822
6238495758
9447033156
9916099196
7356126456
9562464994
9447973613
9048019430
9495514331
7907327995
9656928794
9048343099
8075022473
8907376673
9495015092
7025567088
7736749856
9778082714
7907341653
9995795700
8943926152
9745675240
9544793226
9995859625
9946549839
9656861236
9605977256
8281725671
7994859641
9495227076
9847040387
9446031696
8547949573
9895357257
8089601461
9207592310
7510110823
6282928875
7012262899
8618742708
9496576174
8848733568
9778487711
9074570591
8606135558
8848593059
8075235008
9746985664
9605700703
9946554885
8281862547
9072777825
9446079472
9526034673
9847869793
7907613237
9745367049
9446533130
7025292803
9946664421
9446336034
9846341630
9744549196
8606583925
9446196421
8086881591
9249726048
9747386113
8891922466
6282664109
9497728071
9400912277
7012856086
8075709723
9037349682
6238786080
9495247838
9846165662
6238918551
7012850140
9037668409
9388811676
9539605820
7306179953
9447849832
7558921372
9447012728
9495403575
9847176623
9074582706
7902712067
9037470194
9745561668
7306602832
9745774260
7987111128
9447735851
8289954266
9605131510
8891939408
8714194478
9946971178
9605793744
8714936703
8891850914
9605666136
6238021863
8547538593
9526990659
9605788271
8301069802
6282824507
7561042319
9207973979
8547799373
9388849390
9447027610
9501229262
9446087321
9048699862
8921625165
9895456130
9633243968
7592804161
8089128367
9074450842
7025265030
9895546163
9747202866
8848873037
9539074127
9288808458
8075691937
9895348260
7025648049
7994814436
8139028997
8086119386
8714142860
8943642838
9846279065
8547106298
9446876601
8590474308
8943939236
9074028946
9400827321
9895792266
9847392276
6238130153
8714345043
9074298231
7907140452
9447692311
7994772341
8547544999
9188541314
9539015155
8606862972
8302768401
9723637177
9846013845
9744206089
7306683947
9633125201
8129248692
8547309658
8281925140
9447962759
9400151306
9895163430
9526232793
6282640117
8281417440
8891303217
9526784380
9048000599
8907782839
9074046852
9495159309
8289874981
9539936932
8281509552
8606624824
7907746708
7034083770
6282925620
9037266743
9605790032
8848037839
9846099031
9847053886
8590435535
7907806583
6235030880
8078172268
9446868418
9446867107
9446947298
9400529582
9567708331
9562713393
9074621113
8089832755
9447032470
9446205121
7907019401
8891462206
9746911208
8086412768
7306923398
9961788120
9778372114
9746515032
7559841472
8592956776
7736866798
9961624940
9400533869
9544505980
9995606553
9539174342
8714127772
9895741057
7736490478
8139895993
8129438730
9946380441
9495278395
9946751762
7736611083
8129358659
9495129696
9778434854
7902264283
8301014833
8714389258
9496157080
8075787369
8848892367
8893808001
7012460200
9048605680
9446559973
7994812871
9995329935
8129364519
8590396232
8848833163
7907364159
9605022959
7994691147
9496077282
9605699674
9446140289
9744132706
7356436191
8113070363
8921899605
8301893769
8086967089
9745054896
7907038114
9995416931
8606697745
7994459360
9526356065
7558971980
9995134979
9400636921
9995512153
8848996693
9847633854
9446627725
8078796858
9400315014
9961316480
9847329802
8078764571
9446133824
9605856655
7736426930
9447780292
9895501841
9995903600
9188643952
9747642069
9400535944
9744224506
9496588241
8089427677
9074256754
9947898767
9188414198
8089143379
7356991977
9544194344
9526937349
8921875071
7012744128
9544891416
6282455199
9847135015
9526582536
8921398025
6238821770
9605200491
9400816205
9447849229
9074208103
8893949598
9495715094
9074366354
9447040182
8891455737
9745682182
9947314060
9961140315
9048149419
8590667253
9846520986
7907640795
8921461922
8304923273
9037018109
9495865592
8848880654
9526481765
9745453854
8714140527
9744533288
9188195585
8590864052
9061261546
8590515501
9061282181
9539432113
6238708447
9447307478
6238022992
7994110925
8086058014
8848610729
7012774640
7510621565
9497250120
9037002850
9544184248
8129208565
8281765356
8281271292
9946421335
9447136659
9074668381
9778006372
9947227955
8848665011
6238245573
8089536097
8590442854
9048988845
9633620508
9995666399
9995442666
8891508831
8139827807
9496335964
9544353596
6235164104
9633864244
7907777829
9567816864
9846671817
9446568268
7560868240
9497687194
9207423392
9747397638
9995782930
9495020091
7736220725
