
9495763060
8078112601
7025593061
8289887766
9447230574
9447857650
97455045684
7736309758
9388506767
9747330195
8590087973
9539883348
8590908643
8075136249
9745091679
9656870542
8075286949
9497247695
8129418943
9496288689
8113874586
8089125520
9495669595
9446362525
9495920323
9947734804
9447689598
9947725134
9496238285
8714275165
7306916007
8943952300
6282500819
7736511282
7034388822
9495026173
7092704221
8136852902
9947882708
9947799840
9447471368
6282157933
7510700472
9495961203
9847722354
7736018650
8547981500
8590562060
9993875874
9495162762
9446216688
7736617042
9497837340
9495669595
9447028671
9074875232
8078379166
9400024022
8111970710
9645825885
9496216187
9567068144
9778247257
9633485168
9526950945
8310291972
9447515238
6282944063
9188567274
9446721706
9995865885
9495802706
9446058336
9747475748
7356155633
9496741968
9539584791
9388817662
8075358588
9495142937
8075280579
6238556774
9995629325
9447856817
9495669595
9946568620
9447060403
9746864497
8281803385
7012336421
9847193972
9995908053
8590795498
9895259125
9846857099
9847419236
9703191978
8943447965
9645996947
8848523330
9686448911
9884073425
9544833988
8547912928
9400436119
9447215729
9746307980
9947312000
8089953585
9447334586
9446166956
8075480412
9446010567
9744714187
9605050025
9495669595
9846283477
9495087013
9447620503
8891616099
8688956186
9605314242
8138802228
9188566728
8113857736
9567712450
9847469000
9744030590
9447411529
9497280315
9567437601
9961416033
9074043928
9895614598
9387847881
9496849383
7902398114
9446142347
7012239293
8921018958
8547605437
9847347326
9074915284
6282712113
9567313060
9895231946
9495669595
8547155868
8281700064
8714318941
9778022586
97339228918
9656994777
9947018111
9074278267
9744107075
9846842333
9495609264
9074524083
9562887004
9037406119
6235228838
6235401737
9495722539
9946554870
8943962271
9605095858
9746937640
9645789985
8129355082
8113885491
7356779235
7994412223
7012430720
9388741481
8891168668
9495736377
9495669595
8129200711
9447291876
9361557733
7306749927
7306109407
9446905904
8590032641
9446028792
9447375041
9567187044
9446948154
9048457008
8281207798
9447418595
8590329631
9847055994
9497800884
9447061340
8848338208
8590906090
8089560849
9048089060
9400340733
7593049324
8606656412
8891590146
9778313741
9446303096
8848723452
8111919302
9495669595
9387385848
7510882004
9442067855
9886123789
9539316752
7909294311
7012832196
9447120653
9790724058
9447059022
9037171018
7510278026
9496064079
9562287970
9745777242
6235048798
9400455066
9605680949
9447903711
9495525123
7558858238
9995891136
9061360207
9495849660
8157820557
9447875240
7994287803
97152703323
9388091915
6235791929
9495669595
9400712899
6238179954
8425964647
9846143463
971505538328
8088620259
9447608490
9496751352
6282359312
9778111247
9746255190
9037365499
6282162175
8848493357
9778772587
9408917385
9562477700
8078837980
9447928028
7025766848
9946658650
6238968682
8714816627
7356991280
6235802035
9946914836
9496591896
9447256005
7012204144
8129674186
9495669595
9567698239
7012510767
8547068723
8547332990
9745824875
7907887593
9947674004
9400767013
9400343648
8157984918
9961732984
8848537632
8589978940
9074518126
8089252508
9495440583
9447790790
9447180176
9847364676
9495435367
9744072784
9400187226
9495196712
7593996513
8590475936
9447322410
8129569734
8547087804
9847193086
9847055626
9495669595
6235907314
8089567457
9895210524
9567000003
9446010427
9496447051
9496704988
9447325453
9447833470
9846081954
9496432100
9446479575
7907325287
8943012839
9446536181
8547552972
9562004743
6235384250
9746988935
9496332211
6238488724
7025158018
8075584570
9495433745
9447189248
9544900414
9447823654
8547485645
9633084046
9207624075
9495669595
6282489324
9567516680
9562354239
9074534681
9447064016
9746176016
9446374644
6238006358
9746145185
7907711728
9961532720
9496177204
8113037790
8075312342
8921841996
8590230408
8606112212
8592041214
9072052163
8078048832
6369646653
9816420400
8989273513
9390161149
7994237065
9072002025
9846397970
9037706051
9539440911
9633230777
9495669595
7358188095
9188228299
8129138417
9841007765
8921336293
9526818859
9995436298
9495012554
7902871827
9037805791
9539532530
9447353717
7902903587
9447910459
7594825195
9447349529
9496864124
6282663201
8075605169
6282380298
8129867217
8075396213
8592920111
8156980264
8848687119
9495871440
9446402310
8137809771
7012462023
9895849345
9495669595
7736823348
9947787258
9061980602
9388615200
8921778554
9446760280
8089543815
9400869811
7012943209
9895924958
9995330483
9447844192
8281460095
7994342878
9544983897
9809259161
9447149598
9562954096
9447646810
9778483824
8590794423
9037380096
9447496185
9656399760
9447583771
9446488777
8590513590
9744686912
9633651917
7012281670
9495669595
9846056731
8281161604
8138975628
7994395812
8157093100
8714050016
9447011041
9446207266
8446632599
8547338056
9495486300
9961324473
9778345197
8089901697
8848463851
9446512499
9633488489
9447213016
9544679302
9894764003
9746048488
8086648560
7356805147
9446888325
6282216279
8078836325
9188032537
9633458435
9778212560
9495537658
9495669595
9995013091
9072143957
7012414697
6282531423
9778196299
8547854149
8089118330
9995832904
9744823238
7561027254
7736313740
9562292557
9605129348
9544576154
8547629817
7702548420
9961509367
8848264861
9447241162
9895022952
8848137390
9633119643
9746881197
9037277518
9400960476
9605434969
9747707573
7736631848
8921648391
8903294152
9495669595
7094236681
9188047360
9645317091
8330892219
9526805833
9188581613
9447057461
9744369839
9447187127
7012801930
9496445235
9048379335
9567219044
7356556087
9207042492
9400723201
8838829123
9965170922
9495627580
9074899762
8547394326
9585936375
8593036337
9497783643
9495486785
8921428114
7356210865
9846833799
9447057667
9188452586
9495669595
8078088146
7736286312
9961440138
7907047218
9526518440
9500477472
7907716324
8547015265
8592945211
9846997470
8921395861
9605972369
9995267896
7025492581
9544448710
9961986190
9846324435
9744033998
9995906540
9400503730
7736261901
8921794459
9061282666
8943047640
9645506957
9446020422
9037486698
8921490952
9847809902
9392885127
9495669595
9496193336
9495595174
8281436344
9074614103
8129772693
9446563201
8943397562
8921606316
9496070025
8086774849
9447337945
9544965640
9447496482
8590566564
8301898433
971504265336
8078857375
9847524563
9845961899
8714903350
9496208941
9526868111
8921324576
9188396609
9446038474
966502236067
9961083916
7907450071
9188323796
971505968571
9495669595
9497667543
8590438356
9605782255
9526881721
9495429981
8547821616
9744208330
9446495923
7592939432
9995988377
9562681637
9995818064
6238720324
8301873655
8921369336
8848170134
8589809157
9633973439
8086361065
7736192047
7907732914
9495341433
9895064453
9605972665
9495428347
9846333515
9961845506
8075336063
8089050501
8078495038
9495669595
9846688636
9495489849
7306394341
8086618772
8714718741
9446276859
8590819920
9645469847
9847523383
9495108277
9778586181
9495397188
9074364563
9446065994
9446010375
9744960011
9746138783
8921785806
9995007559
9146134766
8848421670
7994669320
9656834656
8089295563
8590443574
8086488923
9846898609
9446464577
8129340276
7902721373
9495669595
7994202849
8921766240
9048550702
7558890837
9946427969
8056034792
9495071737
6238092493
9605733636
9946125450
9633412778
9495831376
6238156301
9995876625
9446332251
9947996688
9447824227
8590419936
9249307801
6235700924
9048847658
9947722566
9656216487
8129340276
9717705722
9037142271
8590168102
7025520645
8547931039
8078907618
9495669595
7306572349
8547728195
8075754661
9497683156
9447892771
9400751760
9745109592
9447806736
7510625003
9995704719
8075829563
8590449743
8075595044
8606699627
8089553967
8606434504
9526413823
9567350178
9074529539
8921672429
9400239428
9633997473
9847634337
6238756459
9544211324
9207030228
9833918098
9778108766
8848090594
9061570873
9495669595
7907124930
8943659700
9787932932
9495645466
9188056250
9447144937
8304948236
7907671649
9400444792
9497625097
7994443132
9747042432
9447216273
8590131797
6235447632
8547541407
7736493363
9744995129
8921918459
7560889879
8590917902
7558905299
9947942181
9354182503
7025294893
9446032409
9447545063
9446420641
9567124663
9744454612
9495669595
9447130818
8921279455
9961334400
9495370954
8590185943
9495093236
9003224506
8304913936
9633835354
8921747167
8547663562
9496036593
6282021634
9495396010
7591900324
9567441195
9496816342
9846517691
9446454075
9447600192
9847435253
9947090123
9686030300
9447133835
7306342813
8547097679
9800037007
6238582542
9846024272
8921404431
9495669595
8281169320
9745989987
8281500706
7356710147
7306656536
9656221371
9567638384
9544744673
9946325634
9995386285
7510150584
9447248964
9599617596
9526611577
8281596034
6282205266
8156855877
9633889441
9447306617
9447505948
9847058022
8589053184
9495863149
9400221344
8086405760
8075657257
9446913033
8606826843
9446078900
9443595317
9495669595
9986248640
9946943281
9446256823
9562513145
7306013550
9895396881
9496816840
9446505071
9349500139
9947115243
8891336659
9447517280
9495913246
9447986412
9446504396
9446547725
9745339368
8547612535
9497093349
8547567120
8547885801
8714131922
9384897649
9847350558
564726481
8594028005
7994806944
8078580755
9946447516
9497707964
9495669595
9778236460
8547416472
6238339534
9544563039
9446982320
9995889548
9633198992
9446705700
9746523709
8590667321
7994628576
9995585803
7306617779
7736995187
8289975143
9847400334
8281142256
8590899103
6282569275
8590462287
97339550786
9846581466
9496204861
9847968090
7510276390
8590980718
9746708527
9496162327
7510668556
8089514375
9495669595
9847092132
9946645695
9847188813
9847658146
8891590128
9447902414
9947470470
8593975004
9745207775
9895597428
8714402091
9778499600
9747485388
8330891592
9633050168
8547047488
9400966634
7736205701
8089708504
8891200454
9847855239
7034290285
9567774033
9061551690
8086952649
9745478647
9633306063
9961393908
9605714412
7736465144
9495669595
9502254813
8590087957
8714476861
7012931678
9633232535
8086911403
9916515614
9495940838
9947655192
9388020200
8157802600
9846995000
8301889465
9526500336
8075088437
7907860525
9447016924
9995119640
8075121489
8129211804
9567579523
9961555000
9778539313
8714226212
9745603435
8129212815
9400045189
9846135271
7356388079
7708007609
9495669595
7994891324
8590362290
9446535552
9656536874
9496491396
8891959046
8304807066
7902387945
9947947822
7736334680
966545721435
6238957913
7306684363
8590880418
9497834643
8838942868
9188782100
8848805618
8113940876
9745652566
8848514150
9495556224
9188242161
971508266697
9895451192
563507633
9847170555
8590759636
9037602317
9846562685
9495669595
8907607277
9567876883
9946714842
9567898589
6238492304
9656133764
8714349823
9895401344
8129044243
8078786230
7736705291
9847776619
7306925516
8157818257
9037306341
9745595166
9037970007
9074743936
7736835116
7736685488
7907577386
9847990360
7356219689
9895968227
9061799922
9446764205
7012772428
9645127146
8136864020
8157888297
9495669595
9946972089
9037517988
9188084385
7034722222
9946958888
9946560572
8138054663
9074561936
6235836624
8304020124
9495986373
7902276910
9072922314
9778543013
9847860560
9778221459
7907736112
7356446220
9895823429
9188452232
9497024784
9778722431
9645366996
7510667700
9446655026
7907603482
9447178222
9207350021
7306669895
7559925048
9495669595
7559871240
9074174861
9048762279
9633952933
9074384486
9447399536
9497433954
9895062426
9846469051
9605396119
8089814271
7559970996
9633497908
7025047689
9048626237
9526062100
7558843664
9847489533
7558803070
9745599760
9847090365
7736575584
8138832344
9947946369
8606241544
9539888888
9747150033
9744042222
8848871564
6235420085
9495669595
9995767096
8943092671
7907672501
9847813244
9895109028
7736930212
8590798631
7594035148
9995901902
9895075513
6238193341
8086664000
9995037040
6238836985
8157871552
8714347275
9633187038
9746142830
8606572515
919895217072
9388118181
9496679825
971502169316
8139093669
9072789183
6238753838
7025624024
9539117036
9048681962
7356128113
9495669595
9847701979
7306839957
7909102031
8848259401
97430348500
8589868562
9496073293
9526597042
7025297804
9495147517
7306093072
8590664676
9747678234
9747890687
8113073207
7510591474
7012055895
7034269134
8590689831
9496128750
7356407312
9048818882
8606383725
9656294264
9061602642
8714576644
9747837474
9744403987
9562689681
8590779999
9495669595
9995548788
8089921410
8891314453
9995148837
8590959104
9745018935
7736480766
9605533205
9526568915
7012767350
9995904402
9895350674
7736329234
8138095954
9895757691
8590573793
7994957619
9544449049
9778732033
9745933370
9605068533
9400288882
9400931323
9497448798
8547731046
9778111309
9495779196
8891794879
9745664555
9400982188
9495669595
6282279917
9656815953
9947086330
8281334900
6282836701
9947930208
7012134574
9207217393
7994074044
9900735353
9446889285
8281152828
6235517252
9349270333
6238363342
9895680468
9946709779
8281685083
9995936278
9400695103
9400951215
8075062648
9995535327
9747290276
8590829387
9526295130
9074717709
9747912794
7559096944
7592887426
9495669595
6238081845
9961625878
7356058656
7356245501
8714438852
9947378199
9961290253
7558063787
9061491409
7736281549
9778391642
7293419491
9495275249
9645535536
6235756173
7592954735
9061288681
8157890746
7012711992
8086472907
9790123376
8157972445
7902837822
9446466570
9539110848
9074688028
9745051298
9562025732
9497666046
8078830836
9495669595
8281634350
8606081442
7510113175
7356846528
9747976940
9895905217
9747346882
9495929059
9446386889
9539475430
9778021829
7025187360
8848153399
9567131626
7034668822
7356463860
9496496998
9207983838
9847497069
8089834808
6282307080
7025364327
9946761140
9400384719
8156839816
9745143666
9778116321
9048911795
7025077468
9747110099
9495669595
7558866374
7025502203
9061658821
7511108384
7994650261
9495152007
9656040345
9995655321
9061055291
8281237432
9567800654
7025267853
9061358360
9895689287
6238018383
8590629282
8157930619
6235587736
8547189703
7736915939
9895523970
8086987416
9400494626
9567639000
8078045793
9037160307
9745009133
8137959858
9961184144
9645575617
9495669595
9745172742
9605158807
9567766021
8590347228
9746337747
9400577947
8078176217
7034780843
6282460824
9846239160
8590656797
9745593818
9072348295
9846943232
9778131109
9995080823
8089758014
7994586695
9072387277
9446955635
9539671145
9846762927
9747252811
9400477910
9847270660
8075912604
7356472646
8590781223
9567966882
7736604748
9495669595
9895138679
7356180126
7012957958
8606200115
8078597407
6238998110
9061278063
8589028000
9847509041
8590177648
8078508821
7736960390
8089793770
9746767606
9745244411
9497416305
8075234173
7994222411
9995044483
9544288183
7902985019
8086817640
8592901827
9048395892
9496902022
7592083411
8157953781
9961262610
8547469039
9645999199
9495669595
8075908071
9037520359
7306469703
8943521692
9847429945
9495429931
9961424164
7591967679
9605384308
9539699390
8594083589
8714984101
7306616336
6282532086
8848925648
8095343969
7592870678
8547187493
9562808135
7558823879
9809828788
9633620130
6282580867
9539923037
7560930150
9656843476
9745298314
8075546440
9744534617
9495925810
9495669595
9496292310
9061869355
7034010809
8848917133
9074260350
9745673186
8075427678
918089732815
9847627574
7909117475
9778002061
8304848511
9605703542
8590078969
9445587666
7306953230
6238548897
9447247014
9947981669
9846960770
9645480393
7902247743
7034776789
6282355710
9207555578
9947511865
7994311152
9745440003
9048900075
9497556555
9495669595
9633339786
9539670238
8590071277
8089780714
9544400785
8078481179
7034945890
8129082992
8129976146
9778220329
8075028610
9963911140
9447663729
9072050724
9995798017
9746517497
8547861937
9809887398
9446246996
9645809465
9847256487
7736003200
9496755445
9567531679
9633968711
9446191724
8592037742
503165187
9539064390
9673860877
9495669595
9539008950
9605152493
9526324543
9495757404
9061173688
6235934661
9495881661
8848031914
9562764076
7012212875
9562405640
9961884840
9946502797
9447646379
8547851660
7306326236
9895623615
9480740236
9387010500
6238620978
9037788992
7907136996
97333341221
9562251973
9847060419
9526449470
8281554925
8590776933
8139007160
9846817666
9495669595
6282650277
9447736365
9207393748
9446590969
9497305655
9961366004
9745604985
8089874811
9497616214
8129129666
7994878141
7907392155
9447890569
8921226494
8714709100
7356246521
9072591361
9744144975
9037240971
9400051621
9995449117
9895856685
9895360372
6238972833
7994225123
8281885528
9778056434
8156893154
9846623946
9446964855
9495669595
8606697227
7909294221
8848082012
9447153807
9562502859
9496250320
7994180308
8075839728
8547760039
971508069410
9544918811
7306922766
8547277593
9847092511
7306715761
7356145764
9061359149
8075198667
9188824458
7306823174
9895681670
9567624090
8078175245
9061656755
9961214791
9188381933
9846963220
9207622475
9846223168
8848622756
9495669595
9895222159
9847444628
9778389893
9744085174
9846200997
9747588703
8848000659
9497289891
9495293205
9539703449
6282724739
9447766604
9744802659
8589990184
9947142935
8129423206
9496204916
7012779633
9074660117
8281942160
9447328203
9497783115
9048969850
8590833698
6267568797
9995030452
9847256521
9383469150
9656828606
9656832308
9495669595
9446837236
8606781318
9656883080
8089007546
9188324899
9947424111
7907566246
9895018010
9496969237
9544567195
9809558008
8281951732
8547007553
9446317552
7560810278
7736546972
9746599459
8848235293
9562677802
9400414832
8891122311
9633364303
8590698790
8921797753
7994491481
9447367694
9562200552
9947338866
7306440050
7736295955
9495669595
8547118725
9946035829
9446117816
6238604223
9526403465
9072878871
9995458995
9447419330
9037063202
9567795628
9048795887
9496103137
8111805500
9633607317
8113869118
9995089363
9745121100
6282118014
8618005119
8129298107
7012251660
9400743397
9496152442
9567765215
9400157209
9562682282
8136997584
9447038300
9778755163
6282311635
9495669595
7306788989
8086896230
8590801554
9061776337
9847106007
7907566272
9496096018
9447400369
9447223442
9072827983
9947883698
9061430388
9747651312
8606004444
7592930402
7736638684
7356791231
7306867544
8139836560
9072275000
9562637650
8281285923
9447035144
8943366280
9995358569
9567224295
555774261
7994545302
8129415180
7736683002
9495669595
7559922985
9496902434
7012570366
96569643803
8589864231
7558005689
9446497078
9061651085
8891976843
7994471915
9400405940
9496670621
9400150755
9961635635
8075836741
9446754770
7356112244
9947306838
9847505852
9846462811
9495751290
9895176107
9778386493
9645859240
8089183848
9447560716
9188599640
9447907765
9544003635
9400837543
9495669595
9895791395
9567143988
9947798682
9447304230
9446573117
9895884711
7034767656
9900128447
9562030978
9061114751
9496175577
9061194111
7829888576
9446336491
8590267744
9562382363
9037091003
9995137396
8547225639
8943614753
9074207018
9074542379
9717832386
9846851957
6282462892
9847895474
9447006745
7306680070
9496270175
7012125874
9495669595
9137575047
9446876775
9188221098
7560854090
9497606007
8943390390
8943305011
9446501230
8921866071
7559952371
9400377496
9447171496
9447445056
9567598490
9072058552
9497059419
9188300575
8089318909
6282057649
6238384530
9074398429
9633224915
9562056099
8078170754
9846344104
9645025968
8547499296
9886138514
8589941404
9166586916
9495669595
8136820371
9961414572
9645314477
8590948862
96896349071
9544456513
9746347425
9446294609
7034995798
7034752696
8606547744
9447028640
9447481695
8590666923
9447514609
7902660871
9946903382
8113921898
8547350808
9496617958
9446096092
9847278016
9656899485
6282365719
9497135523
9497647863
9400750739
9567645136
9861566592
8075783135
9495669595
9895474042
8078815582
9496221469
9388887780
9495302212
9447506562
9447219748
9526802837
9847516616
9544820806
9847908031
7902480325
9995192753
9496326141
9645546455
8590373670
9496402767
9895699540
9544233455
8289916595
7736471721
96898852838
8129941065
8089120642
9446465050
8129592997
9497641447
9447557768
7025421320
9895072145
9495669595
9746852231
9995377437
9323848307
7012542122
9656693050
9895705749
9645084401
8921904808
9400076482
9446052189
9946148677
9947241835
6238378118
8921305090
508523024
8547296324
9633416734
9037950650
9446159900
9567643727
8943570615
6282347599
9447355605
9447327002
7034760474
9745814485
7879599801
7025211581
9495204190
9846929548
9495669595
9446565331
9902011843
8606937146
9895871306
9650603666
7012916398
9495524095
8075427975
8921372123
8086677886
96566789357
9495725153
9747703877
9497295097
8156828739
9746112699
8138042561
9400512633
9495177972
9188849023
7902936776
9744872468
9061914099
9446265025
9446144231
9497349716
9446110100
9446244326
6282975722
8078963086
9495669595
9447526208
8129415103
7306827029
9562078197
6235744304
9567276563
9947122187
9446894676
9072290563
6282500918
9895679114
9496710230
9400442112
8606166660
9645158163
9895054854
9446766560
9495575698
7902671470
8593872874
7012738323
9447453412
9072165611
9946448052
9207479474
9847386082
9645538084
9744424114
9446136613
9995476641
9495669595
9946499555
7306791072
9495492330
9778483095
9539130671
9446347018
8921858073
8078901367
8848440891
9567451199
9895970107
8075615269
8592997315
8129412156
8590503262
9895878689
8891401700
9447103911
8848762389
7594843855
9496225198
8606275011
8590398793
7994252319
7510384318
9847093725
8075962883
9895016766
9447570871
9061723154
9495669595
8089989421
7025113622
8848649387
8075155309
9496229805
8301072606
7025534815
8281824553
9074622682
8593823062
9656098358
7025345505
9778361012
7510920759
9961667138
8129600319
8714837433
9447862736
6282666915
96566785038
9446583898
9061984282
9496866158
9645634402
8891829361
9496725767
8590814057
9846731988
8089234913
9745006897
9495669595
9495791729
9567655760
9496132891
9446294369
8089890523
9496283439
9446555915
8113900493
9567541699
8078544323
9496260298
9446588652
8848599519
8281713808
8943386771
7025775237
9562366655
9847098796
8921753750
7510570434
9447500486
9995312371
9847599177
8547746783
8590782925
9778593248
8301827155
9846029246
8301944057
97466542087
9495669595
971507534592
9446204986
8330037977
9447138494
8590518565
7012238199
9496322647
9188360226
9446467005
9495727889
9961755751
9446592202
7907098503
9995253458
9400493153
9447457115
9447779503
7012878926
9495711917
8592847788
9495319973
8113034892
9400700160