9495669595
9495905749
8848638606
9745087380
9447493339
9633488489
9539719719
9496642736
9946381427
8547122151
7012969198
7012522301
7907189294
8075291127
8590567636
8289884790
8891652930
9947263649
8714115867
9847412254
9447427236
7736319456
8075388738
9037240648
6238459298
8129423215
8347937393
6282766902
8547900420
9400566362
9447830129
9495669595
9495669595
9947623757
9947925386
8848233785
8848965723
9188583760
7356502649
7560851620
7559075300
9447072489
8089642308
8891406885
9037146092
7736701414
6282617510
9747210502
7736665846
9745545327
8138994325
9207681104
9447384217
9497757059
8301072801
9567417418
9946444680
9961692911
8590425390
6238491069
9048004039
7306053493
9495669595
8590898970
9495669595
9744652763
9747546095
6282348973
9567470822
9633160890
7593950385
9443081636
9778256051
8848687209
9961443246
8848688819
9446025098
9061055290
7356073218
9447136903
9400543791
7306330069
9496890926
9961600547
9495056363
8129696504
9446389041
6282294072
8921306691
9769143253
9846946271
9447539908
9400705371
9495669595
8714990844
9061423526
9495669595
8111935218
9744148333
9961072397
9400059579
9447328229
9446082549
9495015931
9961043499
9489625948
8891609425
9447495778
9778351491
9400299053
8156802805
9072819896
8714319693
9447124847
8590651503
9847955550
9495067230
9562501209
9544766883
9497643344
9947721125
9947728509
9447022855
9847716177
9495669595
9387178170
8129120400
9447226820
9495669595
7561817573
8848619041
9072886886
8891169522
9947865520
9847054363
9074136303
9947200692
9496118037
9605930038
9946629072
9497653273
9847357259
8606733102
8281670974
8987614468
8848380073
6238690307
9487813038
9048593443
9747003332
9747397305
7736764570
8921933140
8921109029
8304845295
9495669595
9388467893
9497447684
8589887578
9447925384
9495669595
9847842282
9400272535
8590062692
8075759787
6282337148
8606611513
8606805975
9400613758
9633483141
8714517318
8848267064
7550172920
8075044604
9446522515
8714260146
9746174325
9387225607
9633494447
9562481587
9447210360
9995181664
9496970848
9539420000
9744478251
8281748499
9495669595
7025347680
7736094784
9847645970
9488369783
9497484774
9495669595
7356406555
9037690890
8089108392
9544104556
7306420852
9778705441
8086262017
9496393649
9207807451
9497289137
9947016661
9349395049
9995367729
9778398716
9061110449
8547364553
7907336390
8547312752
9447108856
9400219854
9972739860
6282513642
8921891977
9496886570
9495669595
9873444836
9400144998
9447568644
9400127398
9447606625
9447182870
9495669595
9847280448
9446923205
8891619007
8281447099
9447165460
9995500015
7306714370
9744009977
9447397030
8606504164
9447080293
8714279437
9605614556
7025262810
8921847621
7012213010
9747741199
9447676321
7558820243
9061352571
9995587878
7736772714
7736861435
9495669595
9946571639
9847694891
9447592095
9747388503
9633439946
8113996554
8129692840
9495669595
9498335206
9447676916
8281688847
9497279756
9744732942
9072553025
9496980230
9847099919
9495954916
9495954916
8129597742
9497016305
8606440257
9446732130
9447508756
9895562752
9037004566
919946511888
9037456786
9895439003
9961603648
9778360044
9495669595
8943667181
9496364322
6235434969
9446552992
9447238364
9447245796
966566858500
9446506206
9495669595
9846205475
9497332022
9400052227
9497636947
9947449986
8848159536
8113011739
8078980900
7736179021
6238495871
8075389191
6282263418
8089449432
7736862833
9400990233
9188587680
9048782332
9745200889
7012948375
9747501764
7994186280
9495669595
7012705946
8848773300
9496164840
9496690635
8943290765
8921735612
8590206665
9847991803
9895524656
9495669595
9188612533
9447481971
9443455133
9497704503
9497716815
6282440799
9446460811
8943313868
8590744781
8304007340
7994539919
9061261952
8592024610
9847052892
8078440428
9400423322
9345350561
7306424950
7510644064
6238040432
9495669595
9937478899
8848979362
8086644430
9074341640
9072332071
7306844520
8590581399
9497169227
8078526482
9645748272
9495669595
7736239732
9447205324
8301069190
8590190621
6235636467
9048823824
9446568611
9447276776
9895081666
9995664918
7012125765
9446991683
6238381419
9188368285
9946621664
9526990985
9744817730
8075303376
9497680479
9495669595
9447053671
6282886787
9495862317
9061714410
9447503759
9539041484
9447764775
8547869876
9400636746
8078149604
7736368743
9495669595
9895023253
9847152403
6282798243
9895225735
9188645150
8129545346
7994158273
9544161541
9496429183
9020446331
7382451279
9995793659
9961845154
9605196499
9995420619
8710897777
9656830129
9947395077
9495669595
9446118185
9656913863
8547275062
9747831523
7558826993
8606008882
8590943733
9995917888
9778197307
8075182207
8590311274
9961753250
9495669595
9846977472
9400035317
9188445810
9446708063
9496276082
8330815916
9645708859
8606595327
8156808026
9497167547
9495603512
9496043766
9061001611
8714001656
9895867161
9061428876
7510707327
9495669595
9656215090
9846086522
6235310821
9567068751
9747000097
9901730016
9847755176
9961023591
9895110622
9946766407
9447452888
7560938371
9778343425
9495669595
9496493496
9605186579
8714478447
8138986863
9847861566
7034672688
9567876883
9074244915
9747692552
7902921322
8590686025
9037019302
8113954055
6282464401
8304943989
8921544211
9495669595
9400513848
9633498603
7511124522
8075737650
9645053893
9447227007
9446682661
8129254843
8921550183
9747427561
9496085615
9188364605
6282947531
8891728481
9495669595
9495166735
9447493634
9446839920
9778742196
9497635848
7561044460
7994272631
9539942128
6238974535
8848998874
9947991088
9495078414
8606198668
9495812155
8714141486
9495669595
7736581262
9496216603
8943535316
9567965253
9544939978
9847036646
9446675697
9495789326
8594040608
8594066567
9847616902
9846810000
9108754088
8304942478
6238636516
9495669595
8089419216
9496214081
8075729996
7736428540
8590616093
8129964947
7025358366
9497490210
7593914505
9495207917
7994195438
9496272251
9539629306
9567564459
9495669595
8848986525
7907636715
8078227180
9446316316
8075756592
9207441787
9048061550
8778528121
7306778946
9037901334
9567226601
9744485592
8089286491
7736071254
9605470067
9447275702
9495669595
9645136241
9447083626
9947009331
9895462557
7034956826
7025095789
9778084858
9497822210
9447363783
7025891478
6235884869
9447801672
9539511300
9495669595
9744540231
9446367593
9846044497
9605058350
9847491644
6376401968
9744475695
9995442500
8590826110
9633169253
9447782093
9495058579
6282402538
9526340158
9744076106
8943063033
8714478303
9495669595
8879686820
9061668339
9947673876
9037118171
9605788248
9074230614
9446751590
9188354663
9074250952
9847871170
9074395508
9995295407
9495669595
9082594604
9495344602
8590705854
8547562003
7736078330
9995851797
9061714751
8138944422
9656413740
8089911374
9447879699
9061740934
9061091630
9447704210
8075326344
9747720681
9447521892
7356369696
9495669595
9495183982
9847792093
9207693451
9495860090
6235354072
8075924095
7025153543
8943957149
9446718255
8113025505
9495980904
9495669595
8606901291
9496248762
9447475397
9447055105
8157005566
9747988314
7984274430
9349635109
7306137118
7012699216
6282538148
6238457429
9846960395
9745756844
6282476763
8891103296
6235803549
8086252036
9497757507
9495669595
9447762608
8590018325
8590457795
7306499421
8281221584
7994550297
9446447184
9744106744
9860044424
9810338671
9495669595
9061326481
9946750095
9446561966
9961601004
9567249230
9544237036
8129762257
7025686986
9037646221
7034563663
9961393505
9895006824
9446154254
9544014033
9061900872
9497801278
8078190862
9497694237
8508713556
9562456068
9495669595
9526385342
7907565722
9645827924
9995167577
8304858136
6282556241
8547191787
8086002172
8590621840
9495669595
9497818253
9447778843
7025157720
6238041009
9895844002
9744561774
9846869763
8078454636
8075415969
9964382914
8590893443
9497482812
8606734924
9895233335
8050893903
9447956099
9048052186
9895228213
8921317088
9497111705
8547018508
9495669595
8943116753
9526325133
9447777834
7025267226
9847010144
9744188699
9447074423
6282832763
9495669595
6282173598
8891619950
9995889364
6282884167
9990553806
9072249850
8606137325
9496730641
9447385370
9446093257
9446125467
9061677195
9446749966
8921372463
9496270650
8139065907
9207971196
9061592245
9544323055
9037356655
9717053478
9013042185
9495669595
8714233095
9495072761
8848970266
9074064038
9539827505
8891104327
9496430035
9495669595
7736772410
96892586867
8590211348
8848668497
9447128249
9947964424
8089270101
8921696653
9745251326
7907284305
8590192145
8547536429
9495641539
966502803642
9400315971
9605835847
9846481560
7025051827
9846828737
9061194111
9995678691
7907075270
9633028743
9495669595
8943442392
8606490630
9995430076
9526889701
9495090280
9645530444
9495669595
7306189142
9895395178
9074803346
9446760383
9526302237
7902311206
9496770980
9446078431
9496313483
9288064209
8139002298
8248001203
8129566282
8086486928
8590791904
8943029168
9567278292
7012261710
9847308145
9447766202
8547175679
6282436349
7902418044
8714187607
9495669595
971506568498
9496687516
9846328567
8525082057
9645697117
9495669595
9497834590
8921099398
8281475919
9567342369
7736906887
919037457569
8547041010
9562580785
9961167229
9745875797
8943588962
8590951303
9656366480
7560829727
9744553830
9497837729
9497321315
9539625741
7558876364
6235201710
8547805307
9074860825
8943091238
8921757040
8281563932
9495669595
9495506005
9400400049
7306080188
9074084349
9495669595
9188406151
8830158737
8086590978
8086397801
7675913848
9074605846
9995855177
8921324972
8122436922
8891392880
8921789910
7592088235
9567095680
8103797827
7561081960
7025291038
9567286797
7560812997
9544988408
9995336556
8078051793
6238491107
9847144204
9388103920
9447126638
9526622683
9495669595
9818972723
7558968698
9447618567
9495669595
8281948328
9747348318
9495313369
9074840491
8848887233
9895305418
9446994452
8089250305
9447140908
8547852644
9446766101
6235856857
9388553545
7902623126
9400140861
8590491116
9447465939
9188214375
7338779964
9847102764
9048999052
8848496443
8281461602
8138045556
9037195770
9496946532
9349982288
9495669595
9446031760
9562851868
9495669595
8590350130
9961203284
8921748258
8078006479
9447210973
7994126333
97450306681
9747455841
9567028074
7306899832
9995892533
8289854098
6282688388
7736278854
9656324268
9447271803
9496801170
8921305143
9074484335
9972495656
9846122605
97339087273
8281631936
8547810222
9526250890
9496225474
9747969903
9400100100
9495669595
9961350492
9495669595
9544000744
8129799286
9447209117
7012845318
9207400587
9446611155
8921524370
9061235696
9495970979
9847082860
9188093971
7902563602
9447023446
6371389082
8921089271
9495229145
9867378382
9497682702
9526437143
8590346699
9447460058
9048538099
9496362252
9074334416
532085611
8848649065
9496695692
6238614575
7356530257
9495669595
9495669595
9061749694
9895399700
9447347767
9446043779
8714080053
9961480385
9496089972
8075559801
9847436999
8086456126
8943485281
8590477936
9207271425
8606764624
9744175908
9847456103
9446054896
7561804391
9446548837
9995820665
9446980477
9495520221
9495045309
8156861800
8156932170
8547589847
9846748548
9207039748
8921737341
8086467658
9495669595
9495669595
6366181205
9650094224
9840444193
9995222119
9746477845
8281000494
971503156961
9446111830
9497554418
9847588933
7594097156
9747945777
9446955505
9447074096
8281887482
7561071457
8590309310
9809474700
7356816506
9846698785
6238222437
9846333777
9846681812
9048717795
9847045354
8547256322
8330815944
9446388758
9946998986
9495669595
9961906621
9495669595
8075544260
9447679452
7907753037
9447279120
9447478311
8943287289
9947964606
9846665007