7012695715
9048164145
8848272395
9495340078
9400228696
7012789529
8714879202
9446068657
9947359157
6235543764
7356512522
8590940679
7559891526
8111887789
9496181243
9037462571
9847611016
7012006514
4907874069
9745652775
9605761942
9846840215
9072048903
9400586646
9656328622
9746425334
9496451010
7012212107
8301803441
9447433502
9207194512
8129952719
8547396623
9846522900
9562136627
9447438488
9544851130
9846080802
9633516007
9633723039
9846206711
9995685787
9895356601
9446348460
9847165261
8129918261
9656544684
8590704337
9745078697
9847522653
9495567420
9846096663
8078196122
6238931940
9946662846
9961397794
7736900530
9037622962
7994852908
9562944477
7025690415
9947801178
8138092008
8590699498
8971710500
9633010938
7012550731
8921412419
9693227619
9447931548
9037581018
9562422084
9947176050
9645157478
8446818989
9646877834
8075219346
9188535283
9544073779
9995148177
9447806787
9895572338
9074696422
8089443569
7736439880
8907270534
9995203231
1136907026
8592885955
9061740561
8590379829
7034512697
9633370898
8594089126
9048014462
8592940569
9037519279
8790907083
6300573959
8129120959
9387575391
9061415372
9895177215
1539520806
9447457948
9037108020
9895758068
9447001686
9495315191
9447598881
9400261856
8547141715
9400658545
9744866202
9846898562
9447474906
9746703600
9947702742
8606672611
8592003847
9695016407
9747583456
9447465926
8129501439
8089596728
9961820331
9778732369
6281938974
9961781717
9656588762
7012838592
9249925646
9847686950
9497788929
