9495905749
8848638606
9745087380
9447493339
9633488489
9539719719
9496642736
9946381427
8547122151
7012969198
7012522301
7907189294
8075291127
8590567636
8289884790
8891652930
9947263649
8714115867
9847412254
9447427236
7736319456
8075388738
9037240648
6238459298
8129423215
8347937393
6282766902
8547900420
9400566362
9447830129
9495669595
9947623757
9947925386
8848233785
8848965723
9188583760
7356502649
7560851620
7559075300
9447072489
8089642308
8891406885
9037146092
7736701414
6282617510
9747210502
7736665846
9745545327
8138994325
9207681104
9447384217
9497757059
8301072801
9567417418
9946444680
9961692911
8590425390
6238491069
9048004039
7306053493
8590898970
9495669595
9744652763
9747546095
6282348973
9567470822
9633160890
7593950385
9443081636
9778256051
8848687209
9961443246
8848688819
9446025098
9061055290
7356073218
9447136903
9400543791
7306330069
9496890926
9961600547
9495056363
8129696504
9446389041
6282294072
8921306691
9769143253
9846946271
9447539908
9400705371
8714990844
9061423526
9495669595
8111935218
9744148333
9961072397
9400059579
9447328229
9446082549
9495015931
9961043499
9489625948
8891609425
9447495778
9778351491
9400299053
8156802805
9072819896
8714319693
9447124847
8590651503
9847955550
9495067230
9562501209
9544766883
9497643344
9947721125
9947728509
9447022855
9847716177
9387178170
8129120400
9447226820
9495669595
7561817573
8848619041
9072886886
8891169522
9947865520
9847054363
9074136303
9947200692
9496118037
9605930038
9946629072
9497653273
9847357259
8606733102
8281670974
8987614468
8848380073
6238690307
9487813038
9048593443
9747003332
9747397305
7736764570
8921933140
8921109029
8304845295
9388467893
9497447684
8589887578
9447925384
9495669595
9847842282
9400272535
8590062692
8075759787
6282337148
8606611513
8606805975
9400613758
9633483141
8714517318
8848267064
7550172920
8075044604
9446522515
8714260146
9746174325
9387225607
9633494447
9562481587
9447210360
9995181664
9496970848
9539420000
9744478251
8281748499
7025347680
7736094784
9847645970
9488369783
9497484774
9495669595
7356406555
9037690890
8089108392
9544104556
7306420852
9778705441
8086262017
9496393649
9207807451
9497289137
9947016661
9349395049
9995367729
9778398716
9061110449
8547364553
7907336390
8547312752
9447108856
9400219854
9972739860
6282513642
8921891977
9496886570
9873444836
9400144998
9447568644
9400127398
9447606625
9447182870
9495669595
9847280448
9446923205
8891619007
8281447099
9447165460
9995500015
7306714370
9744009977
9447397030
8606504164
9447080293
8714279437
9605614556
7025262810
8921847621
7012213010
9747741199
9447676321
7558820243
9061352571
9995587878
7736772714
7736861435
9946571639
9847694891
9447592095
9747388503
9633439946
8113996554
8129692840
9495669595
9498335206
9447676916
8281688847
9497279756
9744732942
9072553025
9496980230
9847099919
9495954916
9495954916
8129597742
9497016305
8606440257
9446732130
9447508756
9895562752
9037004566
919946511888
9037456786
9895439003
9961603648
9778360044
8943667181
9496364322
6235434969
9446552992
9447238364
9447245796
966566858500
9446506206
9495669595
9846205475
9497332022
9400052227
9497636947
9947449986
8848159536
8113011739
8078980900
7736179021
6238495871
8075389191
6282263418
8089449432
7736862833
9400990233
9188587680
9048782332
9745200889
7012948375
9747501764
7994186280
7012705946
8848773300
9496164840
9496690635
8943290765
8921735612
8590206665
9847991803
9895524656
9495669595
9188612533
9447481971
9443455133
9497704503
9497716815
6282440799
9446460811
8943313868
8590744781
8304007340
7994539919
9061261952
8592024610
9847052892
8078440428
9400423322
9345350561
7306424950
7510644064
6238040432
9937478899
8848979362
8086644430
9074341640
9072332071
7306844520
8590581399
9497169227
8078526482
9645748272
9495669595
7736239732
9447205324
8301069190
8590190621
6235636467
9048823824
9446568611
9447276776
9895081666
9995664918
7012125765
9446991683
6238381419
9188368285
9946621664
9526990985
9744817730
8075303376
9497680479
9447053671
6282886787
9495862317
9061714410
9447503759
9539041484
9447764775
8547869876
9400636746
8078149604
7736368743
9495669595
9895023253
9847152403
6282798243
9895225735
9188645150
8129545346
7994158273
9544161541
9496429183
9020446331
7382451279
9995793659
9961845154
9605196499
9995420619
8710897777
9656830129
9947395077
9446118185
9656913863
8547275062
9747831523
7558826993
8606008882
8590943733
9995917888
9778197307
8075182207
8590311274
9961753250
9495669595
9846977472
9400035317
9188445810
9446708063
9496276082
8330815916
9645708859
8606595327
8156808026
9497167547
9495603512
9496043766
9061001611
8714001656
9895867161
9061428876
7510707327
9656215090
9846086522
6235310821
9567068751
9747000097
9901730016
9847755176
9961023591
9895110622
9946766407
9447452888
7560938371
9778343425
9495669595
9496493496
9605186579
8714478447
8138986863
9847861566
7034672688
9567876883
9074244915
9747692552
7902921322
8590686025
9037019302
8113954055
6282464401
8304943989
8921544211
9400513848
9633498603
7511124522
8075737650
9645053893
9447227007
9446682661
8129254843
8921550183
9747427561
9496085615
9188364605
6282947531
8891728481
9495669595
9495166735
9447493634
9446839920
9778742196
9497635848
7561044460
7994272631
9539942128
6238974535
8848998874
9947991088
9495078414
8606198668
9495812155
8714141486
7736581262
9496216603
8943535316
9567965253
9544939978
9847036646
9446675697
9495789326
8594040608
8594066567
9847616902
9846810000
9108754088
8304942478
6238636516
9495669595
8089419216
9496214081
8075729996
7736428540
8590616093
8129964947
7025358366
9497490210
7593914505
9495207917
7994195438
9496272251
9539629306
9567564459
8848986525
7907636715
8078227180
9446316316
8075756592
9207441787
9048061550
8778528121
7306778946
9037901334
9567226601
9744485592
8089286491
7736071254
9605470067
9447275702
9495669595
9645136241
9447083626
9947009331
9895462557
7034956826
7025095789
9778084858
9497822210
9447363783
7025891478
6235884869
9447801672
9539511300
9744540231
9446367593
9846044497
9605058350
9847491644
6376401968
9744475695
9995442500
8590826110
9633169253
9447782093
9495058579
6282402538
9526340158
9744076106
8943063033
8714478303
9495669595
8879686820
9061668339
9947673876
9037118171
9605788248
9074230614
9446751590
9188354663
9074250952
9847871170
9074395508
9995295407
9082594604
9495344602
8590705854
8547562003
7736078330
9995851797
9061714751
8138944422
9656413740
8089911374
9447879699
9061740934
9061091630
9447704210
8075326344
9747720681
9447521892
7356369696
9495669595
9495183982
9847792093
9207693451
9495860090
6235354072
8075924095
7025153543
8943957149
9446718255
8113025505
9495980904
8606901291
9496248762
9447475397
9447055105
8157005566
9747988314
7984274430
9349635109
7306137118
7012699216
6282538148
6238457429
9846960395
9745756844
6282476763
8891103296
6235803549
8086252036
9497757507
9495669595
9447762608
8590018325
8590457795
7306499421
8281221584
7994550297
9446447184
9744106744
9860044424
9810338671
9061326481
9946750095
9446561966
9961601004
9567249230
9544237036
8129762257
7025686986
9037646221
7034563663
9961393505
9895006824
9446154254
9544014033
9061900872
9497801278
8078190862
9497694237
8508713556
9562456068
9495669595
9526385342
7907565722
9645827924
9995167577
8304858136
6282556241
8547191787
8086002172
8590621840
9497818253
9447778843
7025157720
6238041009
9895844002
9744561774
9846869763
8078454636
8075415969
9964382914
8590893443
9497482812
8606734924
9895233335
8050893903
9447956099
9048052186
9895228213
8921317088
9497111705
8547018508
9495669595
8943116753
9526325133
9447777834
7025267226
9847010144
9744188699
9447074423
6282832763
6282173598
8891619950
9995889364
6282884167
9990553806
9072249850
8606137325
9496730641
9447385370
9446093257
9446125467
9061677195
9446749966
8921372463
9496270650
8139065907
9207971196
9061592245
9544323055
9037356655
9717053478
9013042185
9495669595
8714233095
9495072761
8848970266
9074064038
9539827505
8891104327
9496430035
7736772410
96892586867
8590211348
8848668497
9447128249
9947964424
8089270101
8921696653
9745251326
7907284305
8590192145
8547536429
9495641539
966502803642
9400315971
9605835847
9846481560
7025051827
9846828737
9061194111
9995678691
7907075270
9633028743
9495669595
8943442392
8606490630
9995430076
9526889701
9495090280
9645530444
7306189142
9895395178
9074803346
9446760383
9526302237
7902311206
9496770980
9446078431
9496313483
9288064209
8139002298
8248001203
8129566282
8086486928
8590791904
8943029168
9567278292
7012261710
9847308145
9447766202
8547175679
6282436349
7902418044
8714187607
9495669595
971506568498
9496687516
9846328567
8525082057
9645697117
9497834590
8921099398
8281475919
9567342369
7736906887
919037457569
8547041010
9562580785
9961167229
9745875797
8943588962
8590951303
9656366480
7560829727
9744553830
9497837729
9497321315
9539625741
7558876364
6235201710
8547805307
9074860825
8943091238
8921757040
8281563932
9495669595
9495506005
9400400049
7306080188
9074084349
9188406151
8830158737
8086590978
8086397801
7675913848
9074605846
9995855177
8921324972
8122436922
8891392880
8921789910
7592088235
9567095680
8103797827
7561081960
7025291038
9567286797
7560812997
9544988408
9995336556
8078051793
6238491107
9847144204
9388103920
9447126638
9526622683
9495669595
9818972723
7558968698
9447618567
8281948328
9747348318
9495313369
9074840491
8848887233
9895305418
9446994452
8089250305
9447140908
8547852644
9446766101
6235856857
9388553545
7902623126
9400140861
8590491116
9447465939
9188214375
7338779964
9847102764
9048999052
8848496443
8281461602
8138045556
9037195770
9496946532
9349982288
9495669595
9446031760
9562851868
8590350130
9961203284
8921748258
8078006479
9447210973
7994126333
97450306681
9747455841
9567028074
7306899832
9995892533
8289854098
6282688388
7736278854
9656324268
9447271803
9496801170
8921305143
9074484335
9972495656
9846122605
97339087273
8281631936
8547810222
9526250890
9496225474
9747969903
9400100100
9495669595
9961350492
9544000744
8129799286
9447209117
7012845318
9207400587
9446611155
8921524370
9061235696
9495970979
9847082860
9188093971
7902563602
9447023446
6371389082
8921089271
9495229145
9867378382
9497682702
9526437143
8590346699
9447460058
9048538099
9496362252
9074334416
532085611
8848649065
9496695692
6238614575
7356530257
9495669595
9061749694
9895399700
9447347767
9446043779
8714080053
9961480385
9496089972
8075559801
9847436999
8086456126
8943485281
8590477936
9207271425
8606764624
9744175908
9847456103
9446054896
7561804391
9446548837
9995820665
9446980477
9495520221
9495045309
8156861800
8156932170
8547589847
9846748548
9207039748
8921737341
8086467658
9495669595
6366181205
9650094224
9840444193
9995222119
9746477845
8281000494
971503156961
9446111830
9497554418
9847588933
7594097156
9747945777
9446955505
9447074096
8281887482
7561071457
8590309310
9809474700
7356816506
9846698785
6238222437
9846333777
9846681812
9048717795
9847045354
8547256322
8330815944
9446388758
9946998986
9961906621
9495669595
8075544260
9447679452
7907753037
9447279120
9447478311
8943287289
9947964606
9846665007
9495763060
8078112601
7025593061
8289887766
9447230574
9447857650
97455045684
7736309758
9388506767
9747330195
8590087973
9539883348
8590908643
8075136249
9745091679
9656870542
8075286949
9497247695
8129418943
9496288689
8113874586
8089125520
9495669595
9446362525
9495920323
9947734804
9447689598
9947725134
9496238285
8714275165
7306916007
8943952300
6282500819
7736511282
7034388822
9495026173
7092704221
8136852902
9947882708
9947799840
9447471368
6282157933
7510700472
9495961203
9847722354
7736018650
8547981500
8590562060
9993875874
9495162762
9446216688
7736617042
9497837340
9495669595
9447028671
9074875232
8078379166
9400024022
8111970710
9645825885
9496216187
9567068144
9778247257
9633485168
9526950945
8310291972
9447515238
6282944063
9188567274
9446721706
9995865885
9495802706
9446058336
9747475748
7356155633
9496741968
9539584791
9388817662
8075358588
9495142937
8075280579
6238556774
9995629325
9447856817
9495669595
9946568620
9447060403
9746864497
8281803385
7012336421
9847193972
9995908053
8590795498
9895259125
9846857099
9847419236
9703191978
8943447965
9645996947
8848523330
9686448911
9884073425
9544833988
8547912928
9400436119
9447215729
9746307980
9947312000
8089953585
9447334586
9446166956
8075480412
9446010567
9744714187
9605050025
9495669595
9846283477
9495087013
9447620503
8891616099
8688956186
9605314242
8138802228
9188566728
8113857736
9567712450
9847469000
9744030590
9447411529
9497280315
9567437601
9961416033
9074043928
9895614598
9387847881
9496849383
7902398114
9446142347
7012239293
8921018958
8547605437
9847347326
9074915284
6282712113
9567313060
9895231946
9495669595
8547155868
8281700064
8714318941
9778022586
97339228918
9656994777
9947018111
9074278267
9744107075
9846842333
9495609264
9074524083
9562887004
9037406119
6235228838
6235401737
9495722539
9946554870
8943962271
9605095858
9746937640
9645789985
8129355082
8113885491
7356779235
7994412223
7012430720
9388741481
8891168668
9495736377
9495669595
8129200711
9447291876
9361557733
7306749927
7306109407
9446905904
8590032641
9446028792
9447375041
9567187044
9446948154
9048457008
8281207798
9447418595
8590329631
9847055994
9497800884
9447061340
8848338208
8590906090
8089560849
9048089060
9400340733
7593049324
8606656412
8891590146
9778313741
9446303096
8848723452
8111919302
9495669595
9387385848
7510882004
9442067855
9886123789
9539316752
7909294311
7012832196
9447120653
9790724058
9447059022
9037171018
7510278026
9496064079
9562287970
9745777242
6235048798
9400455066
9605680949
9447903711
9495525123
7558858238
9995891136
9061360207
9495849660
8157820557
9447875240
7994287803
97152703323
9388091915
6235791929
9495669595
9400712899
6238179954
8425964647
9846143463
971505538328
8088620259
9447608490
9496751352
6282359312
9778111247
9746255190
9037365499
6282162175
8848493357
9778772587
9408917385
9562477700
8078837980
9447928028
7025766848
9946658650
6238968682
8714816627
7356991280
6235802035
9946914836
9496591896
9447256005
7012204144
8129674186
9495669595
9567698239
7012510767
8547068723
8547332990
9745824875
7907887593
9947674004
9400767013
9400343648
8157984918
9961732984
8848537632
8589978940
9074518126
8089252508
9495440583
9447790790
9447180176
9847364676
9495435367
9744072784
9400187226
9495196712
7593996513
8590475936
9447322410
8129569734
8547087804
9847193086
9847055626
9495669595
6235907314
8089567457
9895210524
9567000003
9446010427
9496447051
9496704988
9447325453
9447833470
9846081954
9496432100
9446479575
7907325287
8943012839
9446536181
8547552972
9562004743
6235384250
9746988935
9496332211
6238488724
7025158018
8075584570
9495433745
9447189248
9544900414
9447823654
8547485645
9633084046
9207624075
9495669595
6282489324
9567516680
9562354239
9074534681
9447064016
9746176016
9446374644
6238006358
9746145185
7907711728
9961532720
9496177204
8113037790
8075312342
8921841996
8590230408
8606112212
8592041214
9072052163
8078048832
6369646653
9816420400
8989273513
9390161149
7994237065
9072002025
9846397970
9037706051
9539440911
9633230777
9495669595
7358188095
9188228299
8129138417
9841007765
8921336293
9526818859
9995436298
9495012554
7902871827
9037805791
9539532530
9447353717
7902903587
9447910459
7594825195
9447349529
9496864124
6282663201
8075605169
6282380298
8129867217
8075396213
8592920111
8156980264
8848687119
9495871440
9446402310
8137809771
7012462023
9895849345
9495669595
7736823348
9947787258
9061980602
9388615200
8921778554
9446760280
8089543815
9400869811
7012943209
9895924958
9995330483
9447844192
8281460095
7994342878
9544983897
9809259161
9447149598
9562954096
9447646810
9778483824
8590794423
9037380096
9447496185
9656399760
9447583771
9446488777
8590513590
9744686912
9633651917
7012281670
9495669595
9846056731
8281161604
8138975628
7994395812
8157093100
8714050016
9447011041
9446207266
8446632599
8547338056
9495486300
9961324473
9778345197
8089901697
8848463851
9446512499
9633488489
9447213016
9544679302
9894764003
9746048488
8086648560
7356805147
9446888325
6282216279
8078836325
9188032537
9633458435
9778212560
9495537658
9495669595
9995013091
9072143957
7012414697
6282531423
9778196299
8547854149
8089118330
9995832904
9744823238
7561027254
7736313740
9562292557
9605129348
9544576154
8547629817
7702548420
9961509367
8848264861
9447241162
9895022952
8848137390
9633119643
9746881197
9037277518
9400960476
9605434969
9747707573
7736631848
8921648391
8903294152
9495669595
7094236681
9188047360
9645317091
8330892219
9526805833
9188581613
9447057461
9744369839
9447187127
7012801930
9496445235
9048379335
9567219044
7356556087
9207042492
9400723201
8838829123
9965170922
9495627580
9074899762
8547394326
9585936375
8593036337
9497783643
9495486785
8921428114
7356210865
9846833799
9447057667
9188452586
9495669595
8078088146
7736286312
9961440138
7907047218
9526518440
9500477472
7907716324
8547015265
8592945211
9846997470
8921395861
9605972369
9995267896
7025492581
9544448710
9961986190
9846324435
9744033998
9995906540
9400503730
7736261901
8921794459
9061282666
8943047640
9645506957
9446020422
9037486698
8921490952
9847809902
9392885127
9495669595
9496193336
9495595174
8281436344
9074614103
8129772693
9446563201
8943397562
8921606316
9496070025
8086774849
9447337945
9544965640
9447496482
8590566564
8301898433
971504265336
8078857375
9847524563
9845961899
8714903350
9496208941
9526868111
8921324576
9188396609
9446038474
966502236067
9961083916
7907450071
9188323796
971505968571
9495669595
9497667543
8590438356
9605782255
9526881721
9495429981
8547821616
9744208330
9446495923
7592939432
9995988377
9562681637
9995818064
6238720324
8301873655
8921369336
8848170134
8589809157
9633973439
8086361065
7736192047
7907732914
9495341433
9895064453
9605972665
9495428347
9846333515
9961845506
8075336063
8089050501
8078495038
9495669595
9846688636
9495489849
7306394341
8086618772
8714718741
9446276859
8590819920
9645469847
9847523383
9495108277
9778586181
9495397188
9074364563
9446065994
9446010375
9744960011
9746138783
8921785806
9995007559
9146134766
8848421670
7994669320
9656834656
8089295563
8590443574
8086488923
9846898609
9446464577
8129340276
7902721373
9495669595
7994202849
8921766240
9048550702
7558890837
9946427969
8056034792
9495071737
6238092493
9605733636
9946125450
9633412778
9495831376
6238156301
9995876625
9446332251
9947996688
9447824227
8590419936
9249307801
6235700924
9048847658
9947722566
9656216487
8129340276
9717705722
9037142271
8590168102
7025520645
8547931039
8078907618
9495669595
7306572349
8547728195
8075754661
9497683156
9447892771
9400751760
9745109592
9447806736
7510625003
9995704719
8075829563
8590449743
8075595044
8606699627
8089553967
8606434504
9526413823
9567350178
9074529539
8921672429
9400239428
9633997473
9847634337
6238756459
9544211324
9207030228
9833918098
9778108766
8848090594
9061570873
9495669595
7907124930
8943659700
9787932932
9495645466
9188056250
9447144937
8304948236
7907671649
9400444792
9497625097
7994443132
9747042432
9447216273
8590131797
6235447632
8547541407
7736493363
9744995129
8921918459
7560889879
8590917902
7558905299
9947942181
9354182503
7025294893
9446032409
9447545063
9446420641
9567124663
9744454612
9495669595
9447130818
8921279455
9961334400
9495370954
8590185943
9495093236
9003224506
8304913936
9633835354
8921747167
8547663562
9496036593
6282021634
9495396010
7591900324
9567441195
9496816342
9846517691
9446454075
9447600192
9847435253
9947090123
9686030300
9447133835
7306342813
8547097679
9800037007
6238582542
9846024272
8921404431
9495669595
8281169320
9745989987
8281500706
7356710147
7306656536
9656221371
9567638384
9544744673
9946325634
9995386285
7510150584
9447248964
9599617596
9526611577
8281596034
6282205266
8156855877
9633889441
9447306617
9447505948
9847058022
8589053184
9495863149
9400221344
8086405760
8075657257
9446913033
8606826843
9446078900
9443595317
9495669595
9986248640
9946943281
9446256823
9562513145
7306013550
9895396881
9496816840
9446505071
9349500139
9947115243
8891336659
9447517280
9495913246
9447986412
9446504396
9446547725
9745339368
8547612535
9497093349
8547567120
8547885801
8714131922
9384897649
9847350558
564726481
8594028005
7994806944
8078580755
9946447516
9497707964
9495669595
9778236460
8547416472
6238339534
9544563039
9446982320
9995889548
9633198992
9446705700
9746523709
8590667321
7994628576
9995585803
7306617779
7736995187
8289975143
9847400334
8281142256
8590899103
6282569275
8590462287
97339550786
9846581466
9496204861
9847968090
7510276390
8590980718
9746708527
9496162327
7510668556
8089514375
9495669595
9847092132
9946645695
9847188813
9847658146
8891590128
9447902414
9947470470
8593975004
9745207775
9895597428
8714402091
9778499600
9747485388
8330891592
9633050168
8547047488
9400966634
7736205701
8089708504
8891200454
9847855239
7034290285
9567774033
9061551690
8086952649
9745478647
9633306063
9961393908
9605714412
7736465144
9495669595
9502254813
8590087957
8714476861
7012931678
9633232535
8086911403
9916515614
9495940838
9947655192
9388020200
8157802600
9846995000
8301889465
9526500336
8075088437
7907860525
9447016924
9995119640
8075121489
8129211804
9567579523
9961555000
9778539313
8714226212
9745603435
8129212815
9400045189
9846135271
7356388079
7708007609
9495669595
7994891324
8590362290
9446535552
9656536874
9496491396
8891959046
8304807066
7902387945
9947947822
7736334680
966545721435
6238957913
7306684363
8590880418
9497834643
8838942868
9188782100
8848805618
8113940876
9745652566
8848514150
9495556224
9188242161
971508266697
9895451192
563507633
9847170555
8590759636
9037602317
9846562685
9495669595
8907607277
9567876883
9946714842
9567898589
6238492304
9656133764
8714349823
9895401344
8129044243
8078786230
7736705291
9847776619
7306925516
8157818257
9037306341
9745595166
9037970007
9074743936
7736835116
7736685488
7907577386
9847990360
7356219689
9895968227
9061799922
9446764205
7012772428
9645127146
8136864020
8157888297
9495669595
9946972089
9037517988
9188084385
7034722222
9946958888
9946560572
8138054663
9074561936
6235836624
8304020124
9495986373
7902276910
9072922314
9778543013
9847860560
