9495669595
9947968367
9495434406
7034006000
7736975280
8606187935
8590447586
9895721271
6282840664
8921381566
9446792333
9447036253
9495885562
9544087983
9895449591
9061211511
9953643157
9946306776
7902889442
9074342120
6282875014
8086338881
9539412948
9061614440
9207417111
9995695064
9544101564
8075517835
9567677982
8848922350
6282817027
9495669595
6238760240
7012649322
9947532205
9497026325
9562241927
9567047447
6282340073
9495272121
9747128320
8304834058
8921315645
9400203087
9447388215
9946836333
9387919008
9562107726
9605271005
9745301414
9746871130
9947075285
9400054884
9746277277
9567086602
8459939020
9946603336
7306764009
7306881767
8129100468
7736249947
9037592960
9495669595
9846893000
9778786382
9633718511
9961929929
7025444769
9447529259
7738843003
9995788728
96893504023
9207372400
9744841767
8304043164
8921213085
7736715345
9846970005
9074938281
9645075534
9447306285
9495185675
8714013438
7736459827
9846033149
7902620357
7356677203
9947754704
9718768787
7356224984
9562906868
8593070780
8089079205
9495669595
9447401474
7510388407
7356612442
9645069496
8921199182
8606411393
9496393340
9895166788
8129075181
9846363560
9400820645
9947295925
7600004867
9496160297
9544846422
7356561927
96552553265
7907262658
9446622428
8848584363
9746747525
8848619503
9072132467
9132200600
8921284305
7012170885
7012153547
8281113972
9447065851
8590718886
9495669595
9495231621
7025642963
8089051047
9746352257
9995783478
8921599568
7356310167
8547701612
6238419531
8547168651
9746919822
8156964464
8547416560
9745547241
9894490801
9778159313
8590565120
8281376068
8075621620
7736962565
8921455312
9961095003
9633915223
8138865221
8547986724
9448903810
9188215842
9447728018
9539402780
9745710831
9495669595
9447394575
9074525462
9496026172
9633089555
8301875320
9495438926
9428174879
6238701096
8590642151
96555848583
8610799109
9789234914
9633866686
9074844930
6238084283
8078568792
7012273477
9847317057
7561064321
8848295010
8606707709
8086274857
8078732257
9846242421
9895807755
9995256165
8137088557
9846541040
9388221940
9349713731
9495669595
9526984423
97335564578
9744560280
8086217050
7834836648
8547000580
9495952968
9868023321
9495664498
9633398882
8086927626
7994383828
8590775300
8281539274
8921578799
9847420261
9496608792
6282499766
9048580794
9188442718
9656354645
9400625071
9544630189
9978862247
8139030293
9778402435
8281202861
9446272917
6282854568
9961829508
9495669595
8590559789
9188059534
9495320970
8075821728
9207748890
9495096921
9446705900
7736989488
9446314506
9496094399
8921449393
6282105299
9746623409
9061323111
9544740881
9605342830
8891495363
7012274413
8137897433
9539023680
9495203555
7034184263
9947877492
9188562047
9188240166
7736052325
8304876303
6238221527
8129879902
9633909971
9495669595
9846465010
9400575851
9562525767
9037440023
9495907951
7510728227
9446207953
9074153422
9544379306
6282697901
6238130349
8848344013
8078860515
8547488648
8157948435
9072819010
9745502850
8113045020
9496536977
9048715788
9526486116
8921114103
8943197469
9447647001
9605344556
9961727383
9496113143
9447958071
9446578508
9747012153
9495669595
9446027661
97334033071
7025200149
9961256714
9567032732
9500046664
9446191708
8139057118
6235903421
6282772979
9072590822
9995585104
9074416262
7025535227
9495947759
8848815993
9400168969
9496981558
8590771577
9447055560
8138979134
9446067097
9995166590
9995426811
7593885649
9496768248
6282478318
8330061356
9446169002
9400642679
9495669595
9447996403
9895052046
9846411100
9526964109
9656532690
9744581592
9811844160
8050213307
9497430911
8075558526
7591921480
9847278977
7025530570
8921621203
6282522883
9840237713
9496267750
9072893144
9447331295
9946340691
9495456297
9747809006
9037449683
8078529126
9446040779
9778189954
9645318116
9946199108
8590676942
8891657281
9495669595
9778114394
8921509182
9447436594
6265043163
8281925996
9961598888
9544544874
9847854885
9895006629
8921092636
9446425669
9847503244
7736560811
8921836906
9769348198
8921278066
8129157611
8075212740
8590660356
9048018113
9562897396
9633356648
6282548208
9400799154
9496302445
8086422873
9497146998
8078381552
8547599651
9400072227
9495669595
9037415677
8974012086
9048789599
6282682778
9400361848
9995013397
9048830441
8943814609
8921745809
8547775100
7012115005
7994318947
9074299370
9847930038
8080019255
8592896766
6238165301
9497556766
9946805030
8547640705
9446339198
8088824279
9995959157
8921563754
9778536435
8606242088
6282758191
8848342105
8075743496
9048323906
9495669595
9526040888
9047192780
9447776132
6238578761
8714157001
7356646095
8075237580
8078938028
9656547315
9645860480
7034358594
9446013637
9778588795
9446045488
9446041413
8590344375
9447934605
7012357251
7034895389
8590333081
8113911362
9497805074
8075530629
7736525648
8590556784
6238523816
9349868042
9400162908
8129406755
8086641278
9495669595
9996453165
8547464208
8078800292
9539280770
7012534276
9497249068
9656860735
9847186002
8304929409
9947771099
9746727665
8714705297
7558975793
6282288182
8075142167
7760587468
9745809326
9447467838
9526229995
7736744947
9447695238
9020175551
8594054335
9495013391
8606861768
9847148889
6238932212
9947430820
8592886081
9495389741
9495669595
9074521489
9061001357
9747871464
8089016169
6238425852
9495311127
9072715851
9400681605
9447910490
9072814729
9656214014
9539805553
9895094326
9048627201
9048534161
9961986559
6238860095
9843830222
9567523277
9495980211
8891662980
7411053393
9544184488
7736771934
9496890330
9446383441
9074814878
9995753270
8281355059
7012306183
9495669595
8590889356
9745270551
7736603219
9946183134
9400573604
9544084035
9746495230
9495621625
9447309321
9446312614
9895236009
9995217215
9388403707
8129194802
9387837457
9744442916
9188629862
8590359275
7561864282
7907659276
9895936915
8089393609
9567329208
9744724088
9447732363
9446855050
9447397792
7736299720
9747553642
9061627663
9495669595
7306570518
8921586746
8138082988
7025401136
8848189407
8891111205
8075153930
971504682895
9526796390
9446060699
9496968095
9539542526
8606701530
9946861303
9446828899
8301957157
8590592624
9746960283
9778028183
9778399698
9745230904
9847006262
9446829061
7907372764
9526894692
9745569439
9895740684
8281312329
8921752167
9847966091
9495669595
9496829165
9446959485
7994302820
9846890100
9895356440
7994742563
9526199218
7306268049
8139019314
9846102254
7012793024
9747012534
8281497159
9446644948
7306665074
7892749665
9188240314
9995033869
9633814123
9747885327
9562800337
7558962724
8921459511
8113073098
8078862303
9400035712
9497063894
9496855155
9074999137
8547243656
9495669595
8075497228
8590945474
8157098220
9072328000
9037726588
8086500369
9633094398
9961991308
9745291843
7356687355
8608001801
9847017264
9188290845
9605495312
9567113461
7306404121
8113930973
7510287543
8137039993
9446884864
8089661989
97339175704
8714432638
9496703564
8714884679
8129797977
7994084984
9188323990
9428129201
9562999610
9495669595
9072965794
9061802725
8113874297
7306830924
6238629129
7994051226
8848652788
9995341696
6235676374
9995250531
9656772434
7356358459
8943006249
7034607402
8281973115
7736803032
9048627313
9446013777
9846423632
8590341015
9656135518
6235409782
9048263300
9995611882
9446817879
9387753352
7907385744
8089488172
8590613728
8921403905
9495669595
9567351868
9567588028
7736090642
7558862689
9947899642
8111940214
6282601595
9496624683
7972813902
9895392058
7907201514
9746190372
6238750435
8281196345
8589918382
8281685520
6282571853
6282974781
8075870413
8281421018
97339772600
9567896532
9207815058
9746416411
9746579929
9496970636
7907605098
9207246256
7012938093
9895726659
9495669595
9446582622
6238544362
8848738653
7306002338
9496279612
8073692481
9495241745
8606329526
8848240199
8289868978
8547454238
7025757724
9497793618
9947846913
9447072753
9778511066
8129676211
7696484579
8075407240
9946538552
9605467403
8459805989
9495724485
9995526466
9645985100
9497456002
9496053056
8304976778
9446278999
9846314049
9495669595
9447560685
9995012845
8848271697
8714246731
9633366649
9526652739
8606208781
9526191801
9048138281
6235408872
8078373622
9847154577
9744902278
9846711111
9497801977
6235908838
9037861441
9496086237
9495589892
9495086954
8129541631
9895087086
9400343210
8921210468
7012518685
9567161404
9447827794
9496702016
9645060500
6235735829
9495669595
7559985132
9961269071
8921522779
9037538562
9866100630
7356318402
9447043406
9446217979
971562765189
7034629144
9447728175
9447916376
6366043536
9544727781
9074671835
8547479965
7902803320
9526361781
7907245369
8590000439
7902568920
9745814551
9645000790
9605341435
9446958118
9446809475
9611480351
8589972152
8281893341
7012605110
9495669595
7736527658
9037037172
9961169261
9778205477
9447917987
9447263274
8139881938
9447564743
7356288624
9847288029
6235320106
8136997636
9061874160
6238414692
7907785560
8884477167
9632411535
9946100760
8547214847
8590761687
7306986758
9072994796
9495093148
8078205100
9074875199
9207642624
9446552588
9847110753
9562931235
9496967398
9495669595
7994469674
9746654062
9483826540
7025299424
9946476694
9495018750
9495718070
8281016647
8075330977
9446786194
7592000018
9656298751
8590509218
9744646687
7902313562
9946043665
8078584727
7736951609
8129382180
9446992916
9447111178
9656133665
8825286264
9447065976
9745961127
9995215663
8075600790
7561034493
8547369779
9946091229
9495669595
9847300020
96597659357
7715093991
7012618539
9995969748
9446309752
9746563732
7736172178
8089716945
8129325530
8289971454
9895866845
8129375556
9447583625
8086435375
9072269803
9446457360
9447567196
9961320523
9961466573
8943275078
7594873220
7558925093
9633892849
9495835291
9495321226
9037099190
9447534183
6282315242
8590815967
9495669595
8075766014
9446752050
9526596116
9562820156
8590961147
9539934865
7907529324
9539925740
96566970636
9859220051
8921273686
9495081496
8547387709
8848791655
7990822041
7593914521
9645942107
8547260320
9447270860
9447208988
9072144274
8075854224
9810602253
9746926067
7561085299
9074941885
8157910859
9349353936
8714803310
9562898511
9495669595
9446208470
8590578505
8129053126
7012645922
9446489176
9895850321
9605074269
6282229193
9526386860
9895162606
9895898383
9447541511
7001828519
7592004860
8590978812
8610172049
8606433222
7592987083
9567640564
9495885006
6282213753
8590482422
9387222453
9447153992
8547937205
9447081887
8078777615
6238636299
9526907478
7306648809
9495669595
8547817595
9495989411
9188690475
9447752740
7561070832
9746307773
8921642690
8089057239
8075707566
8590452852
7306870985
9447252677
9446953469
8714408004
7559868279
8089151886
9495942218
8075518014
9074643803
9846231974
9072735231
7025008305
9061482457
9645726836
9995844236
9188390118
9895529773
8848647101
9847422750
9447012438
9495669595
9840159439
9400283121
7561827450
7059991111
9539307123
8590760575
8281194600
9961589780
9745339736
7994949892
9072546737
6282474178
7034826056
9447350096
7736977470
9447771191
9061988240
9446163989
9633941144
9497649864
9847065012
8590881883
9645405468
9072138778
9074887142
7736440900
9645677989
8547474555
8848477154
9447229997
9495669595
9497055299
9846031151
9526438705
9895927435
9947171565
8075603993
8136900713