9846373152
8891258504
7559912042
9539680972
8891822543
9847165819
9995564199
8590532347
9947411430
9656699117
8086035108
9605933173
9446548799
9946524272
9605620215
7356951440
9061431788
6235513645 
7306636528
1012202566
7306008893
6282699268
6282698017
8156878089
9087085068
7736969125
8348660435 
6296513128
9446827540
7938781152
9288151963
9562083677
9400245586
8186993959
9847921570
9633303359
8590770176
8848609431
8129015377
9544409742
96450440PY
9061598153
8096476896
7012167975
9400626256
9744655501
9497502552
9207758841
6235084277
8890770377
7592940704
9995053873
8139830031
9061755446
9946361104
8111977163
8714138553
7025723863
9746494175
9061365066
8848709735
9497020374
9947219216
9061364377
9896625731
9400974993
9446548641
9447743970
9496565961
9447660107
8547559922
7356685576
9048423401
9037257117
9895417432
7999593270
8139034681
7025346505
9497853045
9037824344
8281188409
8590991421
7994504485
9074505869
8921994939
9061051668
9567940339
8921145100
9744142918
9074535361
9447404810
9447638705
8089277963
8281876850
8086799220
6238468179
8289835658
9567397634
9741559504
9778476/43
9645212936
9400337547
8089969207
7907833024
9072424990
9400347879
9947099493
9947656141
8301839309
8606790943
8606790943
7306220125
9846803441
755.9957882
9778311732
2994955360
9847623077
8089922447
9747925132
8594045803
9995556333
7356799266
9447565306
9061034413
9747049722
9497864639
8129411640
2502721387
9847481608
8848092488
9847245387
7736235137
7967712358
9400053870
7736025814
7846426467
7592851461 
8390645207
9895601668
9645107540
9846664404
8606942852
9746475220
8089725745
9037723873
9495466450
9495466450
7736538770
8281572166
7907617381
8075789363
9048033338
9496286955
9955531738
9995857477
0590519949
9995371125
8921474754
8086047352
99415623017
7356099966
8086379454
9447002280
9207870192
9846745210
9605149959
8547221742
1306200496
9072938333
7306819940
7034474398
8714534970
7356019073
7559094902
9074423167
9995037396
8544391386
9846658561 
8301042459
9846071704
7306485785
8547909539
8520267555
9400928181
9447105954
9605676478
9895105300
9446743229
7736372057
8289851126
9496451409
7025227691
9995847916
9048774623
9847700421
9447213803
9847622155
9497820255
9242090904
9526825442
8086271914
9495425986
8089449010
8129895987
9447754301
1994753805
7907734504
9946042487
7256517909
7356969816
6236308214
8281721630
9633657572
9526825614
9061634722
0446610646
9497325795
9061717636
6282326572
8606093308
9057007500
7559937817
9074863705
9605678056
7306854089
9567828001
9447105581
9846029855
9778376876
9595393140
9444049175
9946272199
8304071599
9747773017
9037262924
8086706303
9846095070
8589068099
7994685683
999.5529661
8089438212
9031022333
7902311820
9447665179
9847225904
7736490493
9495066666
6238511124
9718158969
8547125216
7559022346
8590684043
9446541013
8089699362
8714122439
9846924391
7994217871
6238231402
9567784095
9605730024
7012429943
6238525873
9846467547
9037955698
7786360814
7994200344
9846189569
9037404811
7903833138
9400768802
9544516916
9656127443
9946064916
9961168698
9744400870
6235303835
9606059850
8089412065
9846365631
9995463789
8557129549
9037721240
6238982456
8590497739
7356676973 
7034136065
9745472637
9895540805
9188817956
9037955698
7786360814
7994200344
9846189569
9037404811
7903833138
9400768802
9544516916
9656127443
9946064916
9961168698
9744400870
6235303835
9606059850
8089412065
9846365631
9995463789
8557129549
9037721240
6238982456
8590497739
7356676973 
7034136065
9745472637
9895540805
9188817956
9744066885
9037/5/730
9446758555
9467775644
8111843581
9562046811
7306421560
7907469910
9495995957
8547044890
9124938495
9447024547
9037666838
1356734540
9961001752
9349845127
9067106519
9447979518
8129430045
6080953160
994775956!
9037506172
9497031082
8281076083
9995297531
7736554005
9633369184
8921294230
7736723926
9386933822
9778471113
70451976L0
8943744615
9654478626
9048650789
8330840214
9633935630
9061851418
9633735526
9745595267
8861636093
8289808475
9895153532
9098241707
6282208059
8894468136
9605628249
9447326636
9778429659
9037374098
8590832214
9895301666
9037748622 
9645006716
9544917497
9451620555
9249419034
9747570484
8281998929
9446529488
8059147189
7736882289
9061439233
8304928301
8848208679
9422446370.
9207540282
8891708744
9526885240
9633566709.
9061167766
9446567656
9188815112
6285302642
7034754858
9446864005
7996585438
9400567434
7907601987
8921249306
7736273352
8089441351
9037949821
7026063976
6282391046
8590382640
1594059610
7356483180
9446801344
6235046086
1736261763
8921263265
9495466726
9875569845
9446442462
9847768913
9526580513
8590688330
9567255027
9526732940
9446603363
8848629369
8330026630
8301968055
6238297097
7012964605
7538894945
7510252617
9447143537
8606846185
2496574565
8156912079
9747066040
8590978742
7736615105
44446217780
9387585032
6238612603
9447208852
9447218199
8606196263
9545270968
9526257590
9447259589
9496204733
9495501315
6235019318
8590292728
9447730356
8089453749
9539755445
8075169431
9447494944
9188551600
9562436414 
6282446608
9645029749
6238102497 
9895235654
9562407591
9447408102
9349779006
9656223507
9847116927
9400075979
9164715724
8138903469
9895900933
8700875639
9539680972
9061348190
9895341402
4946594685
9497459813
8086788746
6235003726
8714986569
8848290805
9847776863
9207900752
8289912228
9605856301
9778041071
9746739085
9567891554
9037872745
9201235101
7306763450
9567397634
6238877671 
8590568968
6235930521
9947634233
9447115479
9746194356
9400422701
9447820953
8590749472
6282390513
9746576269
9020974460
7561828665
892/967144
9445046031
9048835187
9995998174
9633090248
9747748730
9037273793
8281187845
8157991714
8848782958
9567221098
8076789363
9446608226
889/058867
9846580669
6238583353
8907189898 
9745649637
8590937147
6238051184.
9895859628
8921319882
9947219102
8820406185
9744906638
9496179404
9074670708
9746086989
9446805417
9446805781
8076701076
9567859896
8848543110
9495748405
9446140451
8281024254
9947363165
9895862314
9562732726
8129218965
9778407978
9946061378
9544499696
9656425336
9967193559 
9447821957
6238772943
9567220075
9495359780
9847558502
9744513632.
9567999016
9495962088
9495033510
9961205914
8281035713
8086478132
7994323056
9744040902
9497162342
9746475136
9745272600
9847213775
9447986294
6292839055
8281471620
9895042397
8848615121
9445457205
9447174747
9846877765
8921298974
9447371703 
7025755778
9446824636
7994867726
8848920548
6038737461
9496323676
8590689664
9447707001
1996179525
9947301303
9497663531
9526275035
6282176925
8848609949
6282571854
9207201742
9778407908
9778409739
7591939412
1510248849
9947747304
9526106602
9746241550
9276498561 
8850760558
9605678545
9074865507
8075882996
8075665753
8547964153
9188339281
8075750991
9496461989
9447489988
8848286981
9995376173
6238986308
9497688637
8089751750
8089651968
9388628845
9895776027
9656458081
8281641012
8848244299
9645448733
8078213022
9447241030
9447217434
9048820516
6282260901
8301034596
7736125232
9946760819
8281036241
7510354941
9778893335
9605267004
9495430859
8943397562
9204155478
8714541295
6282129733
9746478574
9037129327
9207663612
8592098143
9447822015 
9400880933
8848681652
9995172120
8891446534
9447576921
1526961456
9744708608
7306454861
6282372663
8848452167
9656968803
9037576083
9037630066
9895387547
6238759206
9633900580
9190299015
9497277658
9048651147
9061251727
9400166886
7736973559
9605032797
7902819232
9961963074
7594915722
9562387757
9744537229
7306851170
9400108168
6238128807
8547381791
8590889831
9746286101
9847043509
7907508246
8589090077
8089596587
7907386843
9656030796
9995761156
9895141501
9746576495
9061991925
7561815763
9447884843
9633918664
8086144221
7012476346
8296052366
8606421974
9744550165
9495379543
9946917427 
9188694450
9846091578
9447050327
7012695715
9048164145
8848272395
9495340078
9400228696
7012789529
8714879202
9446068657
9947359157
6235543764
7356512522
8590940679
7559891526
8111887789
9496181243
9037462571
9847611016
7012006514
4907874069
9745652775
9605761942
9846840215
9072048903
9400586646
9656328622
9746425334
9496451010
7012212107
8301803441
9447433502
9207194512
8129952719
8547396623
9846522900
9562136627
9447438488
9544851130
9846080802
9633516007
9633723039
9846206711
9995685787
9895356601
9446348460
9847165261
8129918261
9656544684
8590704337
9745078697
9847522653
9495567420
9846096663
8078196122
6238931940
9946662846
9961397794
7736900530
9037622962
7994852908
9562944477
7025690415
9947801178
8138092008
8590699498
8971710500
9633010938
7012550731
8921412419
9693227619
9447931548
9037581018
9562422084
9947176050
9645157478
8446818989
9646877834
8075219346
9188535283
9544073779
9995148177
9447806787
9895572338
9074696422
8089443569
7736439880
8907270534
9995203231
1136907026
8592885955
9061740561
8590379829
7034512697
9633370898
8594089126
9048014462
8592940569
9037519279
8790907083
6300573959
8129120959
9387575391
9061415372
9895177215
1539520806
9447457948
9037108020
9895758068
9447001686
9495315191
9447598881
9400261856
8547141715
9400658545
9744866202
9846898562
9447474906
9746703600
9947702742
8606672611
8592003847
9695016407
9747583456
9447465926
8129501439
8089596728
9961820331
9778732369
6281938974
9961781717
9656588762
7012838592
9249925646
9847686950
9497788929

