8921979211
9633317060
9447538126
9961196593
7510225900
9946300329
8075830794
9930945388
7994658292
7012487528
9495660075
9072481338
9447880820
9995760400
9539057557
7012911207
8848534002
9019476620
9645005130
9072965854
9445953138
7994270109
9400163479
6238933182
9567099021
9495669595
9446178414
7736759126
7356077407
9446466568
9037581718
8156940863
8848909401
7034012590
9447255987
9629815314
9496435770
6282071723
9544583212
9207793571
9447762309
8089809678
9526462741
9746674413
7012333193
8281015614
9400372387
8078701375
8129372381
9249426661
9605105755
9048033294
9072428780
9497108730
8606058722
9061046584
9495669595
9567260147
9605043950
7593992860
9567244943
8590775657
9961256575
9495337022
9495994796
9037213619
9567195972
7510833896
8078848354
9846316566
8592913462
9072137373
9946668788
9188148086
8075790211
9778717802
9526236058
8547726642
6238488738
8075494376
9388857541
8590768678
8943856989
9061914965
9544451720
9744397875
6238847992
9495669595
9341968535
9074065318
8129709820
8848867341
7356391927
8086223197
9447641172
8891592168
9446829174
9447871406
7025993474
9778389574
9447062720
8592948135
9207198902
8606642897
9746246226
9955611655
9061778968
8590815247
7736673255
9895567904
9447675129
9446111228
9497776980
7902965776
9400036755
9995869744
9544289913
9656860889
9495669595
9847060367
9383465875
9846050117
9995894879
9745846535
7736799139
8590731206
9496713593
9446229688
8129292280
9562042175
9633591725
8075025032
8078228040
9447702701
9847188362
7306419966
8714110647
9207684136
8590398086
8714761095
6238454018
8129791660
9605467063
9400609562
9633361883
9605211286
8078375618
9447047474
9597016857
9495669595
9447034970
9447968078
9497823490
9995422765
9745158843
8089433215
9072255666
8848084479
9995696112
9895648810
9747463966
8590572960
9567722083
9496518513
8921266996
9745383250
8592031725
8089007340
8921627138
9826280569
7510951379
9160217599
8330055790
8593066305
9747812448
9946447772
8891493312
8157819006
9544506150
9567126076
9495669595
8978672798
7306609459
8590460325
9496278787
9745330692
9496419808
9446468291
9846013047
7559092888
8075337512
9446387925
9847669426
9544316094
8593019913
8594072453
8086912795
8078263547
9895040017
9495072413
8113905038
8590845303
8592057343
7356201269
9495507653
9496221288
8590745702
9447431994
9946778045
9446545345
8590463932
9495669595
9447120397
7034633896
9746222400
9900994747
9447875271
9544369465
9846576755
8606738888
9447401633
7594852583
9446055502
8606703741
9810533680
7025075094
9544198400
9656155872
6282252062
7907146988
8281507833
9745364853
8089453303
9946490920
9895564936
7994204094
9656314002
7591900002
9447144864
8590513504
9061429045
6282441620
9495669595
9447403046
9544267115
8590642274
9746274972
8593096744
8891631529
9447906458
9400472402
7012605607
9167319859
7594005037
9656548887
9846077786
8606165495
8921223031
9446521169
7025169466
9946661702
9400537044
7356057853
8089554123
8281780799
6282920853
7558800005
6238841432
9496629770
9995446684
6282344881
9497329756
7025606494
9495669595
9497840656
9539951451
7510216799
7736752094
8078543680
7306076662
8714825009
9447480143
9400648230
9495230874
9495653909
9446967138
9495094035
8921055424
9847766030
9400786537
7025846697
8547311424
9562641302
7558899945
9446966529
8921198503
97333734226
9746047602
9497206071
9495688601
9605705818
9778229590
9447291449
9567455270
9495669595
9744633898
8138972345
9995086944
9400514395
8075577688
9080858199
9446547727
9497641978
9968334980
9072114958
9846062380
9446194212
9061941465
9400747831
8113951615
8891135184
6282704347
7559032480
9995385310
7888300200
9745668068
7306919603
9847889222
9656207212
9562152946
8086695573
9446075965
9446701071
8848028509
9746292297
9495669595
9447450912
7736189292
8590821152
7592984667
8891623323
9048500078
9526638592
9544749291
9895247133
9656158721
9778772802
9895034564
9495734676
8281707262
919562923029
6238906876
9447055540
9895347593
9744530360
9656917291
7510996649
9895400107
9995722200
9400977612
8590491508
9447362847
7012374233
9746289279
9747280047
7306006178
9495669595
9778191311
8078433516
9207792228
8714363202
9947450473
9645778671
6235094324
9686570108
96892378147
9496527503
9072205561
8921296082
8606235310
8281753072
9746979271
7736644557
9946891430
8590319397
9895270013
9495405569
9895472818
9447902279
9037947115
8547854150
94766855566
9496181146
8075426142
7306142732
9544065112
9961440388
9495669595
9526068105
8547579999
6238877628
9446928457
8921935782
9995045981
9495849103
9495713246
8137055025
9946091047
9946885410
9400411550
9846825969
971561295531
8078812497
9567699568
9447116541
8139843288
8590379575
8848537210
7594891805
8078497094
9846245119
7994901272
9744235272
9188491774
8921697501
9249218050
8590726463
8289869867
9495669595
9349495386
6282262472
9207181104
9074483468
8328071938
9188046876
9447906458
7356468380
9497590804
7994834548
7907142416
8921973872
8547547810
7510370040
8138064910
6238044878
9446662837
9539029900
9495364667
7306455231
9048228237
9995837612
8592856666
9895054090
9539923643
8130217350
7994980756
8714392274
8590843872
9847972774
9495669595
9846010021
9339245130
9497715441
9495190543
9447048307
9446221241
6238566969
9061350737
9496391255
9037007113
7356184320
9493974094
9048783649
9495068177
8078300530
7063913242
9496962310
8891685401
9961005360
9447960319
9633284893
9778327359
8281949029
8089583726
9995821180
9847099089
7902222788
9447496090
9846612777
9544621804
9495669595
9447024923
7025568777
9847074932
9346009050
9446100975
7510699495
9446580767
7010420151
8547885242
9995811442
7012909602
9841295009
8281238458
6379739983
6282664882
7012511156
9446492870
7736855349
8590846788
9488201762
8547767596
6238944506
7994201845
9496020806
9496203797
8848256069
8590776367
9946619075
9400882168
9605862757
9495669595
9188650978
9567528609
9387304220
9400872086
9746119145
9679599720
9567162811
9497777207
9446456985
9074123752
9746473876
9943081259
8592929748
7306682352
9496609516
8301804009
8590787835
9656069592
8547507567
9048857962
9645651501
7510919056
6282273566
9388893282
9446161100
9633377962
6282100644
9947297845
9447674175
9946224240
9495669595
9446500650
9895944641
9539111155
9946563382
7012143915
9207695908
9497192474
9946863307
7012811510
9791137146
7403044143
9074685604
8921545508
9400087920
8248913584
7736476720
8547734129
9778152628
9847718864
9447281640
9349129147
6282985371
8075330500
8078543799
9747351680
9946885434
6238308605
9961601250
9778799210
8157015892
9495669595
9446601548
9526313444
8111951180
8129426031
9400114797
9633015180
9745344409
8129907466
9846188348
8075298565
9061360151
8593853971
9447126380
9037687545
9778767810
7025475506
9995455422
8590865362
9895179390
9846842201
9645124430
8281336961
9846603050
9961446765
7012596273
9847397797
8590937034
9944600733
9946563850
9745111972
9495669595
9442022618
9447921599
7012514891
9495643595
9846087615
9446311008
9895580804
7012319837
6282578502
9446375848
7907154004
8593019250
9495019070
8078371241
9526010540
9447022533
7025806355
6282331433
9497339329
9847315206
9778198353
8714882484
9539855993
9539689749
7736788996
9747545170
8547496938
6238254762
9995555828
6282598251
9495669595
9995481807
8590519758
9746198964
8606318436
9072169565
9496176696
9656897570
9495942419
9495447784
8590308401
9567467126
9605542210
9847159840
9074451880
9496805500
8075160584
9633458460
9447303303
8281251060
8086737277
9526033595
9497661061
9061030331
9446162491
9447788150
9447355865
9496852583
9746887012
7025345428
8075536732
9495669595
9562388106
9947222504
9847041841
9995302503
8589023286
9778142668
9249419142
9778368837
9400126344
8848815284
9074862296
9995138132
8078809365
7907499024
7012794463
9496864801
9656745454
7012560585
9846536260
6282862688
7736978580
8089724753
8281464975
9188685875
8078479398
8590274052
9447130373
8593993266
8156881668
8111869090
9495669595
8129357167
9447762289
9778326330
6282990952
9961919531
9539206267
7510113889
8891223834
7559023319
9496077613
8891066966
9744747297
9746748169
9600615967
9656006274
8301041374
9656102965
9495755275
9496166113
9633914615
9400967793
8921901608
9961516251
7293352749
9207150815
7306593255
9447355920
7736640391
8078882323
9447411359
9495669595
9562859178
9846728443
8848365457
9495242986
9778182527
9656110278
7560860867
9846091439
9990824121
9446996087
7306453579
8921573016
9847902813
9895632875
6235005123
8848156942
9495859820
7559862364
9495088709
9633981969
9400466873
9745650050
9074286695
8075230575
8086989130
9946873695
9947293212
9769410835
9446278552
9895238766
9495669595
8086748801
9446051545
7306137065
7510143234
9645125441
9947746302
7902868768
9986993463
9446565557
9447428280
8848491169
7306507597
8129358708
9495468987
9962038085
9497793889
9961496393
96594980506
9447013997
9447635839
9447739225
9986427654
9605711348
9947662988
9496326535
9495025337
9747422303
97338981282
7025941294
7736967815
9495669595
9605045420
9400445255
9656235492
9400406060
9544091245
9447680995
8547274678
9544648633
7510702757
9447050198
7736181024
8590728548
9656765520
8690554391
6238095823
8075349612
7012682647
7736745657
8113967757
7510170697
9074670159
8547676405
9746797111
7356846461
9778144962
9895555086
7560834316
9400521942
8547820871
9497474000
9495669595
9446353473
8714128605
9384670562
9446172621
9847539222
9447695933
9447997068
9446187451
9747836858
9207338006
8129593792
8848223285
9497357059
6282355743
8075397242
6282599502
9747211531
8921221708
9207077822
8891481699
9447052204
9995311232
7736192278
8848510287
8606304889
7025320766
9495522972
9745071045
8281930485
9037368687
9495669595
7736487303
9495039702
9539286267
8714107196
8590395405
9746917204
9446096676
9447981284
7591926092
9447548394
9446452183
8590791269
7025847494
7559979024
8547995884
9526222952
9400113616
8075299898
9495928551
9446616168
7736689451
9495566974
7306108686
6282684774
9746731011
8281835737
9947950707
9567235951
9446497555
8075181048
9495669595
9778263432
9495828376
9061553544
8547750134
8590821083
7561033605
9895126803
8086600009
9847372880
9539491321
9747247001
9072103331
9947821575
9645629223
9495271479
7356480365
7907141109
6238751328
7559092111
7306391099
9207319604
8129868468
9895194483
9072091363
7593961298
9074830382
9744098651
9995103155
9048365042
8891675412
9495669595
9745137387
9446879071
8547270067
9846257345
8891915197
9539732175
9961666612
7510251168
8893192005
9446442070
9447423979
9746931481
9526003540
6235226383
9946758990
8699000591
8075211383
9605222190
7012005385
9961248217
9495046913
8593898021
7510731649
8589882586
9447261322
6282437575
9747423690
9847494543
8129739575
8089482562
9495669595
6235090992
9496969136
9497188955
9447405595
9495156455
8547821307
9447788256
9400018046
9847951760
7510729225
9387291090
9745240421
9895057258
9847574616
7907174541
9539633094
8848659771
8921015767
9539795984
8129132802
8301062844
9074119982
9886133292
9745492680
7025986700
6238288544
9037820802
7994735333
8590394506
9995445929
9495669595
9847956752
9645233633
7598129968
9037174244
9747391013
8075555734
6238768352
8156998220
7736760771
9400010719
9544906949
9496141009
8089624129
9959609450
9495549902
9447167557
8590111394
9446500112
9847712789
9446766683
7025456876
9947557557
8943732035
7907546680
9946855137
8129527817
7306543406
9188583119
9895029702
8078048542
9495669595
9074902569
9048495911
7736057972
9447408041
8129497143
8129676607
8592079965
8111809440
6235230411
9048495911
9895635317
7012686642
8113819773
8921168031
9448250095
8921847524
7012177975
8330086132
9446810165
9526806230
7306817895
9496388138
9995788316
8113023110
9633797476
8089098090
9447651623
8593886787
7757959897
9746286101
9495669595
9995805627
9847194963
9544783521
8714060768
9995844054
8939353710
9778349117
971509344869
7907071199
9633257584
9495252033
9074691700
7994270517
9656864316
8848813190
9497287858
8281166394
9495025337
9446986411
6235538589
9447019173
6282022868
8129659009
8301029235
8590939754
9446494887
9447153823
9656058055
9846734390
9995159243
9495669595
8089167354
8281981337
9746400904
8281146769
9446476777
9497151388
9446502343
9746044144
9061104442
9495008276
9497640381
9400900077
9446749926
8891874928
9447006530
8594027829
7736791955
9778515660
9744856298
9001501303
9074780066
9447592971
8157940827
8075978680
8943681222
8281071966
9444844473
8590819636
9846934601
7591998589
9495669595
8078941583
8137855057
9995680372
9895260084
9895600233
8281847878
8891502820
7558956793
9496316868
9447962024
8075593395
9447470049
6238473446
9447520734
9349522919
9847301177
7096926992
9188703212
9946447859
9633867965
9446784267
7907136323
8141866793
9496180038
9946014484
6238818388
7034359071
9778128687
9746428111
9446409919
9495669595
9446077393
9497104181
9446837001
9048198147
9847631612
9497147531
9847003726
9446237825
6282945311
7356026604
8126486121
7736573636
9495329535
8606359752
7034634249
9778096482
8089201760
7025543958
8921476806
9995651162
8281302559
9946644095
9447306231
7025294252
8156821547
9446737319
9497146645
9847004226
971505876853
9746376781
9495669595
9446054244
9656160180
7510112110
9895370659
9619630263
9946666776
9605370313
9995115093
8590631503
8113994126
8547562617
8547130638
9497677181
7907424123
9946086155
8075178009
8089268379
7594837618
9400453736
9447856944
9447885222
9747592910
9645628474
7012628749
9074759188
8075652287
9446029691
9605813613
9447924524
9847883269
9495669595
9633564307
9746397895
9562198991
9526310697
9605493486
7559814240
9497847364
8848783282
9895771704
9745807977
9895783188
7012066183
8089157405
9400493683
8943989349
7994792752
9496478459
9446219702
8075749560
7510671954
8136878119
9995690744
9744778166
9495902757
9207068341
7510327869
7034829304
7736266898
9995821882
9526550412
9495669595
9995788890
8848630825
9496928889
9447817044
9446496896
9037978378
7356740289
8547581505
7907060115
8075815224
7909199021
7012149934
9495827628
9567055990
7994693665
9005518028
7012721545
9447153361
9947683493
9207874642
7306307204
9497781963
8129786643
9447416959
9895009094
9061130437
9995275878
9567773329
9744654813
8129112415
9495669595
9048262135
9746568763
8075721186
9947603141
9778155526
9865122862
8281834858
9846249930
9446766035
8137840859
9744335314
9946700059
7736737164
9645578769
7306394116
9207553383
9747438726
9656050099
8157885288
9446452031
9037459619
6235293179
9447488643
9497606062
7510351022
8921497400
9074993028
9895817738
7907398748
9895277840
9495669595
8547799640
9850389328
9893909357
9745907690
8921678028
9496361110
9539192964
6282416496
9446440665
9895013071
8086279906
9745471321
7907200298
9946447943
9605431917
8891976798
9747870305
9447063104
9809137680
9495783191
9778045806
9526404817
9526811075
9400786598
9895755909
7356478722
9074299679
8590828658
8848933722
9446567523
9495669595
7994520115
9074984970
9946392354
9526538538
8281692349
8590471863
9072205180
9446004418
9567541411
8075505083
7559950955
9446636847
8301024110
8593013735
9605996833
9447569050
9747555027
9400142991
8086286945
9496295222
9061668835
8590815037
8590916768
7510107939
6238240160
8089432326
8590954660
9447575637
9447590244
9400941717
9495669595
8848024088
9447773756
9744012470
9495674133
9061441041
9778560602
6238117709
9447691391
8943605989
9048809792
7510800557
8281150354
7994303788
9747359039
7306596687
9961737475
6238080331
9946711132
8075241394
7909162091
8590981323
7907685967
8129904377
9605404765
7406086823
9388185123
8943107120
7994813190
9387495023
9846043371
9495669595
7907474714
8075181329
6282146892
9446054520
7510107939
7550249936
9645441035
9846786978
9496814901
9447654245
8590445221
9037389311
9447277974
9447877630
9072721350
8156883335
9400476129
8301905464
9496138095
9633147364
9747575045
8921741563
7907363227
8547581581
9995149704
8547347522
9745801749
7994245436
9447515277
9895952242
9495669595
7306002401
9539900304
7306940459
9207463303
9947633279
8129183910
8943181158
8111834242
7736205436
9446382959
7736872522
9287961786
9778292789
7594951067
9447905585
9037705985
9446453044
9400756629
8921048846
9495791524
9497380118
8589835262
9497125108
8590971225
9567378301
7902936054
9562407444
8848332176
9496297331
8089393954
9495669595
7356243608
9072429281
9447476411
9447567226
97333089323
8075929931
9495383427
8848419955
9495793629
9207844094
7736176772
9446616171
6282105096
9995596922
8590033154
9747927219
9446419773
9995699286
7025170581
9633981292
9778182113
9188313581
8714881872
9946731282
7561001174
9847125381
9539353319
8921658147
8078079119
9809898917
9495669595
9372229441
6238567352
9048047637
9388355528
9645068934
9495973499
8078293608
9446751499
9847614580
9497323975
9497644714
9495453453
8590975950
9207545703
8590529470
9895120110
8848921312
9847922097
9495892876
9400716304
9961911867
9656791816
9946786966
8547429949
9961889303
9495657202
9894713777
8139040534
7902527243
8075558108
9495669595
9539379606
9820387631
8157048794
9447210192
9446457111
9497025589
9656644992
8330015696
8593033652
9048070429
9833038112
8129601068
8129339207
8289938038
9895388300
8281878604
6282922956
9567765230
9633182669
7025522843
6238244935
8075681702
8138066838
8105988916
9895490222
7902771280
9447875221
9445003713
9495824087
7306482311
9495669595
9961076681
9961324611
9061665136
9446363259
9947408580
9746916814
9961852803
9447278335
9544160317
9495810310
9567840688
8075601509
9495987592
8547910471
9544145739
9061441387
8089223780
8590960400
9567849520
8714229337
9539849773
9495318552
9074335866
9526731065
6282026120
9074566135
9388606706
9633500701
7591955706
9744900947
9495669595
8921114158
9846746387
8089748709
9037507251
9074278138
8714138578
8547328066
9633394402
8332849963
9825129585
8129264603
9847099949
9895024229
9778241395
8590905263
9495819965
8086767663
7012653063
9061994473
9961003260
9400719320
9605512094
8138079930
9446496718
9488114181
918111882255
8590639355
9496080938
9539966661
9895270969
9495669595
9400235299
7306489478
8129916383
8592051890
7736555831
9061436682
8547015043
9495417323
9846010040
9495018987
8943087699
8304907229
8590357437
7012129752
9746400857
8592086053
8590931655
8921126755
9447046233
9495308173
8086111174
7994964703
8078276353
7558869454
9995356927
8943495062
9847477424
7034265540
8105854588
8848753282
9495669595
9446442001
9778317616
8281790964
9645770190
9995134628
6282394954
9447809193
9946431927
9495575604
8547319769
9037663347
8714459003
9752500691
8590541069
7306644102
9447295061
9497342665
9388033312
9497150544
9495141860
9446819821
8848271296
6282622369
7306607670
9995102762
9746420315
7034262518
7736632038
9778440899
8592813198
9495669595
8531021517
9037749600
9446370135
6282932471
9656223922
8157992116
9361920382
9895067197
8086119657
9847020500
9495480028
9847036122
9995875860
7902623260
9495987658
9495934189
9447118331
9605899797
7994411155
9446475746
8547679361
7042105045
9544514326
9745314518
8921108464
8281266501
7356956035
96565033019
9778558200
9605416468
9495669595
9495660394
9495356277
9562513289
9645082498
9037567301
7592009163
8129060135
8714331290
9447144121
9895195220
8590550081
9074243350
7902460295
9745936472
9447894666
9778495067
9072549312
7012506424
9446738917
9895419238
9446415893
8075128061
8943082236
8086969700
9605335604
8075064699
7510353183
9495067031
9961464764
8921516026
9495669595
9446125298
7736666711
8590125754
9746733496
9446464574
9074737537
8848593326
9349108340
9946000262
6282496263
9920531335
9895280915
9567843944
9961447906
7907879156
9633937613
8075705571
8304001799
8921771021
7736980535
9961876490
7306915470
9778129007
7356084175
8547500790
8606410568
9605420256
9995475035
9497036714
6282420803
9495669595
9447221050
9447494511
7034458081
9847672117
7994625664
9778384910
6282672737
7025987112
8086611182
9446501001
7012202003
9072278242
9495110145
9388799997
9747688607
9567819512
8139867176
9249488064
9778189821
9447365437
6282242552
7012735682
8078595781
9072717739
9745002556
7902259026
8113901175
8921526077
8547456527
8281738077
9495669595
9961632314
9544847629
7736669010
6282396389
8075909670
7306351039
8590834951
9633619572
7736726476
9447029988
8848177400
9947857287
8714469698
9072486110
8590437352
7403121210
9947371022
9288012662
9745771381
9495702323
9496438478
9496018023
9388476396
9745541265
7902878114
7708930903
9895813280
9846753984
8075674568
9562540535
9495669595
9495303920
9645488428
9048924251
9446052588
9447847752
9400362197
971522184994
9061378010
9048520369
9446178245
9656565101
9778244851
7306130091
7306728535
9072470925
9497557644
7593039040
9526922326
9895879697
9400531578
9074209157
8075614760
6282584773
9446318990
8075663248
9656011976
8248600751
9895824399
8848928166
8590311140
9495669595
9048705487
7356017173
8089205831
9447969224
9745266697
8921764761
9496203309
8590689245
9497889500
8089778072
9497330679
6282450652
9446623004
9744748517
9176123788
9567222124
9495872846
9745108018
7561803101
9495333118
8281124840
7449165060
9447222246
6235661995
8301878427
6235682593
9388446904
8921627489
8086521435
7736814592
9495669595
9447376054
8547124946
7012308571
8086549979
8590540048
7025390236
8136939314
9747337008
8589849877
9497005608
7510951785
9446297332
8943613304
9995742069
9778027723
7022872545
9961416671
9846814308
9744933748
9633744766
8547184426
9846932823
7561870755
7558084140
9895614722
8078484566
9746899979
8075659902
9004470216
8136816079
9495669595
7356171316
7994745647
7592033482
8848285949
9048021291
9846221515
9744413840
9447382987
9656208006
9995444485
9447095919
8921675082
8089877379
7559887017
7012541567
9495787186
7356387016
9744956449
8714375034
7907385052
9020069005
8129972212
9447086229
9207560780
9947098423
8848717045
8949720532
9388822555
9778550351
9447376029
9495669595
8281865318
6235219731
6235353030
7012527423
7510706613
9567377446
6282464099
8592811652
7012091461
8891044694
9778092576
9495993288
9496038226
9912063801
9895899713
9496195979
9447263069
7902853566
8547160722
8590992984
9400548557
6309395877
9895372268
8075903952
9895028513
9895486092
9778402090
9947453742
971563137565
8075940432
9495669595
8714473381
9400621427
9400829424
9188132637
9495241377
9995177800
7012725354
9886510890
9400867878
9961832882
9048079582
9400441426
9745747352
9847677077
8547355256
9497781866
8078895049
9605890501
6235068150
9544148689
9446476561
8921009281
9947654485
9656040073
9526455645
9446312972
9447858732
9495163391
7510316694
9400844380
9495669595
8281190179
8139048621
9446565714
9961295835
9446494242
9946300036
9387812718
9745023163
8590486375
9207324394
9495834950
6282676254
97336065090
7012117113
9446402233
8547207310
9605167437
8590309373
8113833320
7907700750
9446302643
9526828213
8075686058
9497329120
9895046293
9869860150
8089973732
8590369422
9744416724
8590959649
9495669595
7560832270
9074605057
9961245119
9388918922
9447080888
9207050830
7025183991
9846637163
8921440536
9446905513
8129266717
9847166022
8086068154
7558897943
7736901763
8606299170
7012962690
9947473658
7025211140
9447173451
8891078910
971543000725
9895728951
8714460273
9497689637
7012613092
8606001347
9446430078
8593948340
9447485393
9495669595
7907377090
8891799698
9447462660
8921795576
9744607262
9188041158
9447287655
7994552002
9605041805
9496343240
9995024881
9072936841
9061386114
8590991433
9446020339
7013695757
8547653806
9995276050
8078748227
9188869275
9447408682
7902762001
8086993496
9495366455
7356851084
7736271426
9745235058
9846402366
9497005608
9447539669
9495669595
8075219165
9947988890
7736290445
9447529225
9847909211
9746076840
9846721393
9207279611
9778359160
7736278048
9446933699
9746131593
8075210072
9961739078
9495757352
6235535575
9447632270
9995329387
7907720275
8714808446
7510977748
9037585243
9539700560
7012701301
9037618654
9961854108
7736549643
6235365990
8111957764
9037081725
9495669595
9778378441
8590368468
8590148420
8893812265
6282993238
9074751962
7907402284
7025919510
8078347346
8075507123
8089314954
7994035287
9526261222
9539063995
9447869061
9847050516
9605497112
8590529212
9207736483
9447185522
9387240075
8921040508
9746201585
9349377717
7907971038
9446150264
9447865013
9946719008
9746021135
9447857834
9495669595
7025035444
9961203536
9995166391
8281320852
7559000675
8590779773
9746769512
9656997355
8547379514
7994404116
9497054996
7356212033
9961235879
9446304305
8943115929
9895217716
9946233634
7510779287
9207464481
9447361813
7907544923
7736775990
9497742222
8078280051
9497846238
9846960100
6282883249
8089607891
9656568456
8943397651
9495669595
9048231213
8078370967
9072732329
6238052539
8075032018
9562552000
9495971122
7034009334
9895272137
8138890877
9656077767
