8891455737
9745682182
9947314060
9961140315
9048149419
8590667253
9846520986
7907640795
8921461922
8304923273
9037018109
9495865592
8848880654
9526481765
9745453854
8714140527
9744533288
9188195585
8590864052
9061261546
8590515501
9061282181
9539432113
6238708447
9447307478
6238022992
7994110925
8086058014
8848610729
7012774640
7510621565
9497250120
9037002850
9544184248
8129208565
8281765356
8281271292
9946421335
9447136659
9074668381
9778006372
9947227955
8848665011
6238245573
8089536097
8590442854
9048988845
9633620508
9995666399
9995442666
8891508831
8139827807
9496335964
9544353596
6235164104
9633864244
7907777829
9567816864
9846671817
9446568268
7560868240
9497687194
9207423392
9747397638
9995782930
9495020091
7736220725
