9562856902
9188561588
8921874438
9778361556
9446552122
9995443899
7736731311
8921104924
7356794527
9447940498
8879305413
9778242282
7510604112
9778230312
9778235404
9207131876
9995844720
7736235281
7025612782
7902678835
9539121854
7736708093
8606419661
8590464638
7356727074
9747531725
7025847870
9995763919
9539156683
7306963869
9400506028
6235003646
6235227452
6235886034
6238007570
6238038787
6238072760
6238094286
6238167181
6238180654
6238190692
6238205569
6238243174
6238358979
6238384774
6238406716
6238441975
6238564546
6238625795
6238699732
6238821204
6238867975
6238936825
6238955681
6281347908
6282022142
6282254542
6282257940
6282290226
6282348656
6282374027
6282475613
6282515898
6282647429
6282691049
6282697906
6282705070
6282754784
6282779975
6282786269
6282841265
6282985595
6282988912
7012011026
7012030026
7012322409
7012630024
7012811872
7012831090
7025030405
7025036006
7025105880
7025110433
7025452191
7025569703
7025669882
7025676619
7025691393
7025708612
7025761660
7025858224
7034337923
7034720209
7034722687
7034830561
7034952923
7293031259
7306044944
7306096408
7306264985
7306453503
7306581489
7306600261
7306645002
7306650975
7306664974
7306858865
7306956127
7356046244
7356094143
7356170349
7356233727
7356687404
7356854698
7356923848
7510223323
7510225545
7510292349
7510837869
7558076619
7558816744
7558822234
7558869287
7558872170
7558877384
7558894092
7558944885
7558951324
7558967641
7560854961
7560909418
7560950319
7592850845
7593044385
7593945345
7594012507
7736081854
7736152852
7736264659
7736353791
7736368514
7736392752
7736406231
7736418308
7736461551
7736534403
7736546844
7736633120
7736675731
7736769311
7736773960
7736779645
7736793759
7736819960
7736836647
7736946991
7736973136
7736988608
7736990946
7902202434
7902218706
7902341439
7902415312
7902494435
7902543931
7907025068
7907154224
7907434166
7907513285
7907570720
7907676536
7907790536
7907877767
7907981642
7909106862
7994302016
7994342485
7994530525
7994861640
7994864881
7994892784
7994973147
7995046970
8075093416
8075184427
8075479923
8075667531
8075821508
8075901761
8075992581
8078025447
8078062410
8078308058
8078552587
8078593891
8078725170
8078779701
8078785261
8078917650
8086044259
8086123002
8086273191
8086504981
8086549921
8086563251
8086600467
8086681098
8089268901
8089733554
8089759067
8089909759
8111849294
8111901967
8113043618
8113865793
8113960456
8113994118
8113997652
8129040513
8129053559
8129094560
8129116834
8129162294
8129172289
8129188907
8129286607
8129314148
8129376028
8129425719
8129747842
8129770624
8129962805
8137045775
8137898613
8137947636
8137957821
8138072803
8138851506
8138852314
8138993906
8139014302
8139882033
8157005593
8157071806
8157089664
8157862245
8157875998
8157966500
8281050141
8281066920
8281230509
8281474891
8281726678
8281845959
8281859359
8281882807
8289873404
8301059220
8301080419
8301803963
8301981693
8304028255
8330077786
8330828214
8494015439
8547078883
8547091251
8547285159
8547287823
8547399314
8547555089
8547634449
8547644280
8547720496
8547795066
8547911960
8589033092
8589805750
8589817140
8589926455
8589963963
8590007580
8590018198
8590160842
8590291055
8590302800
8590303513
8590323028
8590357294
8590411725
8590479712
8590558113
8590569645
8590623714
8590671204
8590725189
8590736148
8590745474
8590749713
8590779761
8590870288
8590880065
8590887137
8590910216
8590930194
8590939879
8590975648
8590989861
8592023765
8592026073
8592819653
8592984586
8593092343
8606094842
8606197011
8606243126
8606543333
8606593580
8606883994
8606921984
8606922653
8714007790
8714023906
8714069156
8848096722
8848353323
8848452505
8891177620
8891268623
8891439919
8891926225
8893999100
8921198848
8921300048
8921306507
8921316742
8921338941
8921487023
8921519404
8921819172
8921886035
8921987219
8943253614
8943628088
8943689909
8943720861
9014809208
9037226650
9037261641
9037369360
9037415703
9037552634
9037581821
9037590554
9037631108
9037651691
9037909750
9037939002
9037989001
9048041233
9048202750
9048239760
9048576461
9048585074
9048755209
9048808727
9048985463
9061062290
9061068928
9061077193
9061299846
9061336721
9061511595
9072165825
9072191489
9072299270
9072845659
9072939897
9072941080
9072987821
9074081359
9074306458
9074336851
9074527514
9074606033
9074634426
9074764097
9074945952
9074988728
9142225554
9188142648
9188207760
9188295726
9188390176
9188486225
9188495358
9188504632
9188665554
9188711386
9188735116
9188752463
9188855100
9188871243
9207243747
9207290253
9207311784
9207495709
9207575874
9207593568
9207615066
9207646822
9207790218
9207862695
9207985503
9324416237
9324550112
9387799100
9400124665
9400214281
9400396507
9400629435
9400666437
9400708684
9400741695
9400863791
9400897024
9400948726
9446020586
9446066723
9446094546
9446095959
9446388960
9446417202
9446707297
9447426975
9447599936
9447834025
9495132019
9495279284
9495492516
9495551176
9495794912
9495853874
9496062725
9496177702
9496324852
9496432868
9496458895
9496753150
9496837822
9497095993
9497175219
9497245421
9497247832
9497439716
9497607022
9526039414
9526566194
9539277162
9539628243
9539687094
9539694853
9539724262
9539860739
9539907932
9539937764
9544713588
9562051851
9562168280
9562577112
9562929017
9567013099
9567033739
9567326343
9567351125
9567493266
9567663751
9567677164
9605132256
9605482032
9605612090
9605808033
9605921988
9633029453
9633030358
9633054169
9633074490
9633273150
9633275091
9633521893
9633543287
9633645592
9633717418
9633727041
9645077284

