9995267987
8129726965
8086967992
9400906639
8764044938
9495723280
8129758886
8129918029
9746950292
8606270660
9895153456
9526663712
9496353100
9847980123
9747204150
8606582882
6235804044
9495195632
9846351173
9567966950
9895255996
9447239462
9447476248
9895277757
9497117268
9446164735
7994196965
9526740368
9447732528
9895036833
9846005191
9895115889
9496616221
9746165792
9447011259
9567580637
9995936525
9847009988
9895277778
9995024830
9847777314
9495320839
9495369576
8289835162
9446414578
9142022822
9846164116
9446012781
9846147397
7034293666
9446309832
9846565712
9744262267
9746739940
9895991591
9867974015
9847129424
9747988123
9656225480
9895493629
9746130247
9847815573
9497295474
8921384837
9895342455
9746892122
9605564417
9645610656
9605207345
9895190089
7560972970
9048355210
9946751808
9747578099
9495637799
9447645078
8281180468
9895409007
9746715093
9995225133
9495096116
9496421420
9495743765
9895796678
9895796678
9961256197
9497136806
9605432560
9846850850
8281961912
9495025402
9447089389
8136910345
9744706969
9895410879
6282421798
9605484313
9744509447
9605383377
9895767671
9895230229
7559801567
9746460974
9544667823
9847276021
9495535551
9446231366
9946037452
8113000500
9895782214
9446625555
9895592881
9633634823
9847416292
9995461982
8606283548
9995409445
8129390121
7012772671
9400410829
9846621512
9633755390
9633562704
9447687772
9447028510
9947199588
9447851142
9746607818
9048839888
9400598655
9995700298
9567329755
9496426022
9446776477
9496355314
9495362277
9633937523
8078090871
8547253233
7907707582
9447519102
9947790663
9447487839
8089220654
9895233180
9495362165
8129191738
9995461265
8281932028
9149257933
9400632155
9947788320
9497744170
9605414062
8129046885
8624808281
9100013354
9446352795
9895128172
9847919486
9446565990
9946666334
7023569244
9419011652
9847395126
9496360977
9495616030
9447321777
8086005060
9188690899
9446477555
8547866250
8547166507
8547801350
9526727239
8281775719
9995591947
9847932400
9495618677
9447727948
9846671581
8281193585
9846394880
9446053436
9961340305
9847011265
8139812155
9562952416
9747538984
9446168019
9995885669
9846498812
9447963930
9961337214
9744808265
9645928072
9746198835
8606454408
9447373834
9901400421
9605015350
9544836196
9995606030
9446569497
9895670408
9447756177
9495560808
9496476116
9895330080
9846460380
7560809144
9446655661
9847375644
9539685652
7025741658
9387949887
8089882659
9995783371
9061530027
9400400800
9544982014
9633817538
9495556666
9037529036
9495754940
9400205050
9447052984
9446996629
9497608339
9746219769
9633888751
9446058200
9745747883
9495994001
9744932947
9645006088
9400533945
9446030398
8156912874
9496718439
8281305955
9048383838
9744005475
8547130662
9995352306
9496236499
9446504817
9446402268
9446675088
9495364711
9895559107
9495724920
9744977756
9072430660
9746703055
7907647547
6238450233
9605007712
9478069260
9633306206
9829019673
9961470214
9840407490
9745215461
9747187193
9656864316
9567021790
9744076995
9400788583
8547000949
8606444838
9446735374
9946305626
9744352166
8547045312
9447815698
9412457978
9769873125
9446776001
9446678722
9447649770
9656007474
7025411699
9745834684
8800670003
9809559890
9400627873
9746793746
9447487183
9446986883
9605052763
9447080560
9447688324
9747130085
9745946050
9496830870
9447649150
9447852006
9446049555
9605027910
9497860650
9971800558
9400119398
9496660408
9470015770
6282673942
9891228643
9747273855
8547707134
9495793062
7560826481
9496168719
9496055630
9446777220
9496122805
9895799799
9207817208
9400620295
9947817628
9961890415
9946916635
9747452850
9447277990
7025342298
9447141844
9605997097
9846631356
8943468634
9048962610
9923457691
9400903821
8157041901
9745743641
9656504938
9656570396
9526109802
8547706862
9895268445
9446675710
9747163531
9447483493
9495678512
9207342391
9400210650
9526693570
9447689670
8714466789
9995249560
9744590406
9747175384
9847007305
9895419756
9895868358
9995711939
9496359549
9895028104
8907777000
9495967223
9895587687
9447491011
9447089793
9895103704
9037519937
9447889777
9356224837
9446682439
9388013751
9496422898
9495305848
9744357159
9461128608
9947096871
9995624501
8547015062
9037484899
9961592261
7994523273
9446775120
9446165792
9656321626
9446270689
9847783062
9747187132
9544206328
9747389107
8137050426
9656041876
9447394996
9048251475
9656920385
9446060184
9656105452
9895557277
6282625759
9447818210
8547881546
9539517170
7025621229
8157818120
8089835025
9448268817
9947010733
9895147004
9747006688
9061555100
9846270945
9037177916
8281153254
9745475784
9605748259
9895249247
7902538778
9446813223
9447632499
6282867740
7994918658
9947495935
9847122801
9446886385
8939213035
8281339375
9020831432
9448000159
9496384873
9745249010
9495670984
9497364408
8891119116
9747357022
9496163335
9496733362
8301086463
9408738976
9402291277
9544027355
9495601333
8086130199
8301026675
7510673016
9645733836
9445992745
7012708051
9947631662
8848516052
9446781640
8547091503
9446890526
9895116929
8078142537
9847001149
9048382854
8943377180
9847081002
9539263840
9447468919
9495610462
9895025290
9847200450
9946421896
9747033366
9633457997
7591904442
9447012900
9446408188
9447541518
9947850491
9847400178
9349111697
9048675080
9447584413
9995547484
9249779571
9847210925
9400526913
9446007585
9947419011
9447174722
9846025599
8606431979
9400684679
9995847414
8891490180
9539454586
9061122868
9946300518
9446304384
9446964147
9447070434
8891881916
9446668045
9447039866
9846667601
9995289959
9497302745
9446513824
9846841065
9995688926
9496891206
9447478341
9496112254
9847618731
8075267391
9447937881
9447595188
9895218636
9946662681
9847798950
9447082278
9895441153
9961238723
9895016443
9446036391
9539672348
9495267965
9847005651
9447486668
9846321094
9447837664
9447100535
9446309573
9847694446
9447244279
9447714599
9446114265
7025040834
9447808569
9847177962
9388003944
7034821409
9846333857
9847150717
9400114455
9995067000
8281334742
9495788136
9995304649
9446781934
9747033315
8086276030
9496220510
8281410960
9539625825
9895234596
9946632626
8684977557
8129594253
9895020612
8848983487
9446953054
9495754101
9497077223
9447204866
7736230730
9442624220
9037379966
9947141513
9562784747
9895709581
9495639210
9940336568
9995587415
9847020207
9745001548
9447074290
9744467723
7907519417
9895580047
8281321465
9495889961
9746526757
9847763343
9061696414
9895980929
8589926916
9605311335
9495889961
9400389083
9447217921
9495670750
9847657345
9387426952
8089093242
9400055532
9400374889
9847635353
9846167954
9072044420
9496892438
9945977619
8921815308
8589805641
7025000889
9447846630
9847009776
9496136047
9916208273
9846419414
7559803079
8921892416
9447275100
9745029163
9495915225
8113878142
8606689927
7907986375
9495300707
9645564854
8943208388
9847052423
7559921151
9400431020
9810756520
8606689915
9645290384
9846734157
8089884800
9447775526
9495891094
8281484834
9447431897
9446318285
9495358486
9947923997
9895919119
8089832039
9747074696
9446490871
9500015328
9995021480
8617391852
9471839001
9427152798
9572480690
9386503622
9447204351
9946568115
9745005045
9447907104
9605772025
9072543696
9447343496
9846560664
9980141262
9539481951
9249724070
9447338686
9497647180
9447217974
9846343628
9744736622
7560946833
6282325543
9495293413
9074276674
9544957901
8281844219
9655629694
9497860860
9869716855
9446978749
9400527802
9744955209
9497235108
9447639001
9447462141
9447949232
8281871107
9432240843
9447311496
9447478591
9447478591
9159750915
9447849425
8078265674
8547619544
8606015555
9847470992
7907076716
9446085453
9446889466
9495346546
9961653849
9847034886
8593801010
9847387644
9447204646
8547649845
9567169229
9846335060
9747204954
9847292735
9998113459
9886433895
9895375222
9567404973
6282661082
9633300050
9946175242
9447413757
9847001643
9842149434
7560962921
9846878741
9400097128
9851212611
9072333066
9400128179
9847273385
9852047690
9446326132
9605320074
9895600670
9544974444
9747376867
9746155519
9819390233
9495741327
9447886318
9633749047
9946618521
9567198141
9446442058
9447171407
9656563368
9947351929
7902232668
9846164884
9645675327
6138571617
9495323139
9447241465
9400690493
9567358360
9400011643
9847514305
9446418742
9447203071
9447176808
9447170055
8157822381
9249559902
9809844338
9947098772
9656635498
9745719690
9961678533
9946902208
8606811829
9847487917
9495640110
9846362685
9883777771
9633898880
7356249065
9946091500
9846235505
9495657725
9037310109
9846984617
7034343900
9947489527
9388113040
7795011335
9847444351
9947117403
9495663020
8547797251
9447382407
9846632620
9847417198
9446410000
9961270836
9446024966
8943224508
9946563990
9539160632
9207873402
9447534017
9400678126
7994078899
9946558440
9746379606
9074583689
9061185681
9847371732
9447950555
6282102220
9846133722
9744797666
9961170069
9946444453
9447128128
9645616558
9846038058
9496515454
9539861580
9495959313
9446595718
8301064104
9497127003
8157800191
8086788735
9496235243
9074424989
9605793775
9447296077
9400941658
9496292417
9947086267
9605701213
8606811978
9495205711
9447335641
9446959592
9495550911
7034153089
9446236716
8089983354
9349124462
9745033978
9447467821
9447175859
9447334847
9495708156
9447382751
9446545955
9497628492
9447835248
9446532672
9495659277
9446433465
9249305150
9447253329
9495295322
9847569662
9746474607
8129522001
9446375663
8606034335
9544755379
9656301847
7902817083
9645180860
9446878974
9447533610
9495417778
9496769735
9447917300
9400862570
9446877866
9446150539
9447023594
8281934057
9539723553
9497628161
9497872115
7994422514
9645151856
9447729623
9746592913
8606496128
9544191351
9860563359
9405792731
9446638783
7293137991
9895766176
9949166679
9497628306
7025433233
9946411882
9847804209
8547321505
9847543925
8136996670
8547503560
9447312030
9037410629
6360607661
9495277181
9846915587
9447621043
9446975944
9943605154
9495707562
9895732788
9447946222
9446346033
9446269830
9446277380
9419216810
9495658299
9946440116
9400532186
9400126746
8281207332
9567073941
9447240707
9447971356
9447746476
9747439665
9475761591
8089017844
9446244685
9446728795
9495223034
9446507489
9446521022
9605007676
9847408118
7907316251
9838929989
8089891967
8943337973
9544369569
9446804585
9747461347
9846017419
9495134867
9744628918
9744823245
9446572088
9495546736
8095985808
9747939595
8075686575
9048257171
9349904733
9447080401
9447621215
9744235427
9656156875
8129670918
9446154004
7025312924
9746202450
9446529536
9447323473
7356152298
9526815006
9446294326
9447834897
9447315719
8907315999
9349881760
9946937327
9388804261
9745831798
9746417559
9074957359
9447482390
9447620244
9349141289
9447427049
9447312727
9847249517
9847885364
9633851155
9400546973
9446980309
9526470036
8281163347
8891718847
9946626631
9497825001
8655987552
9582934284
9744095571
9496952542
9744911662
8086051664
9446086193
9526387289
9447836474
9446086193
9895523857
9400825844
9847005163
9947083465
8547541563
9961332075
9446105137
8129610151
9744056237
9567296895
9846468054
7025890550
9747942309
9645002974
9048175256
8157873631
9746338475
9846102127
9497180971
9995111163
7293476004
9745550696
9645247508
9495094680
9744529373
9645487832
9605133479
9400566801
9497437419
9847653739
9605989852
9745441191
7025898043
9846319172
9645148119
9562596437
9495484477
8547566529
9447836331
9746019857
8281147691
9946164114
9947354188
9746121247
9061188120
9656949274
9037632270
9495321218
9847592023
9819131189
8089447898
9645021624
9745356226
9072289952
9495136850
9605145222
9745556376
9072506250
9495448686
9447836113
9946659900
9946244361
9544882223
9946425439
9061313131
9947467780
8547666333
9544118318
9846803665
9349381380
9446293957
9048190645
9447587250
9847589722
8136883675
9446232429
9496362736
9447108082
9846218178
7025732768
9746225121
9496872730
9497527269
9495840675
9447261572
7736116066
8547902759
9489494976
6282197332
9539628005
9447089292
9846354270
9605566349
9995956222
9995826333
9495164422
9496760142
9847880959
9847017988
9447330943
9846616734
9745700202
8547501298
9544783830
9495200559
9645738674
8547289376
9946485710
8943368000
8547687538
8547485627
7592800016
8111941335
8304098062
8289969061
8111830366
9495724017
9446877676
9446363732
8593075501
9744972951
9946744724
9020315767
9495484489
9048400758
9526929387
8129532254
8281442238
9539684716
9847712552
9946651743
8943166889
9746550617
9946630008
8281304250
9895289057
9447424209
9846462917
9745443600
9947704290
9745516403
9846127037
7012679067
9846378293
9846807850
7025209000
9744862865
7025515559
9961122994
9446087371
9447033321
9961123059
9947792283
9961999432
7902438994
9847045073
9447760067
9539817068
8089740569
9447095062
9400987741
9447609041
9447609041
9447609041
9447609041
8848762656
9447609041
9447609041
9447609041
9447609041
9447609041
9447609041
9447609041
9497730996
9495384536
9947196987
9495534932
9847157678
9446723195
9495851501
9400470973
9496311642
8113007245
9037639237
9447350263
9447657303
9400470973
9895072296
9495527715
9947104348
9895076000
8281911007
9895039531
9349839309
9496530459
9447545792
8111802839
9447050408
9349599107
9447545778
9995885880
9847017020
9526577999
9249293268
9961661925
9048255598
9995498425
9447437065
9447524846
9895010177
7907932224
9895946070
9961150447
9895793852
9605753605
9846049838
9496751629
9495047633
9446991039
9349377770
9447828766
9349904658
9846062974
9947352795
9447674374
7559863766
9895266271
8156822917
9446293020
9446364084
9349897913
8156816521
8137922033
9447235906
9048758040
9947449393
9747535686
9188742554
9895095247
9744819643
9446216767
9605935962
8137970471
9605151973
8547494381
9387178170
7561875938
9447754300
9947774400
9847341940
9497670070
9497740125
9544450458
9447960877
9446043824
9446624387
9495025833
9447670035
9446290181
9446410512
9048561601
9447030413
6235303060
9895203130
9446366596
9446228831
8086369045
9961525356
9447412534
9539423930
9388351216
9446683015
9447438008
9447668559
9495378285
9446147334
9809052203
9447962895
9745240376
9744718575
9562910910
9446159918
9447958071
8547927645
9847719951
9447618802
8943619895
9497875171
9745305677
9495851735
9895417690
9447126849
9846073975
8086466260
9895611074
9495230741
8547827857
9446428321
9447442086
9446510638
9495248843
9447067431
9495462268
9497609406
9746385455
9995832267
9961516714
9495467120
9495046133
9995930099
9446414405
7034715149
8291995339
9446940363
9526482302
7558004228
9446574349
9847403656
7025991000
8943928703
9495289976
9744306658
9961993602
9037270406
9961822209
9446349608
9846002366
9947309775
9446872190
8848402408
9388987176
9747213337
9656491920
7034134900
9388852217
8893888818
8606605169
9037636311
9400632468
9207035307
9526767921
8921521715
9446505680
9746574024
9884784110
9847727453
9446545758
9744574295
9562922980
9562570093
9072194604
9895006009
9447878602
9387884281
9605516000
9895540619
9961540144
9744353205
9747119908
9645590354
9746416911
9746253532
9447442611
9744447782
7994571518
9605770337
9846680574
8304950262
8113987342
8943082874
9349959514
9605838134
9846085805
9567696611
9495763348
9539947829
9747554686
9447600669
9447527944
9495883631
8281912316
9446231743
9544972281
8078373477
9495943406
9447993647
9746174730
8129187737
9605951170
9656740147
9846049974
9446429453
8943664319
9495674360
9447265465
9447091666
9745529972
9946690760
9446939581
9446240211
9447921004
9846053097
9744588118
9496289847
9446434999
9446623525
9846748067
9349007067
9495246851
9349259436
9995751191
9746945104
9447083606
9686711003
9846050726
8281913151
9846120246
9605569335
8129269369
9745790451
8547593897
9447308850
8281683948
9447020927
9895820398
9745682491
9995869736
9846741587
9496976878
9048238008
9747156413
9605142396
9446939749
9495403352
9745432978
8089984320
9495668319
9538101137
9745503252
9995289974
9447396678
8086039101
9447992348
8111836179
9446483901
9446683480
8606580814
9497459595
9895566802
9495355038
9847425001
9446080396
9633791985
9895592294
8136930375
9061992889
9446073898
9744369936
7994248689
8921380958
9446995065
9446497651
9961614152
9847012693
9544010075
9497802206
9495634362
8943696793
8086882271
9495320627
9744703712
9539640015
9947425458
8113857337
9446936211
9605755569
9846297808
9400566641
9048265239
9946030172
9961539352
9495740132
7594867069
9567382395
8157004436
8547727360
9947571924
9946142627
9961610474
9645035870
9446765897
8281187611
9061421167
9495632432
9400103319
9446725143
8078010889
9946446237
9037198929
9995157990
9447670084
9567167538
9846169507
7025637194
9495956245
9847082204
9946341547
9605089181
9446815567
7012161326
8982959171
8301887868
9446733234
9745261951
9895162861
9961491835
9562854654
9744420140
8086712478
9846114913
8086628333
9846615423
9446277826
9995730312
9539820988
9746085928
9496842818
9447969874
7034226633
9447054477
9446250421
9689946680
9746128010
9846570220
9544332110
8129494815
9947053996
8606063611
9495694467
7021271302
9946818724
9567515463
9744207554
9446000065
9446610222
9847777420
9447860604
7025102891
9526413624
9496216549
7025803990
9447782928
9656220211
9447969964
9207168842
7510576440
9446522442
9605646704
9656851052
8921205056
8139093337
9447189698
8281089795
9446036333
9496416840
9446760998
9446086843
9435020618
9645277095
9447225737
9349277351
9495854376
8281735638
8547375495
9447392210
9447542580
9495548609
9495065065
9544298700
9400155350
9567660046
9447427118
9447152118
9446421084
9995063770
9446048370
9446548502
9446328105
9447352383
9446270281
9447619009
8086955068
9747437570
9885239272
7907544950
9447694105
8086092796
8570962822
8547448550
9544026742
9846162314
7032055707
8075765927
9847182176
9447549314
9846766299
9745379654
8594081054
7558073497
9447991889
9447617186
8606137512
9747003122
9947744437
9446844212
9605177851
9961540829
8714816080
9846602454
9746876838
9995654474
9446909901
9383400518
8606169713
9847860005
9947051719
9495169922
9745178287
9744618598
9497016712
9495394184
9567180500
7591916939
8086279793
9995654127
9207256564
9605362305
8943641842
9400247333
9745246866
8301959097
9895761009
9495761248
9789027923
9447943695
9447736760
9995613770
9496796077
9562892644
9446145053
9744555940
9846026165
9496165095
9447345305
9446445079
9446425028
9745218855
9539242120
9562310217
9495039894
9539004121
7559008409
8281230622
9447365915
9496742145
9495052355
9447671555
9539448887
9447668549
9447617647
9744456821
9995894962
9847045856
8281363283
9495943629
9447790933
9539661936
9495248348
9447743004
9496149643
8281745412
9497481311
9447466672
8921791944
8289957312
9747694991
9605086044
9446344900
9747874089
9446229555
9895447514
8088807680
9744196002
9495363300
9495881403
9645546288
9447562808
9747733654
8921126109
9744969701
9946444942
9207035815
8547949814
9946820624
9447901833
9961893934
9447001518
9495423286
9846499020
9447261553
9746591884
9497152575
9495354827
9847776154
7025917178
9383497002
9946068943
9447581736
9846412233
9447811761
9447443306
9995709987
9539868058
9809648758
9895745979
9846115460
9744589833
9495268485
9061845142
9447307688
9847068884
8848047384
9447617061
9995000732
9995783721
9633411242
9895406161
9895385354
9946639639
9142133400
9446097186
9446121231
8547342031
7559925974
9048181828
8075959435
8281437572
9995145353
9746630567
9447781516
8129941160
9446279626
9847084069
9495055835
9427719904
9446936102
9846088433
9847103013
9747786430
9447055057
9946505333
9995883609
9447533769
9961767289
9744098440
9947194920
9746647479
9388485397
9447392106
9447236176
9496466899
9497624388
9496279608
9497865581
9544444494
9562513381
9526660940
9961933399
9845399329
9747803528
9496727328
8281868939
9447095376
8606288002
9947165667
9846615524
9349945660
9562696860
9400870817
7560903100
9037180525
9689321856
8089592875
9495028104
9496663107
9497256004
9846159109
8281370421
9446872336
9446419094
7560924497
8606333668
9400974335
8129088877
9745561043
8606780592
9400036005
9526356889
9447619387
9446938163
9446331966
8113865634
9447671055
9496126017
9633526090
9847555872
8606088539
9633526090
9567466550
9961603644
9496216813
7559006794
9847740173
9497071028
9446449830
9846543420
9446649296
9847228801
9447138433
9495045905
9539768921
9446989508
9497783572
9656941546
9744415250
9400512869
8826973801
9388336578
7994115513
9446693664
9745459385
9061396212
9446777632
9947766205
9947452649
9645647732
9645029671
9495132411
9895118785
8547143049
9946035237
9633080388
9656166301
9495040308
9562765312
9400022246
9072733570
9544157879
8547046961
8943310921
9745300867
9947135174
9995255768
9446292453
9846944631
9387394943
7356100139
9846771966
9539709180
9645072311
8157911280
9645079193
9400847112
8943489536
9745324774
8086228428
7561850314
9447877202
9447190776
9840022583
9846554801
9633378168
9495889502
9495503345
9745822818
9746329580
9645805053
9495565504
9446945879
9142152742
9539735306
8547509735
9947093218
9447655294
7560815720
9539673190
9495367919
9495367919
9446234203
9747992912
9446387487
9447902529
7339627079
9847002672
9407726839
9447102180
9447840821
9496770481
9497422468
9448956233
9447361756
9946246407
8086552120
9847480777
9388557858
9446440170
8547572367
8138818515
7558899702
8281687056
9947189654
9998267470
8086520411
9745077777
9400317887
9447213750
9645143790
9446769504
9605818949
9656629043
9746300020
9447208181
9747594902
9496136496
9947744437
9447179202
9961884251
9447193679
9495578555
9843412022
9446936450
9847098320
9633556651
9447191560
8606311311
9496124550
9447613344
9037803928
9847763226
7907464163
9447114561
9495852979
9446653200
9544436801
9496865387
9495781883
9442619053
7012690057
9995436843
9443189767
9249948636
9961725374
8330072200
9446019080
9846244753
9495760388
9497837072
9526023349
9495174921
9526038037
9447079566
9495130744
9387687335
7034446350
8594062001
9747957093
9645580911
8606501983
9446140434
9747333667
8281906932
8281782456
9539343937
9633696447
9207286098
9744721517
9496290025
9400401350
9944728005
9946107946
9846344020
9539966976
8592807045
9227715601
9633936886
9497447145
9961482923
9447181802
9846352916
9539881933
9846707011
9567751462
8848872957
9809758279
9539411788
9446360090
9567076683
9495513190
7558818817
9744415178
9495891023
8547025070
9447215203
9846582475
9656832843
9388554961
9846088090
9961919048
9544110364
9847543661
9447712589
9388627977
9526011196
9745285430
9744712336
9446083770
9946246718
9495423724
9249421232
9349182168
9496244398
9847774545
9447033146
9446439289
9349942474
9995659588
9447242218
9400617441
9061403371
9446937021
9496242814
9645661083
9446573106
9446493119
9496291536
9349978413
9388780514
9497061699
9884678111
9447404525
9495013410
9446723574
9447185472
9447472282
8943225463
9447512770
9562984661
9447442376
7994168506
9847032318
7025213518
9895097758
9562969561
9142026546
9946868658
9496164414
9447639823
9745720571
8281584420
9447257436
9207092940
9995067236
9539112183
9446229205
9745779609
9562603729
9544176480
9447738380
9446143194
9961351541
9446230662
8089817088
9745766550
9961307191
9400187557
9020203311
9846501666
9846793168
9497071798
8086857414
9447350222
9447804898
9037397135
9497191210
9746359586
9446528144
9446743732
9895816981
9447604235
9847581557
9895210640
9447024981
8089310731
9895769973
9633335342
9387120312
9387497621
9847936587
9847429599
9961767255
8547721290
9745757118
9656729118
9249700007
9048618618
9846178510
7907564929
9496428354
9400426676
9995865535
9446716533
9446040187
9567441009
7994193052
9895701243
8547189884
9446023495
8547693955
8110826930
8281554608
9447459469
6282329695
9962132117
9446431584
9946810390
8547000286
9633289310
9447985825
9539750377
9446051031
9496486536
9961786439
9833676398
9446366688
9961019015
8129270924
9995446825
9496277933
6204701318
9495733209
9495735986
9446487744
9446464572
9496054229
8375089308
9446097557
9188299757
9895523031
9446384171
8469646252
9496280119
9446511392
9037571009
9447590307
9895722141
9640044850
9446449824
9447045306
7598006372
9895558890
9746470181
7382637974
9072160518
9953101487
9495079857
9495468097
9446332519
8106737008
9490663320
9495843552
9969073944
8848521644
8281551580
9531928968
9446035355
9969076845
6350026393
9969943361
8281815134
9400456130
7038100426
8332045316
8903206257
9496564269
8500933550
8547663871
9443082009
9446052476
7738110757
9400938668
8567952412
8985891734
8304880093
9446109481
9446109481
9995986888
9544909465
9846066272
8985028112
9895690637
9703018916
9446568835
7382980406
8075016247
9757250948
9869503152
9490124610
9490756105
9446632362
9401044006
8436357037
8086950761
9496437816
9496087741
9933227312
9440895073
9532123564
9923141969
9490793792
8105363856
8098215531
9895936204
9633035210
8281857115
9846259802
9961421479
9895221601
9495602053
9995070678
9895656203
9847710396
9633559077
9847987773
9388274414
9048110214
9746392800
9846136644
9496575452
8848436151
9048819676
9447183241
9387885144
9633455893
9605875078
9072175069
9496115214
9947721937
9847645413
9567827990
9995519861
9446549518
9946811168
9567865888
9846031743
9567325555
9946559182
9633538903
9846070290
9745196020
9946652298
9496741940
9207745768
9526195261
8547590039
9447038419
9846055122
9495812963
9946927888
9946762841
8281663375
9447614160
9446091611
9495424863
9446469043
9995767967
9895062590
9020202041
9633222393
8921609192
7356979996
9447001877
7356979996
9447162754
9495931571
8907130064
9400053236
9745232727
8281094418
9544346413
9388604545
9495382634
9446228027
9746124999
9895321619
9072056565
8891150991
9895298523
9946064916
9495813460
9745072401
9847307632
8078898888
9847660898
9349930558
7356155788
9567694718
9495078670
8129788969
9447735828
9539968801
9048760448
9446065266
9847083048
9142357478
9847246370
9447150105
9567236374
6235552300
9846039018
9846039018
9388501001
7034885169
9895064989
9388410445
9847189062
9447342461
8714838888
9388818817
9388816921
9447036444
9744960410
9539674874
9446545053
9447131028
9447500641
9846996966
9447590457
9249269392
9946107118
9249573743
8281020395
9895763711
9895095881
9446451908
9995866199
9447049546
9630631296
9846412306
8893601895
9846500208
9946242313
9745534415
9447045114
9633239293
9847083054
9946160091
9447796922
9846337227
9995244634
9447169010
9744200175
9447817838
9249778567
9142238493
9895015430
9061148228
9495600135
9847039418
9447573665
9562060130
8136802852
9447929160
9446376512
8547929980
9447609974
9895752477
9846392249
9846422999
9846278290
9946200844
9447138031
9048302040
9037090870
9995004289
9447119750
9387966255
9947273635
8593913259
9495026356
9447647704
9895698732
9446721161
7093800434
8281988274
8547650520
8281786990
9567042811
9645559574
9446030359
9447012728
9249501676
9446326030
9995662499
6282124476
9446905402
9025730007
9446839772
9442275536
8281670486
8547503716
9495935051
7558001931
8547023383
9895090804
9946262978
8156910582
9037841978
8155022783
9447251541
9447828029
9446938123
9746769421
9961516832
9809909135
9446523406
9995519423
9446426486
8714832499
9400575086
8281558137
8129589795
9847035016
9895133334
9447335544
9846288558
9847307721
7736212534
9846542345
9447603122
9446544901
9846037513
9447875463
7510897041
9037391001
9061997841
9447134054
9447414090
9656596934
9895520150
9388689670
9447451975
9288708195
9447260261
9447869840
7736211510
9744496990
8606008887
9349960375
9946802850
9995324239
8089530626
9846466044
9995353645
9847093374
8281339976
9744498008
9567578148
8714261886
9446016736
9846215022
9495558597
9961532196
9895070831
9447380554
9447177829
9847824070
9746355219
8547107989
9446919378
9447958717
9037556754
9447775451
9447610049
9446417514
9446515466
9895341141
9846752502
9447327815
9496022796
9495382756
8089005504
9447233413
9447179429
9895139232
9447147470
9446413570
9446661897
9947530441
9995079684
9847530804
9847968677
8075145774
9846298681
9037864425
9633333985
9633030504
9061909008
8943265921
9633013128
9447177759
9847083936
9744889788
9846952697
9349631509
9539549396
9447796850
9539549396
9946420150
9947005005
9447589879
9048187786
8606396630
9895755961
9846544477
9061126267
9747762727
9495924628
8547404459
9349911171
9995905697
9947078644
9745576556
9846321334
9961713937
9895646293
8075721425
9895147437
9341809769
9995557764
9995325311
9746010574
8089801001
9946023330
9349119090
9947057050
9846545824
9895871913
9447106663
8111887359
9895169456
9495526588
7907271079
9447055078
9496224958
7907271079
9037279013
9496277874
9207396716
9447105990
9746325972
9895687579
6374516911
9495221414
9447774802
9895560692
9995178310
9497460026
9447702020
9744559000
9446568076
9446128296
9496744955
9497025216
9847033977
8089226735
9446596875
9349507910
9446338695
8157994297
9846333623
9895858621
9446440606
9447700850
9847430499
9847432550
9061556763
9745333225
9447705392
9037055667
9847012233
8891862439
9495937986
9447928363
9745243411
9446311588
9447815391
9496573886
9847485561
9961177705
9847547115
8281301843
9446762999
9895324664
9447991080
8589904994
9495810923
9445953428
9495839712
9746996655
9846146855
9747800696
8921558790
9995164508
9846165205
9400523951
9387333311
9497700649
7025098908
9497445151
9895331305
9446018394
9633359376
9846191202
9895788301
9847852103
9946677874
9048502606
9495536505
9388883258
9846531226
9947129459
9895897058
9495383237
9847316201
9846121715
8089540197
9847042819
9946332660
9633631789
8593046688
9895353274
9446401541
9847154777
9846033154
9447577440
9497467435
9497714618
8089449821
9961166695
9847341492
9895398627
9845215113
8129596594
8281642828
9020074656
8891002705
9895646344
9846021417
9946440449
9495736806
9447379388
9447593297
9947042920
9447251574
9497680492
9745609827
9446413554
9447463326
7558881204
9446576428
9961081234
9961422445
9526878787
8111808418
9846080086
9895918440
9447401563
9447509536
9961605043
9447167852
9846198955
8075965928
9562512988
9847083063
9747016606
8891680337
9249349555
9495629737
9562317035
9447185919
9895064500
9745999080
9847320580
9446085816
9446555064
9745233974
9895827513
9447774800
9447598271
9388818936
9446075561
9447283709
8129776677
8943622501
9995883100
9447215419
9446777755
9495425781
9746235695
9400912345
9847072252
9895427466
9969822008
9961523387
9447245940
8606127931
9400177376
8790967182
8883132288
9744063336
9847010390
9446449505
9946448345
9495897404
9891045196
9444474680
9495467252
9496109444
9486451751
9446718583
7025063330
9847230052
9847423223
9496495721
9539009276
9544558772
9446336766
9443104640
9995178841
6282492117
9072252454
9061329705
9961722449
9446379796
9846132446
9495051925
8086423769
9633591228
9497019270
9349449285
9567288654
9447094080
9497617965
9656604002
9961998981
9446491900
9497818665
7558052236
9048800950
9447106417
9847086873
9446857071
9495128215
9496867362
8138041000
9846072915
9747406004
9447034099
9947056060
9496904280
9567833638
9961966337
9744983398
9895874216
9446350566
9645195734
9446042670
7902688426
9447480090
9447432686
9567849590
9846196128
9349001474
8547150075
9895437654
9388436855
9539785455
9388436855
9446469538
9447811174
9446428030
9446022723
9645653401
9562227494
9495984863
9995889147
9846180805
9895972765
7561813566
9446617352
9605333301
9446867152
9048525501
9446380595
9099926545
9474072897
8921637131
9446093598
9400855535
9447556908
8197203300
9447505330
9947219770
9497546879
9447391653
9605834546
9745603435
9387451213
9847009028
9496157878
9446591219
9847420506
9995355072
9847862427
9446070917
9446438678
8891473664
9846143691
9072377790
9404503934
9446990396
9496159121
9847144608
9100944492
9605035779
9995983153
9446445295
9846427491
9497443613
9989435904
9388487919
9495630803
9947249279
9495122449
9446011230
9995423687
9447475541
9446541126
9946520010
9847476700
9447985992
9895074430
9995135048
9847133943
9447139779
9072349780
8879613750
9446350714
9447574130
9446013051
9447409895
9847733917
9447310803
9495188011
9895999444
9074393511
9847102269
8547000575
9496431215
8943174824
9496225525
9387101511
9600077041
9846593240
9847819921
9995350356
9745810449
9746052570
9447327550
9388657833
9947783530
9886708255
9447497155
9895982237
9249743413
8078141248
9995593997
9446568364
9946153362
9940173631
8281223691
9847007778
8281822303
9496450601
9947163826
9037652238
9349634002
9995228951
9847858023
9447870622
9846110614
9526687860
9846441159
9995324490
7902471543
9847737108
8089488165
9387162663
9847433318
9037492242
9249519900
8281025403
9446488071
9539701523
9495322324
9447086722
9447184924
9947307158
9895712127
9895225255
9846003418
9447974465
9847715433
9446688460
9847030955
9037220646
9895358902
9447213383
9747438888
9895229383
9447607554
9995883898
9895553414
9747397856
9895386334
9847023605
9037900763
9895132673
9567851230
9846334349
8606077324
9846378523
9447665349
9845480413
9387536908
9447819213
9745233038
9447045807
9495017127
9495336318
8129215489
9946867756
9400336587
9833016170
9895012630
9447204427
9446510299
9496502458
9846455068
7358369677
9400333992
9446868637
9567866606
7034885550
9495429553
9400924564
8606366227
9656033212
9895176318
9846147318
9048990502
9961731739
9447404715
9847050385
9961039278
9446510034
9995891721
9645993310
8129014049
9847058778
9388429132
9400241144
8870011267
9746206369
9048400051
9497546873
9846294363
9895055011
8943497035
9846036923
9895161978
8547729988
9995470933
8129458111
9995431794
8943348526
9562063337
9567778266
9633916080
8281108728
8155999161
9846089196
9495429380
9947033451
9895704440
9847038082
9447378266
9495950270
9746284595
7012735636
7012417550
9847901809
9495634527
9446430002
9446357657
9745605472
9447432101
9325463304
9447565462
9656217313
9495387850
9946669421
9544515125
9789317666
9567070830
9447455063
9947210160
9744882446
9847157589
9846605639
8086584925
9895773311
9895253659
9495265003
9895574355
9072620044
9495023523
9447604177
9497789428
9961076498
9400720716
9744875371
9947178018
9995391733
9895360321
9388677973
9847327381
9605674121
9847245116
8089462802
9447475329
9496513844
8075417943
9746726444
9480673231
7994259910
9446873172
9544553555
9496762237
9745106719
8848996816
9846131093
9895348656
9447015770
9846144411
9846622999
9447258700
9567043008
9846465190
9947220559
9446565523
9605498503
9947154790
9847731062
9544208828
9447716018
9745171543
9946000869
9895572879
8129970169
9943151170
9539005910
8590399246
9847723232
9349450150
9847174000
6238429359
8089089039
9847987081
9567960162
9446489454
9846560973
9495734349
9495937470
7736306018
9496120726
9496279887
9447819021
9446896962
9447397143
9446140554
9446211687
8921433826
9847233710
7559951096
9447874898
9446073989
9544909136
9446140554
9447751524
9447738420
9497369442
9447046283
9496744318
9446511850
9447901957
9446387493
9895490008
9447584767
9446573915
9496304750
9400713219
9447526840
9400985127
9495425471
9446045786
9446336345
9495778298
9447988055
9446612268
9447090827
9447218183
9495429394
9846159505
9495272810
9387452233
9446935654
8289942270
9846870074
9446207466
9447181672
9846053901
9142303017
9947090933
9847053259
9846147709
9995352786
8086533344
9447347946
9446192343
9847036168
9446142038
9349256576
9946241822
9633403233
9846160261
9447718343
9745359159
9249947628
9446546449
9400818181
9495773103
9446432200
9847212121
9446504222
9539018889
9746837695
9946062479
8086969925
9961246972
9446219046
9447251767
9447142318
9745002360
9447057631
9497516875
9446506142
9847420347
9846049391
9447509297
9447001582
9495466580
9847474733
9349994995
9895514952
8547979677
9995419067
8281989541
9961616335
9349261144
9446044777
8129310111
9447368193
8137038918
9447573424
9446819989
8589083835
7012132014
9895557573
9995555678
9847355820
9497025083
9562107444
9496575869
8547322099
9847301505
7012334780
9946727665
9496217446
9846132060
8714530968
9539651417
9447112735
9846077703
9847292965
9020602010
9447432860
9846395326
9847321631
9446720694
9447328096
9446549133
7558951370
9656107657
9447377607
9447290836
9961505750
9388601704
9447133329
9846077295
9447985759
9447325160
9539756016
9447435522
8891055701
9495222243
9447165892
9895183949
9744076325
9495781365
9447397043
9349210300
9446337578
9447034804
9446409733
9496276130
9895154715
9388603845
9400125672
8281605012
9446032619
9447509584
9388822188
8547383263
9447064311
9446077895
9846767721
8078576646
9847224454
9961422800
9496823748
9446979662
9847055815
9961300973
9447364201
9447810821
9495679688
9747921098
9400145363
9847467170
9446921618
9995009321
9747045591
9818614079
9746200343
9995860477
9447073218
9447105638
9349371272
9846127711
8086801272
9446535939
9895951030
9961663620
8891005258
9447992556
7511177291
7593964825
9567765163
8547858268
8547800173
9447460435
9744981911
9747944701
9895659614
8594099337
9447226347
9847551355
9605494990
9447664653
6282394814
9656228576
9447876848
9387585022
9961065658
9447857477
9497681204
9645533770
9496467243
9946615221
9747838029
9447217944
9400689881
9497791428
9779850347
9746828986
9744580696
9526264767
8943450093
9446562127
9961545999
8606389393
8086127273
9496086870
7025752292
9645861494
9847050778
8225967282
9446329574
9388603716
9744905999
9495429540
9947600348
9496238119
9446549557
8714951714
9946999605
9846812575
9995181677
9562776445
9847053074
9400261457
9633538365
9947983252
9061453725
9895427972
9061235012
9496450175
7907539271
9846243421
8943562661
9446518447
9562803195
9847382112
9633992505
7034852118
9847012132
9496276670
9446584932
9495187015
9633035376
9446446454
9846334899
9349234224
9249414263
9846948740
9573613558
9496276461
9895023409
9446930496
9287931935
8075255546
9400821731
8129906199
9447609960
9923915608
8882483227
9946123621
9207076025
8500399208
9447026618
9969129788
9037811265
8374046785
8086457834
8137025113
9995200617
9605624474
9447792622
9946510046
8086124854
9633049416
9995117417
8111831586
9539552291
9995158830
9400423322
9746967957
8891411891
8089137078
9895834522
9447459895
9447604066
9446070775
9895155844
8129199833
9895465592
9526208880
9847377501
9349274215
9446066978
9495954154
9744042298
9895462304
8129343766
9746053034
8606255500
9388464770
9961725349
9447915109
8943160229
9497393299
9446814421
9495315321
9995399986
9400703572
9349405647
7736045022
9446445501
9846940566
9446501559
9846170088
9495642464
9447460212
9895615962
8943939955
9895135265
9495217778
9995809704
9447495157
9446457132
8606348439
9845097770
9539992999
9495771908
9846063888
9846091139
9946099887
9995437429
9447860802
9895338709
9847039721
9447620601
9895386035
9847613655
9048551988
9388011452
8606507899
9446194692
9387883791
9447228788
9249417770
9847778353
9447292245
9048560090
9387936889
9446550066
8606880096
8129916693
9495678716
8943101432
7593900359
7012661677
9847615748
9388466066
9747810109
7560951379
8921487970
9995869754
8086131545
9388888180
9995188070
7403101366
9895906173
9048601296
8592021122
9207325514
9995374779
9037733385
9061400114
9946235809
9745626188
9747144361
9447665769
9747481025
6282691768
9446013420
9288033517
9947588433
8891348364
9846919605
9447431363
9403653388
9496451084
9446444503
9946237585
9400933227
8281848101
9995194390
9495272554
9633566700
9495314872
9744992236
9995851416
9633140145
9656431293
9447511954
9447305775
9447712226
9961470058
9895056807
9447363270
9746458549
9847288280
9447365200
8907091753
9496820768
9895859252
9847740214
8129310030
9037887443
9446932793
9995031888
9961813889
9846727766
6204443608
9605854606
8138874778
9961808502
9632685633
9847327274
9446414601
9847109191
9400134850
9061318199
9947350898
7561809951
9846075626
9645880667
9847929191
9847219113
9400034424
9605114920
9562972950
9495472093
9037048744
9446364541
8891644165
7510872523
9446687567
9846010203
9946990061
9847033624
9496420604
9747006330
9544582539
9446475625
9605915222
9497687221
9497687221
9249312542
9846894085
8606501209
9446479575
8129818292
9446902615
9656125238
9446139473
9072716594
7510825073
9447435299
9847501727
9496178244
9946480885
9061821389
8281087993
9447024578
9961694365
9895191448
9447200409
7907501963
9349838346
9895957535
9447172291
9744707117
9447482396
9562148925
9847278014
9447705849
8943630802
7510961157
9747646644
9497185217
9447172714
9207410227
9947156762
9747555049
9656717824
8606693695
9539076140
9645288397
9995487977
9447813218
9446414860
9048829948
9895114746
9495370691
9656318950
9446012205
7591969363
9847903400
9847649105
9946629751
9947270833
9446569043
9388605225
9446688694
9995021979
9447394249
9447873805
9496178321
9447836019
9447724264
9656250620
9846550159
9495336255
9995553964
9745886898
8547227317
8086528215
9567544326
9495714547
9495509360
9995907487
9446907494
9496453988
9745518197
9539538692
9745963609
9895367985
9048232527
9946347928
9847313628
9447045604
9447061033
9447717955
9207127091
9447528386
9961817076
8136852861
9747084968
9946419524
6282559262
9605048240
9846804157
9447474044
9514516914
9447476534
9961609569
9495481244
9447330803
7293215249
9497371166
9447266920
9447365197
9447989347
9438621364
9447465767
9495471724
9496180137
9447921293
9544359557
9447611594
9605363763
9495382835
9562954298
9447612315
9447419511
9496020427
8281883055
8547795555
9961152081
9447856115
9447220024
9544719184
9961189564
9447309306
9447419347
9497790957
9446226037
8281105112
9495911929
9562986774
9947565268
9446609679
8547532810
9946496142
9447522652
9400800307
9496566143
9961747998
9447238213
9495513880
9946108423
9847633473
9605319545
9605319545
9447876455
9447066535
9747706884
9745352723
9446608866
9961016219
7561020716
9947281223
9496209061
9447523076
7025729723
9447311001
9745655024
9946036601
9447200606
9446131537
9745609486
7558922080
8289833915
9447046899
9447881440
7025005574
9495950076
9447162733
9046825389
8289838545
9745999031
9744157188
9447101285
9745344800
9495038551
9446576769
9447081491
9747252541
9446929450
9659785730
9447074962
9544680089
9446609352
8547607175
9847135251
9447332136
9496497819
9400935499
9495219483
9847941791
9497774707
9446410051
8606291274
9446336486
9447194310
9495812397
9447454342
9447613179
9446334465
9847263586
9947335358
9496060254
9446610605
9544885637
9495255025
8281874598
7034407754
9447227611
8547699624
9495812619
9495255453
9495158375
9496226208
9495812535
9495695416
9495837807
9447523604
9446130133
9446130031
9497040033
9645122007
9497820301
9946047674
9446119454
9446054021
9446858797
9446960201
9400315985
9447598459
9745643719
9447301829
9947698275
9562132093
9446370163
9496826990
9446959650
8547596957
9446774989
9846524151
8547255711
8281427816
9747006596
9447659962
9447111366
9447117210
9847031113
9895395097
9349500667
9446579622
9447302119
9544500866
9495445877
9387615251
9446287778
9496751687
9746123534
9495619830
8547034676
9020354098
8547162272
9895038955
9446464008
9495416131
9946211553
9495626552
9495313545
9446075555
9847210980
9446603789
9538708731
9446714312
9846066247
9497666695
9447694480
9447694480
9544382128
9446100161
9656102849
7510250556
9446862283
9447057494
9447506389
9847001011
9744475391
9447464026
9747824850
9497612926
9497088049
9447181023
9447845973
9447661762
9496724580
9446045246
9495332186
9495010955
9745007427
9446125369
9400842669
9526270425
9767382307
9400893501
9847310597
9961601067
9400231986
9447661696
9400315896
9446921885
9446460375
9496263656
9496545261
9654688750
9446041309
9497282784
9400512933
9446369740
9388862387
8107429133
9207316590
9497772445
9447976576
7909219620
8978420625
9495526587
9446213478
9496375721
9496302265
9043087452
8138915166
9846806875
9072413135
9846888095
9947896269
9446459375
9789488676
9447056265
9539989227
9446190774
9447857161
9495120065
9446984929
9961020101
8547501583
8547652020
9496984849
9447285257
9947109279
9400443414
9495618729
9544670472
9495430401
9995591892
9446828766
9446712850
9961311472
9496415604
9605925133
8289963718
9744391567
9447207604
9446982507
9946143164
9447614327
8086454384
9447775654
9496623117
9495188985
9947243437
9349847369
9400328557
9446551769
7034069136
9446040344
8281270043
9446196164
9961740585
9446527740
9446402332
9447753850
9495446761
9447806907
9447710385
9446255700
7902323944
9947328669
9446985439
9495313293
9447850200
9447703878
9946589824
9496570741
9745961387
9447714618
9633587505
9895780095
9048001345
9447290736
9495848791
8078406290
9447810086
9446090566
9447400721
9895031771
9447660880
9961411603
9744110101
7034386936
9961990310
9656821477
9446353890
7356627037
9447357167
9847111257
9539790702
9961097996
9747135594
9526381038
9495152364
9562147515
9633967220
9632572535
9656220316
9745123130
9665351713
9447104896
9497851502
9495558480
8301877767
9495558480
8156938991
9446518251
9495635535
8547893099
9447287956
9447365290
7019716296
9447306674
9497322353
9539316347
9495663452
9961028085
9744759855
9442760486
7356758909
9446775324
9446616740
9496190011
9447170710
9745917017
8903771239
9847477466
8281071376
9779898206
9886181234
9349062500
9846787000
9446285897
9495146296
9745018025
9961329250
9946064669
9544497094
9497227206
9446448332
9495747550
9961581001
9442066784
9443401860
9895660501
9048178402
9037486357
9539330029
9447881239
9961806033
9539852237
9947559969
9447836968
9447526474
9495052550
9496257526
9446340941
9895961431
9447095203
9497452267
8547516782
9846657738
9645555109
9847392030
9745435006
9447387748
9447996950
9895366134
8714309006
9446539538
9495867913
9995496444
9447285406
8943731899
9747451899
9495436580
9488117092
9446261250
9447225513
9961058429
9447041233
9895540282
9633424801
7779988800
9495094057
7559915289
9846999777
7358610386
9446889188
9388986662
9446190644
9447280363
9496401880
8138950040
9497675860
9946215798
9976676633
9037177248
9446589682
9562413017
9961266484
9495945297
8606781110
9745526851
9656940415
9895638046
9447231565
9656866175
9446058684
7025635189
9446346374
9744187814
9447097261
9447587647
9745677797
9447078654
9447050479
9447775545
9447208761
9447858360
9446054320
9447703610
9934010721
9747014007
9446276074
9447250105
9446109351
8547067488
9447311295
8139091435
7736113545
9446527757
9746237930
9846741388
9961239114
9447689466
9656396457
9447279605
9446359048
9443276979
8943019220
9495070182
9447504141
7559814076
9995249060
9447483322
9895020491
9995435024
9446822599
9526793910
9495395782
9446239318
9446527757
9567797717
9880296768
9947750176
9744567029
9446552020
9497390029
9961295835
9633304332
9995691007
9447014242
8547919845
9946998208
9961875279
9947216923
9447963458
9558804023
9747492172
9645314510
9495240890
9744794286
7909145396
9446438841
9496569048
8281790704
9747770846
9495734643
9446758476
9047449047
9961139064
9544139037
9447139042
9446122730
9745558752
9747297198
9447140192
9446097002
9447844854
9495011456
9387210989
9446725571
7293777000
9947655920
9747470144
9527415455
9495395443
9424233940
7025935944
9448613258
9447356647
9846765672
9656806769
9446602745
9847563488
9961273658
9495336367
9400743698
9446227311
9447849756
9497820707
9447677008
9995932164
9495481180
9447572940
9539368392
9495159559
9562179360
8606604624
9961703711
9446765960
9447258918
9946800350
9446094387
9947476276
9447761424
9818218819
9947981899
9497705214
9497587415
9961597643
9947277209
9744817861
9447418286
9544857055
9847109773
9495191478
9446021795
9443881269
8889222676
7025402716
9446016081
9400462571
9446201221
9447488719
9995055235
9562639691
9446205314
9447508027
9562304255
9961675019
9495304927
9497744620
9947165456
9447141857
9207203893
9495063833
9745159326
9744456144
9496748428
8427561746
9447766359
9847897660
8281974579
9995962949
9947466966
9447877122
9846710934
9447016838
9947224003
9961093079
9496113630
9946622078
9048781230
9495438095
9526603634
9744607076
9495704114
9495558122
9747175245
9526622435
9446225460
9747205750
9961559358
9745690749
9862206805
9447356702
9447193900
9846748548
9495980489
9833979089
9400036248
9496160066
9895752062
9446138209
8921094071
9847695387
9847081410
9847361030
9995127133
8547388151
9447456249
9605255662
9446048050
9946710468
9495156675
9847300932
9539077093
9847020547
9746949710
9656011588
8547032281
9446204772
7902504902
9747500600
9446716117
9847942287
9947591485
9605967334
8075196790
9847460636
9605525948
9446569009
9496791302
9048510582
9495705592
9539469314
9495550811
8547354508
8281792051
9037872589
9496897923
9446154707
9496077408
9995634118
9747992930
9947501517
9447238001
9846384862
9446090040
9495544664
9747166535
8903451337
8547000356
9495843086
9497093737
9846361632
9747997992
9747846699
9961313330
9495555583
9447211737
9496330328
9496323338
9496592319
7510292522
9497542512
9497106915
8086183410
9895572298
9446147834
9605516349
9846074438
9446862057
9656595875
9645898995
9746282272
8086011054
9495314070
9746282272
9400285225
8301087340
9496262090
9747832297
7506723329
9400154618
9447454635
9495310068
9446350388
9446194099
8113066561
9847122920
9747856700
9447589049
8129923360
9446184163
9447466194
9442500618
9446985206
8547010908
9447245587
9497295122
9496574940
9847410100
9497786990
9747692625
9446125232
9947781891
9961419918
9847538550
9447020311
9447701262
9744463755
8557875870
9846800302
9744990316
7025039042
9446709189
9446123354
9497401416
7558089089
9847980246
9605957172
9961453453
9446046360
9496221469
9744610655
9495686117
9043601881
9895815667
9400921228
9447874283
8281831840
9447493160
9447593228
9868908247
8113923432
9447378589
9446096746
9544537427
8547134147
9497647257
8111933273
9847977141
9497676346
9946559727
9447020490
9744615849
9447820059
9447344309
9447548870
9495757578
9447365211
9447327428
9495233250
9446053931
9447660212
8281711603
9947051056
9605924919
9745713442
9946645660
9747087461
9061130419
8547529801
9847301392
9400955489
9447569423
6238415142
9645317898
9846276021
9846568048
9497478988
9447280859
9495805654
9400493779
8078183809
9846522563
9645450806
8113935202
8301849455
8156875166
9400619824
9400682846
9446981959
8606721816
9495875624
9447388598
9496374766
9605546655
7012673489
7012390162
9447082209
9447400602
9446859685
9072278046
9947015106
9048058339
9744865505
9847561055
9961648249
9495734335
9946728511
9496123253
9947157699
9747782333
9447626904
9544411319
9495543836
9847735325
9539334310
9495558792
9048980120
9048233695
9447093164
9048449647
9846271511
9947229146
8589859900
9946000920
9497102906
9744993282
9495156919
9946523888
9447598188
9495052630
9447400424
9400714170
8547064588
9961369972
7560877323
9446507717
9447596996
8547064588
9895621493
9447660310
9495435114
9447257846
9847780851
9496427297
9633994763
9562831191
9847627551
9446185450
9061593931
9895780677
9447961618
9947445160
9947166924
9645805399
9400468472
9496410427
9645512062
9847469484
9496654181
9526410001
9446364529
9947125108
9656540689
9449264524
9645912304
9447580927
9061838665
9020255100
9446926883
9446984160
9496114858
9846726883
9495524516
9656233779
9447307414
8281975616
9447313136
9061471912
9495033671
9446516859
9961013265
9495705223
9446124603
9946998841
8943158470
9446142691
8281265167
9495669561
9446311577
9656015879
9847040739
9447207880
9446202126
9446362031
9446640466
9744992075
9037696973
9048006540
9526019946
9447855221
9447597534
8086399034
8547444734
9447287935
9846471087
9645236692
8921786566
8590957028
9388434343
9567450933
9847711332
9961484487
9562565077
9003601355
9142071300
9446818189
9447594633
9847404070
9539572746
9447706277
9400000210
9447284061
7592018195
7034049456
9497610755
9447034701
7034542431
9846064634
9544480250
9446216743
9539404433
9447185438
9447035479
9746123111
9562544789
9656806399
9381015258
9496991585
8157074050
9961512831
9446202340
9746666973
9447897537
9446201288
9447706245
9544828430
6282383309
9645434254
9980314156
9562280059
9847398084
9349113969
9947356797
9447699458
9447618880
8111995207
9447446169
9496211840
8086824939
9447056633
9656060446
9656992410
9447034053
9188604329
9496287242
8547874805
9895275571
8156980806
9447068858
9995252658
9947595874
9447510561
8281507200
9995252658
9446878799
9495519375
9446628516
9447524071
9633066802
9562862567
9496611499
9446440602
9387358880
9447738049
9747630185
9497224044
9349877219
9446737929
9947843385
9446044267
9446348894
9961997928
9567531605
9447287135
8943847915
9447130879
9961870298
9446977475
9447785065
9446732190
9847789188
8547366170
9495994239
9447674610
9447093703
9744101889
9961237444
9447826723
9446672067
8547987346
9497803426
9539384645
8086384698
7025120316
9605597434
9447147692
9746550028
9446863069
9497350340
9745658039
9747053826
8943321247
9496458214
9847522081
8301899160
9447012050
9446806036
7025647095
9446121333
9495314640
9447078692
9447118781
9447798253
8089389831
9447121389
9496591717
9447214047
9947099777
9497178707
9645865004
9446128304
9946430123
9493470942
9447119711
9349871365
9497664194
9895353440
9745105434
9497383447
9605892990
9895640254
9446604949
9447249748
9633228996
9447813688
9946849272
9969220114
9446126960
9946834264
9447354528
9847164732
9446561381
9400058417
9495100259
9961527273
9447291450
8593883091
9497444786
9447979712
9526057799
9446560494
9747673598
9446392624
9447157424
9497173672
9400381867
9946485058
9447506650
9946026468
9995434560
9745121100
9447113183
9846748759
9745645477
9605188806
9495684507
9744759379
9446661483
9645658997
8848827740
9496209633
9746316614
9845216564
9447195867
9176222631
9447369513
9446744227
9626242333
9946917414
8547672626
9447501535
9446057123
8547585282
9496066200
9447118781
9388950001
9496261817
9447187255
9446271176
9946026468
9495834519
8606420671
9495072131
9446552825
9446274709
9447517181
9847181318
8289896167
9747988521
9846638199
9497678390
9447887798
9497819728
9539299080
9496446509
9249978662
9387496299
9447874716
9447456794
9846624202
8281441890
8589016717
9400326978
9495219395
9061218426
9968112103
9947812017
9562533919
9188365248
9744688985
8086259965
9747872160
9656129950
9446142183
9048421324
9961084512
9871221838
7561053957
7510231973
7736501792
9496236974
8129253455
7025074032
7025191290
8129348696
8606500517
9435404264
9947610758
9074518769
9847415626
6282153649
9447379800
9495875938
9496120797
9526112059
9847070801
8547176897
9446868377
9947901543
8304815601
9048790700
9072998866
9745079483
9605400634
9495456666
9847313274
6238985890
9947701399
9497151962
9605153708
9497518627
9447144163
9447144850
9447886616
8547049643
7559022325
9946180819
9446020335
9446778201
9446030564
9446927726
8304830414
9847158020
9846243691
9446284425
8301869288
8301964745
9544784668
9745660151
9447078345
9847407680
9447807364
9497896686
9846112815
9961936830
9544388212
9387485092
9961301327
9447522396
9447245302
9447527574
9447588956
9447611039
9207716802
9946378890
9447504802
9847313704
9447940392
9495325386
8547694100
8921986132
9995275844
9715095356
7025924413
9383432798
9400230783
9446674141
9447486064
9495988407
9400857735
8547900402
9447784726
9249732735
9745936472
9495212821
9847040982
9747091749
8547000670
9447506925
9072295126
9447113683
9447762483
9497018670
9496945823
9747620053
9446037314
9744701411
8078596434
9497222211
9447474811
8800423484
9061342695
9495093290
9446679337
9495300835
9567860895
9447347373
7994155270
9847524151
7907936237
9447232389
9447873045
8606052379
9074706968
9745814313
9995216355
8281016845
9496824484
9497284610
9048650508
8547431872
7012110014
9496321385
9048531176
9847174159
9497162614
9037216588
9387383056
9745358954
9847333990
9497261836
9447875096
9446569133
9847908927
9497283747
9447474904
9447386202
8547370961
9400243422
9811273000
9747499440
8086587403
9447613285
9746825735
8547802274
9447599364
8943663634
9207317815
7559023410
9447457948
9447034023
9633507790
9400270079
9895647384
9744166860
9497078476
9847663680
9447067483
9877297496
9446200128
9575492966
9633235586
7510455307
9447576568
9427665237
9496987221
9447575155
9447658010
9497237299
9447579119
8547858414
8078547629
9446197893
9847740013
9496591152
9447712730
9446202367
9846963650
9747100525
8792831125
9447091957
9961876053
9446027318
9447575158
9447613669
9495045723
9447606574
9717200425
8510007478
8281362185
9447754301
9747572163
9447307741
8113908923
8086618825
9947593285
9946352881
9447760073
9582743374
9495217250
8606788612
7560831210
9526054353
9847623101
8547680623
9847192973
9447251177
9846651583
9446164200
9447663367
9744155861
9847159703
9947310525
9447116654
9744188588
9207327297
9048526922
9495928295
9605555136
9446391614
9447168684
9645473621
9447024827
9544727746
9995294318
9645231170
7902822463
9656327821
9847219458
9544659313
9446611084
8547762586
9495466316
9526430195
9947619515
9446908344
9847167184
9447082375
9562256217
9061576171
9947169346
9447396403
7736493793
9447800244
9447820586
9946643222
9495194622
9846122861
9895474536
9446584035
8281482031
9947406992
9447837578
9847375792
9479241179
9746002823
9746386871
9446219184
9446044932
9496680317
9447331929
9388853336
9656936883
9846450750
9846550827
9447711361
9447464544
9497676716
9746543667
9446572362
9847075975
9446726171
9847396864
9539358982
9447101241
9895294016
8547817785
9495054313
9447738384
9539201458
9349405230
9447778421
9388882332
9847030062
9447467541
9249876163
8547499317
9497417934
8547637211
9447738999
9447694173
8592991708
9846652617
9497340282
9048200987
9497221113
9895985518
9446384404
8129672709
9995281520
9447244909
9496301305
9496661758
8848850893
9961991084
9526043227
9447484044
9207761961
9995059654
8281352099
9562575807
9446404223
9400070000
9495380434
9447432002
9847239050
9539903081
9946446716
8921931319
9447368779
9446526978
9656007150
9846921938
9961189603
9847920504
9747585625
9495260905
9847902594
9744321162
9747322215
9037773923
9447252910
8075005028
9934140125
9946855533
9447799103
8593827608
9809811274
9288184732
8089894952
9446711007
9447810997
9847314097
9567881788
9446118023
9447092633
9497883832
9447597714
9249953956
9447415970
9446084020
9447014504
9847439814
8606207733
9539692662
9497271723
9747393436
8943692830
9567489266
8137835139
8826936870
9444649025
9496598512
9747482626
9496267477
8281303315
7025691838
9847031141
9496427344
9961432375
9061458175
9446708012
7558838738
9495726249
9447264159
9436048848
9847296126
6282374179
9895823218
9656769901
9446586106
8113970136
9947377711
9207373831
9495543384
9497107434
9447035823
9990415261
9048474998
9744948567
9495211344
9605644603
9400950101
8547251230
9847017557
9447259345
9747265254
9447483541
8301873037
9447570808
9072385996
8281896260
9995236010
9447815226
9497101730
8547320007
9847942265
9474232064
8281048977
9947802252
9447114488
9446814071
7902922401
8111929199
8943602100
9387720800
9744598432
8157954310
8086626517
9447454406
9656846005
9847476006
9447120961
9447104366
9447505656
9496724131
9567308876
9446194989
9961482815
9539826998
9496264103
9539934370
9487267013
9446418743
9895321871
9447393825
9447162842
9562787112
7356694100
9496268088
9446755566
9207294720
9207446037
9495910383
9847669880
9006002802
9447728634
9544023007
9847960378
9947932121
9061100605
9495154557
8289914690
9400716054
9745049187
9847182454
9447226445
9072477582
9847557413
9496889749
9947830763
9447140417
9447596975
9446084638
8547936198
9961355518
9447804882
9495138310
8281883516
9962955417
9605717797
7558016404
8943295123
9947110023
9947737676
9048946895
9446685954
9847117014
9447028854
8281380985
9605834157
8086399684
9400852752
9745009593
9061949167
9495358994
9447504439
9656345078
9745152964
9544692281
9400655751
9446709079
9846194077
8281643207
9995438381
9497436858
9447885701
9446977414
9447082631
9744961866
9447059321
9847053253
9446188893
9947663646
9447154939
9446459483
9495817520
8281352457
9995157938
9747735369
9400498253
9496735356
9495567966
8826896150
9207378087
9605073792
9539037132
9656270252
9946949232
8078430191
8547350143
8606893371
8281845526
9680033395
9745967389
9656373719
9446138863
9744400772
7887573090
9072965024
9656264720
9447876024
9745344115
9744382561
9446193170
9562790774
6235123475
9946244094
9961028985
9447695230
9447514059
9400984772
9495837260
9496631747
9526177532
9947080491
9446116171
9495184774
9495309466
9447073642
9446186249
9947989038
9526221027
9496307393
8943918976
9645195400
9847011424
9447086550
9495631266
8281637675
9446676132
9495627283
9446709288
9645543891
9946853894
9446113821
9605999408
9961719707
9946163104
9847347702
9745530495
9961236914
9447257904
9446113420
9847477466
9447455036
9446978558
7034721429
9605345922
9497613464
9497816203
9447223634
9497256944
9497253051
9447278599
8086624859
8547859411
9496207203
9447243742
9847182622
7593072247
9946477489
9656224874
9946115061
9447741210
9447594968
9544393415
9746798094
8281025432
9895717976
9946476099
9496552202
9847323352
9947016757
8943194354
9447358701
9745492419
9188748415
9495726274
9946635218
9497327669
8129541579
9747654226
9447122718
9961605160
9656405386
9544001257
9497472705
9562745221
9605457625
9495581693
9526670289
7025577001
9946650309
9847887125
9847299614
9447802572
9447966359
9495764929
9539960095
9446818493
9061296647
9447094368
9821459651
9048494507
9744009515
9495527641
8086389798
9961213317
9447249219
9961676168
8606889056
9747341459
8111980259
9447394555
9947263746
9447561552
9526363798
9400097977
9544461474
9526039451
9946870283
9846457028
9744548433
9605061949
9447870931
8530673331
9447212787
9047293999
9496924077
8943673886
9447473357
9400298754
9495531310
8281479802
9446186643
8086655801
9846933606
9747843174
8281004378
9447565096
9446856957
9805872061
9446385840
8281696343
9447474496
9349879988
7025561960
9037114860
9447912462
9495824381
9746282092
8281676013
9349961040
9847146360
7025086145
9446117620
9446528876
9446675630
6282186515
9446400998
9249246756
9895202775
9446973663
9446793460
9747263477
8309324072
9400429576
9446349489
8547116359
8111932778
9947940115
9847724816
9400874678
9446136400
8547033967
8113918087
9645690787
9961100672
9645285275
9946435262
9744337814
9605735175
9207348260
9497135276
9744294002
9747385365
8281532724
9447352375
9497341989
9447976558
9605299779
9539496640
9447045607
9495557643
9447045809
9847036415
9605241612
7034113240
9562580107
9496232479
9958877854
7356027481
9526694858
9594731533
9446433342
9497473495
9446416677
7753827856
9447976882
8075777499
6282694733
9605783054
9744762744
9447184128
9446324966
8606780772
9645401980
9744328995
9526163668
9446452326
9562724271
9495010454
9947970592
8547613056
9947945255
9400487469
9847459206
8943771423
9446655000
9847936355
8157089352
9744694990
9846983047
9446901645
9388300015
9387516116
9961012053
9544890636
7902640985
9645538263
9447902130
9446031666
9744814230
7561015073
9539875189
9656312659
9895916755
8547598895
9446086011
9847445756
9605823873
9995301209
9495483628
9495946913
9995758159
9562384090
7559008966
9447084102
9947989347
9495490905
9847234064
9048555180
9526719861
9495348450
9446617749
9645146899
9449853109
9562550409
9447486110
9446937048
9947314478
8281424190
9496738080
9895249225
9605939862
9995014928
9495483752
8129466918
9744333375
9995360188
9745403539
8848035773
9895818516
9847129380
9847916613
9495378592
9946606796
9446345380
9496851848
9447348310
9895461353
9747517455
9847887104
9961249479
9745184084
9947388947
8807678764
9497781785
9605930530
9746567613
9447341221
9847215186
9544329398
9633619124
8281802655
9526271570
9562652901
9895859221
9895771637
9846845156
9387155820
9446557176
9846858284
9061254420
9846315520
9446853955
9447963113
8593045391
9656003369
9745024418
9447248311
9447332607
7902369145
9656920223
9447280796
9633646368
9895229161
9400150639
9656576190
9446662240
9605682143
9447926199
9633217875
7510596012
9591197676
9447654163
8304855043
9349903054
9746476310
9745536917
8086882000
9539488052
8304874327
9995947255
8075932530
8137902870
9495106417
9744583010
9895310835
9446250859
9847411700
9447958190
9447296670
9567913069
9497777295
9496149982
9387352412
9497620375
9847661254
7736373405
9447081637
9436604668
9020021122
8921356338
9744010213
9447281171
8301877619
9447857815
9497768412
9895699091
9447261729
9447958245
9495467110
9446944947
9633933721
7012691110
9400756646
9447564465
9847464175
9447334766
9961649175
9995295503
9446850452
9497131980
9495727809
8921736746
9447036350
9495431960
9400402536
9846243916
9847410415
9446110074
9447172797
9388935133
9400797139
7356247171
8281614864
9447066515
7002327783
9495431192
9745630232
9495238966
9495327886
9895156865
9895041708
9744393971
9497088096
9446809472
9744959341
9744835228
9495803399
9605442925
9446525132
9895170558
9946550217
9447803389
9446063309
9961647440
9061128330
8547576703
9995629253
8943425907
9895607891
9946790794
9961090597
9447334856
9846855072
9995267939
9961805151
9526878504
9400157412
9446108001
9442248641
8075953934
9947513141
9947082461
9497758044
9497360443
9747631970
9495700863
9447671718
9495955322
9447090375
7034448953
9048801421
9895571443
9400475971
9495522702
9961804623
9717473419
9447559039
9436346352
9496270552
9846284815
9995386788
9497691980
9447558312
9447695597
9744554905
9656399539
9744430261
9946322192
9447122763
9447010103
9497620906
9447557693
9895062548
9400573452
9995713092
9495702717
9747290854
9745734139
9846570283
9446946480
9567290524
9447792157
9846539566
9645920084
9497135145
9645512286
8547095990
9447254552
9447452983
9446708368
9446854202
9946433145
9349611155
7510485481
9497154391
8547842727
9947058921
9544442500
9895555117
9946250907
9496537451
9544434385
8943282584
8547502814
9846962247
8800519555
9847133070
9526433421
9037573041
9495266069
9496211957
9745201453
9539928244
9544735176
9447113672
8289850356
9349613195
9495309552
9961244002
8281356445
9446460612
9495683855
8446307386
9447088707
8086042233
8848854404
9447592449
8943084341
9447338689
9873421055
9447680448
8281514087
9847461471
8547903578
9495835939
9656468867
8078190237
8136920281
7558032498
9605381457
9447114380
9497104294
9495348099
9745905165
9847401333
9745417537
9526673093
9495184528
7034705839
7561818909
9847130684
7902569985
8281975071
9446552478
9074298372
9846250446
9961575032
9447173634
8547107830
9387721684
9447755555
9446284007
9745012897
8826577800
9961628610
9847268282
9846017234
9745607079
9496965777
9947732054
9747344862
9895842439
8281561075
9947677441
9400621098
6282973235
9895761107
9539703452
9447904670
9656218461
9446906391
9562428448
9539154185
9895906768
9497780815
9447864889
9747574344
9744050440
8136976200
9447206646
9074620209
9995626706
9387310119
9446112177
9387294279
7012937704
9562397727
8593829632
9447102258
8138875554
9349323121
7736669997
9497161603
9895311601
9446361552
7510228449
9061424932
9400704000
9447965614
9074915914
9349322122
9947472700
8547678874
9388619233
9447961544
9447236652
9447354298
8547341157
9740266322
9497013133
9496316268
9447076665
9446177785
9495192523
9633553399
6235451713
9947144312
9446100590
9847252628
9846033229
9495684205
9497592484
9446097991
8281344800
9496265881
9447054429
9447101151
9447698285
9497688647
9446533801
9447856674
9447003107
9496207196
9447092212
9188552884
9633233993
9496475087
9946108283
9846308205
9847240374
9847492324
9496748439
9744017006
9447072495
9746969163
9846300154
9846644468
9899104651
9895017363
9447130323
9495550247
9446846606
9495258978
9446177543
9605594477
9895355140
9447029371
9447567432
9447109928
9446206194
9074150649
9567097779
9633276827
9447154160
9249467897
9947140255
8129444088
9495124104
9447890373
9496252782
9447501596
9847450872
9074970028
9447150772
9746817198
9447774448
9447552077
9447896034
9447034073
9818198682
9895029770
9446022777
9446478943
9747021992
9447049729
9447558940
9745851112
9495871703
9495489598
9946566980
7009846931
9744444372
9447901843
9633325269
9947699561
9400459340
8281565337
9495527526
9447078357
9495650037
8593943942
9447376253
9447194365
9446405059
9495938722
9495626074
9995099699
9037357688
9446707870
9495802773
9497272613
9495028419
9446409595
9447410514
9446215863
9446501681
9446360911
8281733209
9744015588
9004132825
9400746311
7869084472
9995525144
8943399163
9496249927
9449130723
9995079487
9496500421
9447472419
9447341307
9400770191
8129233763
9495597325
9446334687
9846224909
9446311920
9495408933
9447500923
9496994276
9567780739
9995846793
9847444607
9567641352
9497642812
9388898364
8137916829
9961446373
9400779742
9995110741
9526956108
9061044855
9400490255
9496247941
9495719814
9446058974
9969897256
8281132998
9663226716
9497452358
9947927950
9446981096
9440760055
9809204999
8289967683
7511132027
8281707648
9544616016
9446183630
9400269515
8943651372
9995883048
9447656930
9846189047
9495826452
9744453333
9847180100
9961013761
9037533956
8943226230
9447125488
9995717642
8281409048
9446980890
9447975929
9847222623
9562862858
9895661815
9947170300
9995718083
9447769137
9447582681
8547207361
9495831734
9656984407
9847390184
8129323947
7558978985
9447128499
9895626210
8129881135
9447222490
9446277166
8547849459
9961118640
9497007056
9496928809
9847099941
9895952749
9995986465
9995865926
8606470770
9746420157
9142315676
9496468901
9447050596
9746748250
9446389679
8590002373
8289913513
9496101657
9746874651
8921649172
9447127796
8129469846
9495243517
9446126644
9645501892
9961797741
9495526404
9447863981
8547388097
9400618663
9447429067
9400941723
9946884886
9847169999
9745815285
9447152978
9349196935
9562440993
9446501586
9895144778
9995977092
9074584655
9847063672
9847086195
9645319609
9349161818
9746307810
9747265504
9947803463
9495341513
9447412434
9495901491
9446309742
9446554993
9496201624
9447051202
9495832852
9495555565
8547354850
9745856112
9497065628
8547236213
9495011190
9495689313
9847632007
9495718148
9447134404
9746237603
9496206675
8589004650
9495824235
9605896722
9447822741
9447060417
9446837081
9388361476
9447891611
9947369352
9895639609
9446581317
9846756375
9446404235
8130645109
7994098758
9946046026
9447310698
9447221355
9446176387
9544949352
9447081448
9747303526
9349329711
6082887578
9947703303
9400735904
8281296156
8606433222
9847775476
9497850623
7293817017
9946286670
9037523778
8129401020
9447644707
8547451110
9446438975
9446322866
7736149122
9495303378
9847040102
9447342497
8078773308
9847539811
9446271895
9446685063
9847090477
9961250560
9995433359
8547775570
9497783803
8137003939
9544123061
8111852914
8281952305
9745934066
8921951551
9496749724
9495901894
9895916480
9539712307
9895145534
9496205726
9249798125
9446793903
9847565228
9496208387
9495121738
8078271871
9746980844
9447128361
9495726883
9446559739
9633244122
9895893320
9496390757
9495333500
9495333500
9745692507
8111807799
9947140479
8606726992
9497852447
9562044722
8903702191
9847025053
9495976364
9847110060
9400772208
9447653808
9895674201
9446027617
9895452130
9847214794
9447124892
9495453015
9446182573
9495949636
9037271319
8891072800
7012959129
9746207772
9495803563
9995980399
9744964434
9446376552
9497296912
9048108438
9400981469
8105017769
9349336396
9496401859
9846422330
9447013359
9995461307
9446119451
9847067272
9847491076
9037111644
8547242898
8009548699
9447150353
9495244584
9846836287
9447221561
9446519069
9633944915
8547098676
9745959189
9846177951
8547032351
9847540666
9847065898
9847542910
9447231700
9446387188
9444182978
9074948581
9447043859
7356518721
9656592795
9845909347
9645085481
9446339748
9447315525
9847321522
9745002794
9446104991
6282121928
9895099388
7559840078
9495118610
9037520408
9895347588
9447770900
9400294003
9061614449
9447522888
9447776633
8606442552
7025124524
9388709700
9605767276
9447471326
9495122522
9544045566
9544485354
9447794079
9287932775
9961984330
9567888133
9947134407
9447856828
9447190000
9496153057
9447451565
9020133332
9791498277
9446270057
9446589364
9447055491
9497014974
9447445955
9645541939
9037037425
9249279890
9633254579
9496260062
9497850684
9496546880
9895687978
9447101704
9745823982
9496773857
9447307602
9526987331
9020815855
9495003526
9739578763
7708310065
9447892761
9447451411
9947358343
8111903000
9400040370
9446338501
8086272848
9567673483
9446525220
9567615358
9496254061
9495433073
9400030334
8547132683
9846138244
9447242124
9495200805
9497016601
9847062727
9847508330
9633783339
9567726204
9495628114
9846098297
9895043576
9387818737
8086720945
7907805288
9446705782
9495333869
8056235650
8689069115
8547720852
9539538038
7594848322
9496166152
9744700338
9495688560
9446575335
9995578646
8347065654
9496400679
8289980638
9447897799
8011945937
9447023233
9446400010
9968440691
9496200795
9961859447
9895550057
9446849315
9562032565
9446383356
9443693038
9846389299
9544434957
9447658461
9447271031
9656129735
8281606260
9072131795
9633255762
9496912324
9447078223
9387767545
9995739695
9497851796
9496261871
9496431333
9446352419
7598749077
8590804900
9400131343
9446563849
9895798091
9895997567
9496773732
9846028742
9496202023
9447644419
9961721277
9495729894
9446014645
9747613420
9447771482
9947674466
9496800586
9446174766
9447333957
9486909753
9562373094
9446566294
9886188884
9895395254
9446554303
9846464057
9567044499
9900128447
9895931991
9633795482
9633777893
9447133133
9495903484
9862173402
9446845287
9995459115
9443694344
7845400113
9447461434
8547635401
9605488699
8547870184
9447459495
9447205414
9995421005
9446450996
9447851616
9847055342
9447016433
9995907106
9188700738
8547721866
9446105123
9947264167
9447092426
9447471416
8921462621
9447002660
9446862908
9446557644
9446753156
9446171596
9745181058
9995430874
9497701146
7598014222
9447587570
9791668687
9751637515
9496332383
9486507817
9847156158
9495745726
9446080569
9447387719
9895071737
9349342995
9443184783
9488273387
9442170256
9744984934
9092913933
9447816837
9443595357
9495656282
9486703915
9442076177
9486669976
9842164856
9443133766
9656257929
8547116980
9895266112
9846719591
9048644227
9946940025
9895116289
9495074223
9946508661
9495979075
9495271501
9946750929
9846036040
9447101270
9447863137
9846942946
8089931377
8281229227
9446700962
8594087039
9746716150
9495405562
8086442620
9447865823
9947338277
9895249918
9995535932
9633678933
9446272032
9526265544
9744640687
9400071888
9544007511
9447856901
9495038159
9072303482
9447092630
8086798010
9846351849
9946590056
9946729402
8078310517
8281018393
7356761400
9895636517
9895093334
9995539557
8547361097
9446971330
9995492192
9061916578
9447233933
9846149539
9567680773
8606670305
9496205126
8547324557
9495152022
9400538781
8129069389
9497014409
9995487258
9495123470
9400449090
9846410031
9846410031
8078198806
7510327274
9846049466
9562571126
9895064991
8157824728
7994690863
9895243489
8547121288
9995242325
9633498736
9443416389
9442382124
9629227503
9048202732
8754799163
9495404868
9405028414
9656554231
7598750112
9633633536
9495300565
9446456597
9746125950
9995833682
9400078152
9497690765
9744649638
9846568586
9446556814
9947707593
9447586308
7907502579
9995997215
9633804099
9447016845
9847689329
9562271277
9447093196
9995244055
9947690381
8547023182
9746655487
9995686786
9400895724
9447715333
9446542521
9446559110
9645086768
9447401537
9387825300
9447360953
9349023838
9400494648
9895596307
9947140413
9496103421
9495550006
9495909828
9447953856
8129147481
9495155965
8547096297
9605217781
9447127873
9496267065
9633621900
8129430314
8281367775
9544653378
9447129294
9747855757
8547076430
9995403026
9656715708
9656180735
9447229027
9447492852
8111989242
9744833835
9387382087
9446173644
9447121332
9895107802
9497568402
9895677860
9946689996
9446207670
9846408770
8129972619
9446110813
8547367122
9562755466
9447695908
9037667037
9495532525
9846053541
9446793963
9895601125
9447582590
9446981064
8547124150
9846979555
9037994068
9846041674
9745910594
9847258032
9061211980
9645521701
8281088846
9496404407
9605855309
9961404282
9645412716
9387229694
9946198000
9249420104
9934660650
9446407315
9495144663
9835821704
9656461619
7870984429
9934665008
8521102531
8086384528
9744449701
8789110236
9447205425
9447492428
9006256756
7907289797
9544394322
8089132023
9447297279
7484980768
9869756545
8547119223
9534789466
9431443662
9496154103
9682106792
6202729810
9447109947
9526181056
9939449738
9304427736
8804821403
7369884231
6203899276
9262317112
8129408959
9539530025
9447479799
9496260719
9532746068
9446316996
8281027183
9947740113
9747577846
9446551692
9446706949
9447124278
9446381534
9846561786
9495473468
9645708683
9447341358
9400940029
9633672320
9446566673
9072721111
9495124435
9656644442

