8848501622
6238501184
9745788291
8089229864
8848228585
8921020160
8590567051
9656771153
7560822691
7560822691
9745635845
8281104524
9400785353
8921918734
7909155873
9188409230
8590343228
9785609767
8129890725
9746818484
8089800009
6282753743
9591611444
9072159187
9846240684
9447994485
8606001444
6282435862
9946071305
+65 96250065
6238584449
9567368877
8590955033
7736649423
7025123185
9048376303
9495874057
9446536701
7012757629
8590505757
8714773620
9496226799
9847828167
8075749533
7902251756
8891919696
7902850854
6282753285
9947657764
7356826055
9061696935
7558859587
7907273919
7306620749
8921689594
9746818484
8157804579
7907134005
9544643954
6282520803
8086426340
8593969699
9496732156
8157829027
8547767311
9447297529
8086414680
7907895621
9048913414
6235520723
9567746299
8838502716
6381949553
9037112108
8281858876
85905 29470 
971 568669686
7034846522
9995599545
9778330255
8078071753
9745440003
9495351753
6282392912
9037557208
9746393730
8137050001
8590736298
9633446891
9778255540
7510924793
9633616768
9544877067
8078345169
7558894945
8086601862
8156935362
7907895621
9072757077
9048904993
918113063316
6235713201
9207379262
9207806351
6282269687
7034249234
966506660826
96892572680
971505176316
9037420026
8281332152
6235782234
8590342134
9746894372
8891479694
7558860354
8590017311
8590854160
9544183760
9037987022
9645840922
971503974672
7594080053
971-543354097
8921426013
9526069550
9745472637
6282554255
7306364958
7994230595
7034602555
8891568562
9562324191
6235194471
8139065748
9307078779
918848806670
9645900095
9037448726
8891206059
8921551441
7510256626
7736653766
9747754724
7907103975
9495390429
8891066572
9995332663
8281252000
6282489310
9380811781
7591920392
7994678266
9645157478
9447418797
6238139048
8589990184
8129290184
9778311852
9048865011
7907153293
7902836857
7902985655
9400336996
918848633423
8606927885
96599703497
96892820255
9061381867
9497263647
9061897277
7558036658
9074718121
6238146712
6235506071
8089287533
7510700913
7907989760
917560881054
8089602280
9870097978
8921323033
9495916431
8593969699
7510772273
9995772549
8590856124
9947182954
97336999170
6235264539
8111868726
8714135175
8592915008
9567708226
971506715537
6235782736
971507202990
9567443117
9048202933
9656693165
9495644549
9562700155
9870097976
8089907736
7034360514
9496180293
9633211692
6282703859
8078785732
966549082466
8921694245
+91 85906 27748
8089122630
7594837318
7592945973
9037289165
6282110573
9072048905
8138016681
7994844435
9747838052
9778124565
971505880562
971505880562
944689868
6235950164
9744546147
7561063787
965 65519210
502663050
9544087355
9497787029
+965 65149987
8089458962
9496462914
9633493039
7306211214
9895068231
85478 66009 
971521794925
8921923698
9747303708
9778708045
8137973588
7293766923
7736813443
7012133244
8921988735
9745854134
8075859340
7561017873
9847381796
96555922361
7902765563
918138021176
917902765563
0
9567828001
9446898648
973 39292177
9645050119
8086035239
8590978742
6282532203
8943895612
7593967016
7736637593
9633700381
9947732197
971552001099
8078995323
97430546076
8606132904
7034115057
9539333388
9074734244
96567050252
971589212005
96871177482
7559937817
80789 86751
6238820238
7306675400
919778016400
+965 51611256
7559819896
9605606905
9744729056
7907279555
9847611417
9061591610
9995772549
8590627748
971528630513
8606001347
9645248699
8590581792
7012148073
9895046312
9995157681
8592052005
971564152467
8714407628
9207062160
6238188657
8086217449
8590439388
9207413009
9526191461
7994173934
8078082061
8138955800
9901633256
9562019172
9747008679
8848107340
9995382904
8330879854
9400297259
8137925595
9567624376
7510703288
9995105998
966504483284
9020994455
8714399845
96566356149
9447190098
6238333723
9633710696
7907555019
8089204768
8075442721
7034820415
971507539313
7012162136
9846342447
96895851920
9745910106
9207402173
7025869371
7025416639
7510502297
9744646595
96560477060
8590792160
7736218461
7025462403
8086706303
8891344692
8590017311
7593064664
7034465789
8754242818
9495854717
8848101196
9645595335
7736529186
7510772273
7736282322
9061489062
9778003834
971569122209
9633911656
971504779238
8075206335
918848473585
966595408677
7306347727
917558069312
97470200590
+91 73069 65980
8281006513
9745784988
9037065461
7306101357
90374 64727 
9539128003
6282565336
9633693506
8089996578
9947639819
9746679112
7561825906
7736847670
9746836830
9074272540
7560881054
8075331286
7356890037
8281080331
9645033400
8075151524
9895864913
8078240171
8089970312
8590050843
9539298143
8078472541
9778343778
7907340750
9645868974
8943946773
8714220996
9446811481
503593955
9895229379
8281939657
8592972557
9567880999
9605761491
8086650705
9037999787
6282269914
9074441321
7902493948
9544221711
9037752874
9446278643
8281461661
9778548745
9746931658
8089781809
8848242556
7510588417
8086650705
9539159900
8138072502
8606886264
9744566868
6238092072
9074910263
8891362207
8086650705
9847344017
9747827062
8891362207
8075929512
9061707483
+91 90482 05998
7306101078
9778541651
8891362468
7907784792
7012162136
8078995323
7736813443
9562345753
9961966467
8714385844
7736790984
6235258877
9746191844
7560990023
6235744348
9188569972
9037410976
9746494067
81578 22853
9207204589
917560881054
9562634000
7025158589
7306745406
9544667933
9633952933
8136944670
8921411349
9447418797
8156917254
9037454886
8921845774
9847086878
9946404666
9048609450
9746794711
7994539571
7593967016
7561879934
6238165377
8157878062
7736352829
9061224260
8137088823
9526494785
9778003834
9995905493
8590640711
9778515199
8714835473
9400918588
8848902142
8891285714
9745495684
6282610347
7306803644
8848326341
918078335616
9562555339
7994060784
9567698033
8921633202
8848941139
8089728705
9645871824
7012405948
9747823917
7994263268
7025189231
918891731768
8891684729
7558859587
7736502638
966506660826
96895478012
9037733890
7902270302
9074085707
7736562307
8075798374
9544571148
9072152035
7356480365
9446278643
9061329074
8891568562
9747448511
9446163082
9995594241
8547608665
9539701061
918891453829
9656977073
7907202235
9633513320
9890408608
9496217050
9037616694
9496969136
7510500950
9400685402
9526585277
8848755890
9947701159
8089361593
8301913339
7594892222
9746202373
9895560158
8606365129
00968 78585938
9645967692
8330824900
8137933657
7907561637
966531223467
7306592472
8547493252
8590709781
7034461443
8714277009
9946679969
8590651510
9072048905
8281287499
9446811481
7034605800
8714164378
9605416202
6235759016
7736909575
9946252526
8111855172
8921558285
7510538765
8075848681
9567987129
7994501572
9567579523
8139833707
9946431368
8281029542
8086708534
9567408435
7012997655
9072580799
8590538083
6235098101
919037558160
9544335749
9496660293
97337757526
508983254
6282374122
7034675647
8848347005
8531062749
966508210718
9995231928
8086762243
6235671139
9074572144
9745757940
8078015462
9895738086
9061819327
8590342409
9074044857
7012925986
6238774176
8714229278
9645585757
9778522955
8891575176
9895119992
8301841007
9656714808
8590255429
9747408321
7902438986
9633623367
75948 67410
9496732160
9946779672
9645447559
9995684886
8848654450
919947854592
8139065748
6235446443
8129788891
8129933581
971505920361
8590560640
9871138391
8921344505
8078314068
7306357467
8714995248
7560941871
96899058076
8891699557
9895869977
8078150708
8137925595
9846779478
9605707603
9744489904
8921681866
9745093135
7306056764
7994098113
7012921323
9061549541
8078262041
6235759016
97455290658
96899659946
9961125435
8840548492
918891631349
9605578992
9074324076
8848264861
9946410207
9207134811
9446517473
9747967897
8138051373
9562292575
9995980850
8848630993
9946376300
9995772549
8943327521
9633132498
8590324255
9447204043
8590715824
8928962583
9633784894
8075599489
9400188475
9946376300
9496690635
9846730723
8075405334
918606563985
9747138990
8086966647
9446618480
9746953972
6235385904
6282408305
9946581704
8848918419
9544530982
8891054547
8139818654
919497776776
8848966482
9895910548
9746579850
7025076583
8089581794
8891616424
7907850891
8129430045
96895245472
7902723964
7306537336
7994263268
9037120011
8891826170
9072871006
7592831791
9496356176
7558018923
8129530946
9947943572
9072165013
9539937227
8921004833
9037434960
9207264211
7902245325
7994888341
8590991421
9995770018
9495286387
8078038117
9446625492
8921709535
7902791553
7736268562
8148145051
6282946966
9037788130
7559874365
7902203585
8921521373
9961146562
9037467475
9496531002
9746639324
9188826743
9605045388
7306819198
9947888673
971547708409

