7736834668
9847972171
8921569428
9747367672
8138875310
7012656076
96566416787
+917902449029
9539495103
7025457957
9746052453
9633796067
8089536615
9497467193
9895953876
8301042165
8714820582
8891477171
7558005074
7306036991
9562304276
7907090098
9037889100
9895658540
7736674018
7306423388
9495885117
6238930822
9539108668
9846971897
9497596067
9961284207
9567172980
9446837818
96565053203
+918590978957
7559932566
7025457957
9746052453
8138045296
9961468577
9497467193
9895953876
9895042165
7902310733
8891477171
7558005074
8592959290
00971504339189
7907489858
8086743270
8606578540
7338602357
7306423388
9495885117
9847847209

