8138831240
9745465189
7736834668
9744849103
9847972171
8891250237
6282698474
9207572789
9544564943
9895795470
7994061734
8921013314
9061179836
8606114214
8921569428
8891291472
8943117875
9747367672
8089556438
96599834512
9778081562
9946775724
8086232454
8138875310
8590889616
6238170967
7306377715
9605681259
7012656076
8129541573
96566416787
9605606905
9447260070
+91 79024 49029
8113065943
9539495103
6282110573
7025457957
8848859106
6282679984
9746052453
8921442942
8547357833
9744334125
9567351568
9496800803
9633796067
7736114619
8089536615
9946840658
8590922651
9847819489
9633050459
8089142645
9497467193
9562066170
8075791491
9605655533
9895953876
9496324250
6282760739
9995316129
96566140517
9074165160
9656320718
9633466155
7034700385
9048607358
8943487380
8301042165
8590455871
7306299476
8714820582
9082644792
9947736327
91 8137856857
6235218601
8891477171
8089463141
7558005074
9961100423
9061922399
9061011907
9847234177
7306036991
8921376045
9539946380
8590435535
7012000692
9562920993
7306851326
9562304276
6238256998
7510802303
8590397001
7907090098
9037889100
9946847674
9895658540
7736674018
7994814436
7736067645
9747980945
9946893268
9037417433
9746919342
7306423388
9746193938
9995934429
8590878351
9074822347
9495885117
6238930822
9895125713
95675 78841
9633455758
8592911399
8891481144
9746605491
8848859804
8891647212
9037781300
7034752826
7012050620
9778755962
8138051908
9446955578
9495250552
9961103468
7012857824
8281569562
8921504310
6282984520
9947901251
nil
9562774691
8848816825
7025457319
8156839171
9656610152
9188732465
9745292550
9495915541
9446930938
9745395448
9495337766
6238489692
8547837822
9446670879
8086911154
9074085988
9544465273
9846409166
7012843231
7012843231
8848930226
8590162305
9846288454
9947883536
8848291053
8129479030
7907802372
971569190748
7559985821
7736518554
892102620
971569877126
97476 94410 
7994429615
9495283065
8891237206
7902903279
8713465411
9447404050
9656600038
9037659162
8590020094
9895570817
8078901565
9746665168
8891557105
8075447037
9995826681
9207482430
97477078590
9188693375
7736732766
8075256370
9744240131
7909104460
+91 8848266303
8921501642
9947052909
8157031185
9633216093
8590377323
918891923845
8281504690
9656957271
9061696052
8714341928
97455029980
9562570130
9037364789
9496316762
9061460975
9496751611
919747440659
9947329753
9037288496
9656980578
9745400900
7306112644
9567241146
9400332712
8089628673
8593008927
9074484942
8848037590
9061652253
9567922992
7902994709
8281870623
8606791167
7356773344
8075744175
9362628267
7902612887
9207638161
9746405015
7736452812
9895163518
8590092449
8136916610
8848939594
7356087843
96879898164
7736677474
9048883153
8891458914
6238667060
9746124738
8089192946
8129287555
9744680450
7012590554
7510543633
81390 05117 
919446589464
971505607816
9947355324
8547523464
8891720455
9497626526
7025137953
96598762094
9645187183
8590218593
9846805529
9778314481
7012460691
9489334716
8592082005
8075124438
8921257856
7025243071
7025425957
7510772177
8891974723
9656122565
8129168177
9496838890
8848375112
7306154064
6282964872
9947350272
9847483723
9778181842
7736129939
8129747711
9746579850
9847590347
7306837090
7012771338
8891726558
971504837441
971503703029
9744056582
9562322480
8593939031
9847167270
8848056362
9633551503
97336053875
8129885532
7012581538
8129025130
8606373309
7510239739
+91 87147 90340
+91 87144 10531
9895574212
8848201560
8075365089
9895152909
7012081789
8301861099
7736490882
8891514071
9072397365
8281047946
7510606223
9446228758
918281897594
9037745844
9961368785
8891423202
7994005097
8089877801
7736233362
9072361630
8129022870
8848871424
6235068548
6235437121
6238773934
9846064772
7356375348
8156967693
8089757771
9744899598
9605036234
9656882128
543480581
9605024611
9446387305
9074663295
9447031159
9633984120
8590110437
9446383324
9778495243
8075927052
9061812559
9446387305
971509603721
8075513673
8129223348
9961478665
7736550228
9074595955
6282888373
8139864335
6238623150
919995678982
7034037959
8891411613
9567021358
8921876146
9447864585
8943733146
7907531469
8589988622
8921378967
971561115848
9946008299
9048846716
9447449844
8891789286
9746713017
9544644629
9656670802
9544457360
8606031719
9846647704
7907960587
8129894025
555979969
8590513857
9633998558
9633627204
9946809080
6282204703
+973 38959515
9633310917
9778307086
8113828141
9567417268
9778750384
9037641734
7902755653
9895607077
6282405325
6282 888 456
8089081158
7902633593
9947576605
9656378276
8848513971
9061947403
9947655463
9745141192
7306558726
9971635601
8848654687
96597274346
8137905632
9539696475
9562464769
9715454290831
9946453947
80896 32976
7558933476
9745223561
7510135423
9895066215
8593915958
919633938033
8848104406
8921856236
971507594291
8113803374
8891412673
9633332527
9526671078
9037694969
9567711912
919072840159
9544957465
7306062039
7356371571
7012464756
9847169809
7902759962
8590779725
9207866808
974412827
7356968965
8590306741
7902326011
9744323270
9656542794
8891392044
9497459888
9645576853
9744855629
97336094557
+91 9388441133
8848545875
966554131537
9207507593
9562823735
8139010216
8590155427
9072002668
9746606710
9847228985
9207260691
9061536139
9847388527
7736960369
9633207022
8848818732
9995182898
8848462905
6238490153
+965 99715247
9744388615
919995189792
96599804529
9447404640
9526651408
9074204850
7025842168
9567995552
8921020429
8848244927
9715086520
9061688002
971508486520
9588060545
7736137024
971529286262
9447123836
6238018761
7356187740
9947453377
8086164679
8848083713
8089161633
7736406149
96566832437
9447549018
9496843736
9447123836
9567654948
97338190828
6282060592
8086450772
9400415196
8089236632
7012052622
8547280334
9895249815
8590642506
971559469917
7907235178
7510375026
9037610853
7510121044
918075040352
9930366422
9961137813
+971 562969325
966549439104
9447746637
7356065933
8594099571
971503435227
+966 50 638 8105
8111932357
8590206902
7909123124
7306592148
8714235507
8139050514
971504970904
00965 99135072
7530909090
9995283568
8089861864
8714466772
9645476090
8943749035
00973 37388875
7012494641
7306613586
8281278200
7012354029
96650105228
8590677398
971508187365
7736473298
7306770326
8330073091
7034711010
+966 580712571
9048243773
7907808223
8606364929
8943280710
9645773926
9745654005
971567007676
9847711541
7012999011
9157200200
8714590551
7025373869
7902742524
8137936604
9400801275
9496706193
9188053682
7736984659
77336270728
 94007 17426
8848836238
8281236629
9995219390
9947063988
730687799
7994735698
9061933300
9605334495
6235228402
8943838581
+91 6238657709
8289925360
7025007265
9061933300
7907592373
971529872770
8714877062
7736942526
9037678437
9633586731
918921210561
7012760718
974-70150725
9061348712
9947328830
9745132424
8078332810
8590320230
971501859166
9446353442
8590667050
8893707077
9061722050
6238979117
9645136730
971502007445
8891484368
917356085871
+971 52 745 5677
8547345732
9746246745
8590930080
7356087791
9447330986
9746493847
7356658918
85473339972
9207019487
8606219787
8590714149
8891584793
9719379195
9995134234
8606219787
8848602501
+968 91280255
9526958475
8921517843
919539793702
971563674144
9037489845
8590464872
00973-36473952
808943670
9074963266
9605216243
9495388918
9400805418
7559980408
7356933847
9562852937
8921511176
507344748
919562570130
971501245451
9846208161
9846208161
65889053
971567563710
9645329443
9072152035
7559863512
9447144462
8590110437
9747004262
9072840159
9605886199
96892970797
9072580799
9072580799
9074226812
9188039984
8281533065
8714365411
971508914764
966557616270
+965 67642594
9745677151
971543969399
