8921604761
9388878900
8590233394
8078169754
9846406932
8075391268
9061258250
9048556335
9074509131
8594096333
9895120926
9400319532
8089265086
8304984010
6238265754
9745487971
9447238800
8606180832
9526400497
9946990061
9496163006
9526821361
9778548745
9048090356
8592915008
9895769973
8139867176
8078995323
7736930573
9605865853
9747929992
8594019007
8590742286
7306244819
9400185138
9526452479
8089122692
9846431884
9074964529
9061778101
9446442001
8078551758
9061640352
8943088872
9847743407
9656017025
9544323418
9745685420
9605046176
8547124946
9895791919
9061000147
7510981004
9400260236
8943895612
9037320424
8330046689
8714212818
9446892042
8301913339
8075790224
9400048488
8547680275
8547169314
9400531192
9605185435
9995303937
9447718177
9846035227
7902656545
9496195312
9895270934
6282379933
7736683708
9447914686
8590778911
9074192913
7012003544
9961827824
7012288717
9747624232
9446076303
9447701231
8921373476
7592852107
9947370824
7902311820
8075455963
7012810301
9744907518
9495843366
9400296575
8138072502
7356508380
9061922907
9747405979
8590895913
9567502989
9605763449
9961601459
9946986828
9605391305
9895481384
8138092008
7034069785
9496764664
9633269220
9037551102
9746894372
9847704607
8086539783
9846628919
6238339301
9778732369
9446573860
8590657909
7306511992
9446826636
9495851084
8590157619
7306447119
9207968778
9747132115
9037164711
6238327024
9846480440
8138861247
9446372165
9645824316
9037588401
7356644479
9495219006
9539877457
9995175396
9633827940

