9745116332
7356587723
9895870627
6282903434
9847752323
8086605808
8848507987
6282948782
9562565175
9400584343
6282717238
9633595429
9847267490
8089790210
9447555138
9947551113
9061659120
8129596275
7909120821
9747423382
9744173318
9946171076
9497338865
9947165522
9495419063
9447527415
7736708436
9895064374
9895564986
9947478182
9495121460
9744717860
9497617497
8714076122
9656199154
9995122259
6282093816
8590787558
9188093048
9188129594
9605729637
9847920978
9745690155
9544919147
8590799931
7902891024
8547681965
7736521505
9061208485
8129080511
6235347910
9400058093
9349788334
9847105824
9446374062
9497756514
9495697538
9497687882
9995215255
9744133125
9037681275
7902842783
8075451846
8330069277
8606849463
7510624461
7907775452
9526087526
7994859982
9995960023
8129749654
9846554450
8330855050
9847112288
8075574603
8891089381
9744465412
9961204329
9961246479
8590061989
9746959586
8075101720
9995453782
8089314082
8111906964
9446047937
7356786868
7012171615
8590865746
6282797138
8825978610
9562186096
7907817688
9778743978
9633466155
8137952170
7736183512
8089269232
9037179124
8848541751
9746293045
9745930603
8848447520
9847782275
8589985401
7736950365
9526852436
8547063236
9946748882
9946303656
9946008299
8156871453
6282956587
7994172080
7736807490
8848605378
9037366439
9846952463
9847430107
8078374177
9074551101
9447516326
9961367638
6235745985
7306164031
9633589692
8592951971
