9447784567
7559912668
8907008866
9539820988
9895256537
9447474800
9447993998
966501897278
97433678033
9447598271
9946756767
9539701538
989523483
9947416712
614341527
9656980124
9562304255
9487578318
9495742280
9539787847
9895676593
9447446169
9846193386
9747644462
8086461799
9495383607
9446894041
9446605625
9061654455
9400405183
9061862507
9447784567
9447638022
9446139001
9995178988
9809771820
7012239268
9400405183
9847419063
9895776792
9020388333
8547727909
9074654161
9061402212
9847857137
9447706152
9773054466
9447979380
9447089876
9961808295
9447091666
9400851941
9847706604
9447976281
9495792456
9961681026
9447510561
9446463001
9773054466
9188575841
8547321417
9447831078
9447784567
9744678640
8547876783
9605675690
9447728850
9846125303
9526071271
9400889953
9847573220
8075952876
9496759188
9495614669
9747152646
8281576546
9400012673
9037996562
9387936889
9747397725
9539343937
9773054466
9447993514
8943396305
9544281294
9846116342
9995869754
9447717399
9048394528
9846019101
9846242422
9605339409
9446869213
9447784567
9744601619
9447833874
9447308018
9048438442
9446012205
9746196710
971554487104
9961870298
9497688101
9526494515
9447784154
9447465446
9447951427
9847569524
9847307444
9400730080
9946981837
9809122141
9840982958
9847682722
8086190860
9447046561
6282355250
9349259436
9207410227
8590053536
9605004968
9961966436
9995440872
9526944983
9447784567
9847956235
9961285345
966503201237
9846641817
8943139895
9447830195
9447980799
9446020866
9847284114
9388622664
9061187654
9447346309
9847538000
9108920981
9400971656
9447967903
9446504518
9605872868
9447012450
9164334466
9995810932
9446721326
9446228641
9447134054
9526859937
9745500363
9747169394
9745564674
9446289184
97455827840
9447784567
98470019669
9745891722
8547593264
7994092822
9447411432
9895925852
9447484621
9495410181
9447994266
9447460505
9447917705
9946704400
7012117678
9447404525
9633392668
971558322903
9446551056
8264734428
9874004356
9388437491
9447578699
9446518233
9447509824
9633481360
9048089761
9895520150
9496702141
9074580278
9074393511
9480339517
9447784567
9847867043
9447472282
9496742425
7736596378
8589897359
9747480685
9446434025
9496096700
9446837756
7559912185
9496629270
9744246848
8547865147
9847292407
8281826046
8089091858
9946557077
9142303080
9744531741
9446953315
9847794948
8281159024
9961259500
9567721984
9539683074
9400820310
9947180521
9745300134
9447294228
9745240386
9447784567
9846127711
9447179202
9544560971
8590224841
9496418937
9497764836
9567118374
9846035612
9847765723
9495673802
9446211781
9656887509
9746401341
9447155286
9497932880
9961790601
9846687174
7838274716
9446665547
9387302064
8593909629
8527688314
9497106915
9947647755
9447578935
9495559197
9605140151
7356340876
9447954074
9400126746
9447784567
9496926150
9846631615
9746272412
8943082583
9745194261
971506288659
9446851168
971553109285
9447140192
9446351116
9446688695
9388609281
9447066535
9539110178
9446131894
9447329796
9496743262
8592806743
9447932721
8547116077
9447096375
9744224516
9744565689
918086521174
8594012038
8281298118
9447810339
9497317671
9562744418
9526844287
9447784567
9447667738
8281683948
8086441631
9895361765
8848465367
9995538312
9846707077
9847688170
9745694881
966502163383
9446763443
9890736694
9633447743
9496219362
9847469215
9895474536
9447328749
9400041411
9048441798
9644010563
8137049942
9745233411
9995110591
9895482939
9746801993
9745375526
9447671466
9497496301
9846315812
9447980079
9447784567
9946347928
9495246755
9496093523

97466512862
9567934558
8606060739
9447477594
9999590406
9387266971
9446583601
9446288907
9747157232
9447236176
9447916463
80753999254
97339269041
9745008011
9947028371
7034944231
9744224111
9400669163
96566616379
971507961950
9745669829
9446764471
9447834924
9995520138
9400261457
9400090081
9447784567
9496166517
999534411
7356805190
9847739612
9895820398
7561044337
9947038012
9744041254
7736613118
9447770879
9447871084
9745669829
9562267561
9961702744
9947350898

9400453452
9526926399
9446990396
9746110841
9388816921
9497460093
9746388360
9497398336
8281780767
9447021542
9447078042
7558948260
9048021607
9447295559
9447784567
9747556192
9947920811
9847727226
9947885883
9447453965
7510734518
9846727636
9846741587
7736550389
9947438226
9447970847
9446579881
8089930087
9349237106
9446992944
9446474231
9447564442
8943901793
9249727193
9847957041
9562104887
9773054466
9496987252
8281812849
502374158
9847815435
9995599328
8547358633
9188379718
971504396525
9447784567
9995439968
9746052570
9947155364
97339146803
9447294128
8547329845
9847957041
9846053079
9847094266
9961521243
9895315713
9846385286
9048829948
9495247407
9773054466
9746004842
9645942946
9744973515
9656123042
8921926340
9747473579
9249805030
9961563419
9745573725
9447231703
9495956629
9495314994
9895776792
9446925677
9526760675
9447784567
9605855454
8086881269
7907575463
9562513009
9947562410
9961182269
9048929280
9495766158
9947616082
9656978388
9447814254
9995334453
9847043698
9847402288
8547466966
9526267805
7736630686
9048208372
9946110867
9895234803
9349549598
9562215209
9567293785
9446719580
9037017179
7025669242
9447979830
9447347460
8593903723
9895457479
9447784567
9495574154
9496417510
9447532492
9744841476
9847684029
9847165385
9447519040
9447067718
9745013040
9447604783
7736633219
9495430650
9447232320
9645040220
9447323961
9446446964
9447476054
8547124543
9497355824
8891678374
9495276701
9895706485
7034156758
9947331579
9495738860
9188341348
9995584446
9048125470
9446537070
9605044827
9447784567
9656801828
6282782505
9446276447
9846954251
7736249255
9446684142
9447945269
9846344321
8826280040
9946537286
8289947156
971506254073
9562248673
9645939002
9656060859

9496450018
9846788921
9447087755
8129167810
9656337255
9995132250
9846379535
9747192497
9846014708
9895306866
9947433302
9605914463
8921089155
9495200044
9447784567
9496412056
8089343692
9400395003
8606111441
9446730095
7561034290
7907260545
8129742200
8281388495
9496142063
9446629593
9447284175
7592954997
9847873378
9400775330
9946108390
9447455943
9961234987
971554567823
9446938090
9495037430
9946037958
9747206883
9961302085
9447722410
9447773555
8137818415
9496075086
9539820535
9656118228
9447784567
9037716386
9846303151
9447808701
9947125188
9995203300
9447524384
9567930236
9847317760
9645791000
9809039633
9400172271
9947531517
9447952268
9020610322
9895535534
9447109148
9544744364
9847025102
9446571075
9995510648
9947037039
9446410607
9847312249
9744197295
9605040009
9846272418
971505652891
9447443299
9400809704
9447187109
9447784567

9446205314
6235469194
9357354594
9037909626
9495739577
9744529102
9447544817
9446684070
9495120939
9961468701
7012747328
9400500309
9446456453
9287935926
9446623214
9961923224
0
8086881544
6238022322
96899578192
9847302774
9895056224
9847608248
8547295041
9895430244
9744148113
7373767076
9744656661
9961292713
9447784567
9388622398
9961000045
8075949940
9744655327
9249797984
9847046313
9447447174
9072484480
8593963385
8606665082
9746804362
9539033156
9605984438
9447436085
9539346990
9447005650
9446355025
7034917002
7907097804
8078891279
9495828431
9497035659
9747127555
8330089474
7510170395
9496088418
9895063554
9946340066
9447709551
9446747081
9447784567
7356707638
8590462654
9400804487
9496454203
8590624203
9847063178
9645492458
9400180292
9745906499
9495457980
9446044431
8943338060
8848881445
9446218190
9961575710
9495161903
9544847020
9539066690
9539865121
9745696527
9048889433
9746146744
9746174167
9961000620
8943382256
9744862810
8304028503
8075638857
9745208200
8078020711
9447784567
9605895516
9961803980
9497003402
9349839061
9447916176
9961066642
9847873222
9495854046
9447057736
9539561967
9847222400
8547838480
9846775399
9446864005
9447322745
971505808675
971529064807
7736985907
9947039414
9447560659
9847177952
8281570583
9496747339
8281922839
9496120797
7510309802
9495040330
90480014185
9495919668
9400775047
9447784567
9446429284
9645288542
7907568424
9947656562
9496700409
8899227445
8848875509
9446340630
9447763456
9447232113
9447036633
9947174551
9846586267
9447338686
8281311675
9846888653
9645564478
8281958674
9048259139
9446576362
9495528502
9633653894
9539551883
9745756145
9446940133
9746728970
9387403439
0097339530175
9847015790
9447876681
9447784567
8606025937
8590236218
9605744088
9645517909
9446688450
9947075955
9446387224
9042756409
9745745601
9349160060
9447473756
8304927216
9048259139
8606746782
9747439075
971565615520
9447053268
9744893059
9742168686
9562494317
9847246377
9745383874
7559888016
8157053266
7356534242
9446824261
9946464292
9947855345
9846094778
96566632887
9447784567
97333999812
8086244051
9400423056
9446401806
9447014567
971507318778
9447818786
9447921423
9388609281
9946840885
9447645765
9249577601
9746458841
7025977244
9495444950
9895644662
8891264717
9496430371
505089768
9447391001
9447062007
9446666059
9747658880
9446817927
96599560678
9946805889
9446219515
9544371282
9847185097
8589934399
9447784567
9847407333
9747500422
9526752066
8848865279
9447221797
9061849688
9446782682
8848839861
9647256100
8592893459
9846860804
9072207255
9746075598
9526323975
9961785960
9447109345
9847278014
9747828319
9447879774
9447778670
9961057644
9447335174
966507901339
9947063960
9400838995
9847111742
8089879347
9745546997
9947577533
9846183447
9447784567
7736235820
9895131389
9846123122
9497497636
7561800664
8848562933
9446882651
9447143711
8943335953
7907832419
9446421916
9846625454
9544459647
919188197577
9846598207
9447019952
9744198686
9447029811
7012025389
9633772658
9447043351
9495078456
8714322596
8943759644
9447086415
9946889201
9645671752
9188212776
9447216308
9895701785
9447784567
96550549474
9447514609
9446677789
9947246266
9495472002
966509488968
96599065742
9847449999
7561824377
9847521255
9447397043
9446472562
9946295550
9400619870
9846415377
9447169796
9495737508
9947860845
9846198955
9446252513
9447187834
97455549206
9847213513
9539783129
9895700748
8606745296
9620083407
8289857603
9633694966
9847785555
9447784567
9895758517
8943004960
9895330195
9562821817
9846953948
9605002327
9526228719
9946773773
966559592046
9447334657
9562329930
9447852176
9446149618
9846261789
9446508033
6238053662
9846053985
9496019240
9826932819
9447312351
9895149489
9995450069
9995318383
9874929673
9388878040
966506818364
8606219209
9567489400
9495069624
9847404411
9447784567
9446073998
9847772410
9447167373
9207466258
9961931400
9846277894
9526558553
9745326965
9544118282
96550110633
9446657524
9446485859
7736093979
8157815050
9400888065
9188708165
9446986224
9995515709
9946885631
9137050810
96597959384
96551768839
9446113363
9995907487
8281380774
9446595456
9900410300
9747474069
9744717651
9895545930
9447784567
9495375483
9946234510
9447175661
9447559739
8592036455
9447146744
8921118263
9961341773
503407705
9605095564
9447480510
7736515591
9226143503
9446939652
9495842725
9895461928
9544591613
9447509833
9496380733
9758658600
9447469714
9446666677
9496192316
9961185252
7736513457
9895384763
9497719509
7025607030
7902336858
9495014876
9447784567
9846053097
9495083562
9633695556
9496075984
8547274032
9539869864
9744225257
9847263484
9895194060
9400880750
8086660804
9847497745
9447052261
9042280200
9446779687
9446308126
96899758698
9447701449
9947102288
9495106248
9946770101
9061573779
9745755507
6894771400
9496649187

9995632190
9495269210
7907063769
9388608082
9447784567
9400877717
9605762057
9846101092
9995124053
8547720840
9495157798
9895109895
9446542511
96598857649
9387446805
9847342871
7907537729
9946409362
9747070500
8113950487
9400233909
971552345535
96899679180
9847132141
9544829245
9605276827
9846727120
9539792665
9847748858
9895686578
7025035454
8129347668
8089239388
9447812433
8281994799
9447784567
8714222851
9847344559
9447062626
9831009357
7356920660
9447402897
947242814
971502432359
8089252588
9744555359
7559969014
9846218191
9847220722
984726588
9961881126
9447569698
97339266781
9995472568
9048824496
528007101
9539004220
6282355250
9037374881
6238151728
9446779973
9895772681
8075770734
9745503252
9400879141
9496346932
9447784567
9633464417
9645528783
9447146802
9400642677
0
9656037484
9495818630
97339772924
8547176782
966508896398
9496246263
9847425414
815789440
7510459676
9745662012
9495067713
9562329670
9539820554
9605733132
9961871675
9895784366
7012520812
9544887338
9497865339
9495304369
9447812109
9495668387
9495430726
9961442652
9847052851
9447784567
9008416268
9846234469
8848428305
9847633227
9447513362
9388048489
9862206805
9946409408
97334568628
9746156897
966504905941
9447189161
9497882491
9847034207
7593920838
9544887735
9846238773
9048192211
9633380715
8129125042
9496620622
9447355025
9947425801
9895939893
9656433684
9495048250
9495603097
9446030993
9847418864
9188341348
9447784567
8547235165
8086714141
9447627160
9539507498
7012647033
8270907117
9846966916
7455859609
9446738347
9946664509
6282697917
9400301901
9995633863
9946388894
7561869853
9846518354
971505707037
9846095393
9744340401
9207226577
9947100170
9746763365
7722011069
96895072488
9495321298
9846738131
9400419750
8330098446
971506406502
9946661951
9447784567
9847498848
9745694004
9400459796
9495164980
9495131986
9961991256
9446666225
9947992891
97455548498
7558098305
34631782106
9961004884
9446627386
9446954137
9447029732
9562066600
9846894297
7356318294
9447447705
9447727277
9847195208
9846027232
8301838607
9995188264
9633188834
9446869023
9349866620
9847841948
9447055766
9847757077
9447784567
9995876197
8111989966
9946614492
9946787718
9447149245
6282175411
6282947604
9847070717
9497800058
9447829305
94463533398
8606366106
9961519865
9867769748
9605249394
9400206941
9745128976
7034774617
9400181759
9400537343
9446235376
9847461515
9447250284
8111800483
9497554250
7592019027
9544922152
9446127901
9447438462
9074132101
9447784567
9497316166
6282872479
9496175593
9895624372
9074630233
854784231
8301917611
8848494231
9744250373
9496637020
9947728838
8714050981
9447302900
0096894489442
9447225006
9447287221
9847772027
6282169298
9495395599
9383491556
96566525769
971507801035
9847849999
96893556952
9495764168
9074762199
9495811927
9995378301
9497789621
9446309092
9447784567
9846068024
9497933751
9633014491
9497912207
9400407383
9745964745
9961723763
7860026260
9495529092
9388989899
9744509599
9847720942
9946944700
9995645562
9446837594
9562957250
9447521873
9947645515
9496420998
7558809330
9633166764
971507890374
97339169341
9020911836
9495838706
9447475221
7599619979
8089332345
9447328595
9495257277
9447784567
9847473624
8113948929
9846582717
7356148318
9447540824
9447331977
9847540194
9526987812
9745554095
947116477
9947404685
9895038551
8547257103
9846046776
9633182909
9387823175
9495770288
9947092165
9496111361
9947137026
9447224303
9961189564
9446724114
9645505463
9605638417
9995409300
9072222009
9846549513
9947552501
9447020670
9447784567
9846337802
9497896417
9895644565
9895960704
7056174723
9526429281
9495714974
7907198815
9526935042
9605168260
9048140561
9048052789
9995167686
9446467609
9072814120
9446812657
96899342799
9446761818
9207380602
9447070942
9995462200
9995491444
9446297020
8078313514
9846350290
9447692807
8606113665
9497846182
9656647425
9946352642
9447784567
9567749516
9995477691
8907777778
9447350790
9744259896
9447864681
8129111018
9495519885
8939942006
9946572303
9744504981
9961253071
9747063679
9061122235
9497878895
9895221616
9048270787
9744907642
9846385832
9605771481
9656792646
9947175741
9846120057
9544112681
9544966646
9947433791
9446632909
7592858657
9400059604
9447561419
9447784567
9920723087
9495194762
9400676129
9947647755
9388408041
9495429755
9995822421
9744081379
9447694230
9847127136
8547007400
9447827609
9894137531
9446267297
7907581706
9995182791
9847613279
9446156061
8078737910
9645905888
96566646942
9947896651
9744491222
9497209934
9496277628
9562224526
9946918560
9946663712
9400526084
9846249900
9447784567
7593954698
9947728838
9847334299
96899612428
9447411787
9447329006
9497777205
9447088710
9847046104
9446314908
9961112791
9946782697
9447046749
984786852
9846638394
7561010659
8891979002
9388870220
9744001705
97455553714
9446427141
9387007097
9846464253
9947024208
9847661039
971505237908
971504164579
9446611573
9846082660
9847166584
9447784567
9895180190
9037170529
9061791723
9447216455
971507645170
9895803535
97433190749
9447946977
9847497328
9947611022
8301867938
7559933130
9961837436
971558165640
8157831461
9895252253
8281829474
9037094337
9447318333
7306075820
9744224466
9447076217
8156896796
9447610063
9947670870
9846082660
9495230080
9847739112
7034840718
9446524555
9447784567
9497026238
9745132080
9400430444
8714292991
8547418307
9847277834
9249431565
9847705005
8157867229
9846142111
9961160309
7594830647
9745962405
9847361397
9946559085
8089459292
9947297731
9645303434
9497061615
8086677263
9895430682
9809050007
9744609159
9446242546
9495514352
9745321564
8903655729
9847241123
9895638789
7034551066
9447784567
9447464839
9645134099
6282141738
9446719260
9847136477
9447433114
9567640715
9447465912
9447050572
9447680397
8157809039
9895610474
9447217846
8086797182
9447002799
9847924616
9388013751
7994729016
9037372416
9747006951
9526232728
9447798219
9446694681
9447010123
9446976140
9388927293
9946577577
8848833894
9496288133
9495712912
9447784567
9847284286
9744998880
9645564344
8111852888
9447799765
9947370867
9847166165
9495783182
9895484281
9847137024
9745933340
7593920751
9447360401
9447672630
971525636432
9388736653
9847188323
918423404381
9349201436
8606682832
9746661446
9446025380
9645968555
9947413199
904879819
96566924068
9744748362
8089708338
9744151203
9744907642
9447784567
9847474473
9446733979
9562858495
9656100511
971504683649
8943796392
9400252023
9497962223
8075813939
8897316776
9446687558
9744589350
9446995857
9744959341
9048660741
9539544480
8943382256
9447913607
9496614765
9447455692
9446727831
9946762772
8129967967
9645528064
9895241255
9745641121
9446026118
9447257196
9495672905
9868799954
9447784567
8593987913
9037484766
7034856770
9895027817
9446729432
9582023547
9847908907
9995431818
8592034440
8113808997
9497118551
8289840498
9744444478
9496162598
9995366311
971549963367
9446611622
8281939174
7907803898
9447653398
9746655015
988491701
9446420204
9388971510
8547858166
8943875581
919447830048
9961862170
9645635184
9495420523
9447784567
9446744458
9744907191
9847176425
9995449000
9633186285
9447625904
9447591611
9447667301
7902572962
6238356353
9847356523
9886263194
971544223001
9995776540
9961672133
9744704947
9562503305
9447172743
9946519223
9544091230
9933711095
6238184301
9400526853
9446771331
9447285381
918111860207
97431598300
9446300081
971505831187
9446963554
9447784567
9048382322
9495786327
6583488836
9447878230
8086955933
9496170128
9447667695
9744223053
9447267448
9961431954
9969809464
9702008035
96896574241
9846056238
9633404040
96899418096

8907948388
8590021600
7994556227
9995951401
9846396884
9846005267
971507564772
96566523989
8891708230
971504997601
9496750194
9846095767
9447830195
9447784567
9497039272
9605122844
9497379866
9846742458
9846223334
8129992707
9447055560
9747041667
9995030213
9769348198
9562834167
9446530860
6235630610
9496578846
6238221979

9048462733
8594054335
8156950590
9446740652
9400477117
9446365272
9745617070
971505859361
966545127748
9846591444
9447616480
9446869178
9847266470
9072801111
9447784567
9074999137
9961242675
9447442735
9447672811
9961654320
9074008928
9846445044
8606517785
9747042901
8590090575
9847932605
9715088423939
0097339298091
9496646328
9495341246
9446839663
9447105715
8851266864
9048463663
9497189133
7025802970
9495437615
7907432177
9447812214
9037467689
9388971168
9745606877
9142111693
9447259845
9497248645
9447784567
9447301418
9447954879
9745808863
9847419349
9447388329
9567505379
97433241471
9846606646
9895903767
9645749470
9447617002
9388824617
8606459254
9447144042
9048045315
8075180956
9447764824
9072369858
9447811464
9447171239
9947921241
9400486850
9447100730
9846077190
8075105436
9446027948
9446221675
9447169507
9447077394
9447389937
9447784567
9447575389
9946163425
9645491600
7909135545
9495504656
9447568452
9447118695
9447162823
9497657173
916774629
9446873607
9447003452
9061322606
7012457335
9539411264
9446087065
9495367391
9495565516
9446620270
9847902464
9447581078
9947552353
9495859055
9072088399
9961846811
9048037423
9846947662
9656532239
9847520210
9447607679
9447784567
9562847811
9495763799
9656918193
9446693891
9562833819
9447466496
9847370130
9495880862
9446331031
971555083072
9562958091
8086304261
9400777513
9895131389
7558014821
8129151162
9562384520
9447260345
9840225702
9447458669
9847121137
9400660662
9446128321
9446741839
8606615079
8547017415
9539176642
9946044060
9995824334
8089222016
9447784567
9895960827
9388823209
9497789214
96599006243
9539004467
971555916097
9446495894
9496677981
9495452992
8921631354
9846023062
8943405468
9446288964
9947213121
9846454620
9847789735
9048463663
9496852360
971504550324
7510119746
9048262635
9847520960
9496745479
9847770216
9567080099
8921810852
9946103120
9496088185
8943093254
7907541002
9447784567
9446982227
9447867740
8075390830
9745997904
8848892295
9847360124
7034138697
8078958046
9895710318
7907376076
9497240838
9446277789
9349907525

8590806530
8943084967
9447026326
9846560000
9048123389
9447831108
9446865557
9446716114
9846599005
9847786061
9847342134
7012227171
9847937464
9447574844
97335913148
9947932295
9447784567
9961475518
9188833743
7902727777
7559850664
9744973954
9446922656
8289854811
9495896009
9388631423
9446420944
966502056438
918848656243
9605730027
9495764412
918129854495
96565917446
9947469127
8547158120
971509037839
8592066872
9947635990
9495430740
9846064233
9995822309
9961107262
9497449612
8075327045
9400669685
9447426464
9446635028
9447784567
8281491762
9447863654
9447415315
9747549382
9791125540
9745595801
919961221225
9061682341
7902583067
9744565639
9947879391
96899571935
9947833933
9847931351
9961658321
9048867464
9446217119
9745032323
9446931133
9074757455
971507785043
9745200766
9446212635
9847103320
966558738607
9446550066
8086502819
9847126943
8547841832
9345750585
9447784567
7356081871
97450573675
9074937813
9961175534
966501962380
9544378077
9846320022
9447631823
9447173566
9447007328
6238486112
9946356255
9847447090
6282633133
9447848461
9447105673
9747425440
9547152643
97455742837
9400291783
9947501536
9645500892
917306655486
8086882393
9847438282
6238281617
8156877121
8129888241
9947000670
9961553912
9447784567
9995821054
9496297588
9497288270
6282755567
9446420446
8281222770
9349222670
9946160238
96895224015
9895076380
9447073140
9746991477
9496980230
9447021365
9447870118
9446552992
9747234477
9037093564
6282244773
9446369572
9916135112
8086354121
8547384354
9447680333
971558606853
8547824961
9605839020
9074919903
7012183073
7025555755
9447784567
9645313364
9447423131
9961429810
9961204443
9847861566
9496246198
9447679887
7907987204
9895448488
6282392690
971504195187
9400721888

9446937896
9447358217
97474748300
9947004562
9846142111
97336917548
9961834834
8943967509
9446605161
9645328231
9349160060
9846595615
917907458530
9847883366
9846365444
9847765723
8848898370
9447784567
9846580553
9847498850
9400856472
9778261705
9847223226
9847886928
9847557819
9447467570
9645996437
9447211982
9946040343
8547827818
9447156151
9847540619
9446607950
9495804098
8921238846
9605229683
9446140414
9447178597
9495331213
9446901194
8281695969
9656300970
9388852793
9961775991
9495467754
8078751757
9946321920
8606830077
9447784567
7559825642
8086029799
9037445260
9495735846
9745402370
9388803841
9496059766
9207587362
9744031122
9895772654
9745008383
6282348238
8943005184
8075942678
9745459982
9745088468
7907117912
9400994356
9446740819
9446697565
9446308452
9447733380
96896606200
9446593977
7736653149
9847193086
9746325369
9847314949
9895573006
9846428210
9447784567
9898982723
917907378556
971552137949
8075133465
9947560459
9447064016
9446990645
9447000207
9562948703
9745230702
9847197509
9846833799
9846224542

8157825614
9846976991
8800670290
9447230686
9447276144
9952404667
8281141674
9447873801
9447986412
9447358378
9724200903
9447458326
6282227569
971551152597
97455952595
9048999505
9447784567
9847776619
9074384486
9656666633
8606031342
9656729131
9746277023
8921565534
9995899968
9562704189
9526728277
917736737483
8089891526
9037290718
9744470605
9048273457
8547020071
9656815953
918590656797
9656862287
8943618482
9995430190
9744897374
9947099661
9846353012
9567095833
9447271492
9497555578
9744962992
966507261019
9846944580
9447784567
9447965017
9495560306
9995884761
9446652599
9447153807
9446946267
7025850385
9946388220
9446138943
9847596642
9424914906
9744185818
9020777444
9809660962
8330066527
9495325328
9495220756
9495491697
9037489112
9947306838
9061191550
9447848749
9526628888
7025211581
9388883484
9947721455
9496284763
9544127805
9400750037
9539007453
9447784567
97336021009
97333381266
956257912
971504959953
7034228114
7034490873
1918921608358
9447970269
9447225345
9446594467
9539753735
9947218832
9526840986
8547727988
9496137669
9446442233
9447350076
971566774591
9495567294
8547145714
9920075302
7034477760
9847742473
9892519035
9446555496
9605674446
8138818520
9766951351
9447176542
9491324251
9447784567
9447538126
8113857175
8547222896
9633437478
9567260147
7907632556
9567640421
9496130565
9447294554
9847624524
9400702008
8547082798
6282851141
9995709655
9447820672
919846643889
9497197876
9745502508
9847603055
9895481574
096893838611
96566913744
9447580914
9048730185
9744913482
8589948320
9249736716
9447154163
9963397166
918281263918
9447784567
8755438802
7012011660
9961194084
9495943124
9446184545
9633418805
9495381447
97339650765
971507571683
9495072720
9447024094
9020667116
9946568448
9745244955
9947190540
9447465877
918848665051
9847146578
9744451255
9633279703
9447011629
9567979177
9995444139
9447019952
96566152887
9846051765

9895996518
9605055415
7025098061
9447784567
9539020465
9747818097
9447954074
9446217237
9447587328
9847262226
9446303048
7356881010
919447678724
9989254279
9497258920
9895497760
9388948801
9387107330
9446757702
8943482369
9562107762
9745792963
9400359042
9995257001
9497124548
9846037098

9947095310
9447511758
9744383947
9961838575
9895110051
9495440487
97338473842
9447784567
9496124092
9447905585
9744233003
9447962295
9847050747
9497228076
9544846219
8606212027
8086436616
7591979327
9605148096
966530746535
9895611742
9747166979
9495060059
9496217219
8547905481
9744684793

9497856081
8547803327
9447122613
9645869659
7025621264
9446464574
8547500790
96895307093
9447087112
9447348539
7012583151
9447784567
8078162366
9847647044
7907524117
9496791362
97466318589
9526778803
8301013068
9745542069
9447993114
9895107487
96561807790
9074786825
9656660000
9995234316
9447478113
9744473378
9447478235
9847940302
9947473658
9497413823
971551228662
9388608082
971557547161
9020950264
9048613369
9446574337
9895110079
9061779904
9747400503
9400923395
9447784567
9497316330
9495388630
9846112046
8281646815
7034311744
7025013818
9496530983
8301836377
9895401625
9656331014
9847264969
9846112046
9605933665
9388166808
9496231067
971503746851
8089119088
9495018404
9846023404
9447254671
9400074673
9447458560
971501654218
9744490636
9495249961
9847121612
9447766845
9846333583
9447541096
9995434579
9447784567
9847302248
9847644353
9447884373
9847739612
9946898965
8891644354
9446619230
9846114522
8891567715
9446279336
9961139656
9061986682
949791609
9388773701
9446142015
9567196867
9946044060
9495716552
9447894288
9633301593
9447914538
9605141265
8281104330
7447098053
9446077403
9847410951
9349647378
9895350862
7025173170
9746525776
9447784567
9447002763
9846586267
9567979953
9846636636
9207183719
9447798491
9605052853
8281375085
9447293031
9847434536
9846004307
999586109
8281816153
9387262472
7736222479
9745905047
8301939256
9562214105
9495053166
9747461136
9447992774
9447723192
9497688085
9496137669
9847865109
9446628458
9447236154
9388504175
9447490996
9048277655
9447784567
9446500630
7902603924
9447742752
9947001385
9846644474
9656760738
96599140864
9366039661
9387837433
9495430353
9446939374
9495166666
7907560654
9387672704
9562776850
9895760076
9495819224
9544265622
9961202835
7907191406
7356059770
8590129476
9961401123
9846787779
9526472272
8129399132
9496285806
9447945302
9745240479
8111873997
9447784567
9846545906
6282336463
9562197673
9562229539
9387330098
7738434116
97441866607
9446741915
9072884738
9846123738
9947174625
9496783772
9847371180
8281304608
9747445862
7907099618
8281686274
7559952070
9947811058
9495715029
9995593879
9048794142
9562698014
8592812856
9495735571
9388840212
9495231477
9847941050
9947400337
9446094556
9447784567
9895081971
918089717003
9847505151
9544563111
9656488471
9995888828
9495263230
9446664638
9961243535
8589983853
9446296421
8129415633
8289935630
9847562665
971523344023
9846156840
9745614515
9447705911
9847273590
8129415969
9746438196
96599259186
9633202260
9947543243
9446685615
9446205238
8593037075
9567815257
8129160487
9447913621
9447784567
9797099523
9847709154
9947795035
8590248334
9539432568
9446742677
7994431608
97333820649
9961965232
7012389500
9446716418
9447227159
9946251485
9745614990
9495582945
9447616018
9496611847
9605996691
9447236201
9946421975
9447302515
9847758475
9961161191
9744983870
9447992530
9847086022
9447275778
9847748800
9544002479
9656995464
9447784567
9846271864
9745309399
9947554235
9746520235
9895469503
9446789018
9999972017
9744889680
9496214154
9495551249
9846076249
8129138974
9847852585
8281592182
9747536009
9496058171
8129145749
6238762787
9846180125
7510669250
9207577060
97444891472
9495245738
966536617318
9946474848
9745100743
9656241698
9846383699
7025655081
8086363946
9447784567
9526367159
7594031961
9447011331
9847310325
8558877966
9539580032
8089861195
9495044646
9349151430
9846634333
9446867426
9496338294
8281940672
9947564589
9961927793
8606201293
7907485693
9846991716
9895088357
9497888484
7558896540
9446472911
9388489791
7306263905
9899189050
9656268710
9947354979
9447901171
971507487180
9447360780
9447784567
9544556666
9847886391
7506527893
9349331158
9746955093
9847660824
9447196860
9496249595
8493809991
9895981961
9446881007
9496280821
9947537779
9745186286
9496155893
8113042968
7025406070
9846544603
9605216550
9447747479
9633201352
9961619342
9539559110
9747171109
8590704717
9645956539
9446064973
9656670990
9447756076
7558896105
9447784567
9947065493
9947065493
9744050080
9447627765
9447535257
9562662683
9947425915
9744129176
9961699478
971552853974
9544255303

9744305145
9961009602
8592959250
9037598792
7034796884
9387519839
9995270079
9562674017
971501409530
8848891262
9400964752
7592057624
9496192282
971506754805
9446234134
9744427208
9447234832
9961605611
9447784567
9846581611
917994317812
9809441532
9539695274
9447186468
9539743088
8281041547
918156822708
9847039020
9446747144
9744678224
9744452710
9846012007
9400397482
9447647132
9447576843
8277164771
9495182654
9778575548
9447670014
9037599107
9526754115
9847507012
8943750870
9539547325
9495738270
9447402674
8606896309
9447710827
9447321290
9447784567
9846416684
9744805477
9495447169
7902822095
9249787589
9947346947
9961681729
8589944855
9846953387
7034467008
9495464418
9446985920
7558045844
9961377795
9645261070
9495177225
97339306663
9446473371
9745595425
7510604112
966555246252
9847962290
9744796333
6238006122
8129996292
9349991404
9282417101
8848923804
9447418682
8897316776
9447784567
9544109689
9061296903
6238384774
9846701012
9847304772
9895879928
