9495314994
9526267805
9847402288
7025669242
9744841476
9447067718
9447232320
9645040220
9447323961
9495276701
9048125470
9446684142
NULL
971506254073
9496450018
9846788921
9947433302
7907260545
9496142063
9400775330
9961234987
9946037958
9995203300
9400172271
9447443299
-
9446205314
96897041650
9447281061
9446623214
9287935926
9496088418
9946340066
9447709551
9446218190
9188888988
9495161903
9961000620
9744862810
9745208200
9961066642
7736985907
9847177952
8281922839
9446429284
9645288542
8899227445
9446340630
9846586267
9539551883
9947075955
8304927216
9446824261
8086244051
9447014567
9447921423
9544371282
9061849688
8592893459
9846860804
9072207255
9946401394
NULL
9447109345
9447879774
9633914658
9947063960
8089879347
9745546997
9947577533
9895131389
7561800664
9447029811
8714322596
9947246266
6235454377
9847213513
9620083407
9895330195
9447852176
9447312351
9874929673
9495069624
9847404411
9447167373
9846277894
9137050810
8281380774
9744717651
9447559739
503407705
9895384763
9497719509
9846053097
9495083562
9633695556
8547274032
7025607030
9847497745
9446779687
9446308126
NULL
NULL
7559969014
7510459676
9495067713
7012520812
9544887338
9497865339
9447812109
9447189161
9497882491
9895939893
9847418864
8086714141
7012647033
9946664509
7561869853
9495321298
9495131986
9446666225
9446235376
+00968 94489442
971507801035
9995378301
9961723763
9847720942
9946944700
9447540824
9526987812
9847540194
9895038551
9387823175
9961189564
9846549513
9447070942
9447350790
9446632909
9995182791
9496277628
9400526084
9447329006
9961112791
7561010659
97455553714
+974 33190749
9961837436
9447076217
8547418307
8157867229
9846142111
9447464839
9447050572
9447798219
9388927293
8111852888
9447799765
9388736653
NULL
9446025380
9847474473
9446995857
9895027817
9582023547
9847908907
9995431818
9496162598
7907803898
9447653398
9388971510
9447172743
9446771331
8086955933
9447267448
9846396884
8891708230
9496221163
9497379866
9446500211
9995373425
9074008928
8851266864
9495341246
9447812214
9388971168
9447954879
9447118695
9497657173
9447581078
9656918193
9446693891
9562833819
9895131389
9495452992
9846023062
7034138697
9349907525
8943084967
None
9495430740
9400669685
7902583067
9947833933
9847931351
+966 558738607
9847126943
9074937813
9961175534
9544378077
9846320022
9447631823
9447173566
9946356255
9544342312
8281222770
968 95224015
9447073140
9947855217
8086354121
9447680333
9496246198
6282392690
9400721888
9446937896
9846142111
9847557819
9446607950
9895507132
8921238846
8281695969
9745402370
6282348238
8075942678
9446740819
9446593977
7736653149
8075133465
8281141674
9447986412
97455952595
8943618482
9744897374
9567095833
9744496612
9846944580
9495248750
9424914906
9020777444
9809660962
9495325328
9037489112
9447538126
9447294554
9847624524
9995709655
9048730185
9947290113
9539020465
9747818097
9447587328
9446303048
9447678724
9744515499
9846037098
Late
9495440487
9496124092
9447962295
8547905481
9497856081
9526778803
9847475282
6282424197
9447379383
9447676985
9747268779
9446623214
9496872383
9387015546
9947870006
9495428942
+971 552741892
9846132910
916238042973
9747001100
9446348460
9447844041
7306259003
9847377572
9495416325
8907576726
9447574844
7907267584
9847095315
9847358698
8606185229
9447366432
9447218917
9447672788
9847098088
8590233394
9567784095
9656183655
9746831726
7907657021
9207791237
9846871142
9562920405
9847446380
9747474392
9605640554
9446137207
507493502
9544538501
966535220423
9847647655
+91 9846053613
9446888713
9495100613
9656200045
7510510888
96896030210
9544521615
971509168656
8547129158
9497839617
9497839617
7510633599
50237711
9497712099
9048653903
9497195750
8547283468
8075391268
9496415574
9961994040
NA
9048946601
8848440210
7510849247
9446674864
9747673751
9846025190
9567465206
8848821153
9188084812
99466581076
9562443362
9846159583
9645153441
+96 878343964
9446094798
9446427627
9995397226
9895396436
9544881467
7510227951
9846334776
9961228562
9562254209
9895367834
9447815468
8138827486
9895520618
9447479440
7055292017
9747152707
8281470120
8301874872
9496354702
9447005265
8156918360
7510166020
9895776792
9562513009
9495203489
9656978388
9447814254
7736630686
9447347460
9496417510
9447519040
9745013040
9495430650
9446446964
9947331579
9188341348
9447945269
9846344321
8289947156
9562248673
8129167810
9747192497
9895306866
9605914463
8921089155
9847873378
971554567823
7592954997
9961302085
9447773555
9496075086
9846303151
9447524384
9567930236
9847317760
9645791000
9020610322
9446571075
9847312249
9447187109
9400500309
8075949940
9539033156
9495828431
9497035659
9446747081
7356707638
8590462654
9745906499
8075638857
9349839061
9447916176
9495854046
9539561967
9446864005
9447322745
8281570583
9496747339
9496120797
9495919668
9947656562
9447763456
9447232113
8281311675
9846888653
9446576362
8606025937
971565615520
9447053268
9744893059
9745383874
9946464292
9846094778
97333999812
9400423056
9388609281
7025977244
9496430371
505089768
9447391001
9447062007
9847185097
9847407333
9526752066
8848865279
9447221797
9746075598
NULL
9400838995
9846183447
9497497636
9446421916
9846625454
9544459647
9744198686
9495078456
966509488968
96599065742
9847449999
9447169796
9495737508
9539783129
8606745296
8943004960
9605002327
9526228719
9446149618
9846053985
9826932819
9995450069
8606219209
9446073998
9207466258
9188708165
9446986224
9995515709
9946885631
96597959384
9946234510
9961341773
9447146744
9544591613
9496192316
9539869864
9744225257
9447701449
NIL
9388608082
8547720840
9946409362
9847748858
9895686578
8129347668
9447812433
9447062626
9831009357
984726588
9446779973
9895772681
8075770734
966508896398
9496246263
9562329670
9539820554
9495304369
9495430726
9961442652
9847052851
9846234469
9388048489
9946409408
7593920838
9633380715
9656433684
NULL
9446030993
9539507498
7455859609
+971 50 5707037
9947100170
+968 95072488
8330098446
97455548498
+34 631782106
9745694004
9495164980
9446954137
9846894297
7356318294
9847757077
6282947604
94463533398
9400181759
9497554250
9544922152
9447438462
9074132101
6282872479
9496175593
9895624372
8848494231
9496637020
9447302900
9447225006
9447287221
9847772027
9495395599
9383491556
96566525769
9495764168
9400407383
NULL
7860026260
9495529092
9388989899
9744509599
9633166764
9495838706
9447475221
9447328595
9847473624
8113948929
9447331977
8547257103
9633182909
9947092165
9496111361
9447224303
9645505463
9605638417
9995409300
9072222009
9497896417
7056174723
9495714974
9526935042
9446812657
9446873605
9446761818
9446297020
8078313514
9995477691
9567749516
9495519885
9961253071
9947175741
9846120057
9544112681
9947433791
9400059604
9447561419
9920723087
9388408041
9495429755
9995822421
9744081379
9447827609
9446267297
9645905888
96566646942
9562224526
9946663712
7593954698
9447411787
9497777205
9447046749
984786852
9846638394
8891979002
9387007097
9846464253
9947024208
971505237908
9895180190
NULL
971558165640
9895252253
7306075820
9744224466
8156896796
9061400501
9446524555
9400430444
9846082660
9847705005
9847361397
9946559085
9387774842
9645303434
9497061615
9446242546
9745321564
7034551066
9446719260
9447433114
9895610474
9447002799
9847924616
9388013751
9037372416
9446694681
NULL
9847284286
9744998880
9447010123
9447672630
8423404381
9349201436
9645968555
+965 66924068
9744748362
9744907642
9446733979
9656100511
971504683649
8075813939
8897316776
9539544480
9645528064
9895241255
9745641121
9447257196
7034856770
9446729432
8289840498
9061227829
+971 549963367
7559984922
9884917701
8547858166
9446744458
9633186285
9447591611
9447667301
7902572962
9847356523
9946519223
6238356353
9400526853
+974 31598300
9496170128
94957 86327
9969809464
9702008035
9633404040
+971 50 756 4772
9446242177
8129992707
9447055560
9846742458
9769348198
Nil
9745804025
+971¬†50¬†585¬†9361
9446869178
9072801111
9961242675
9447672811
9846445044
9747042901
8606640350
+971 50 88423939
9447105715
9447388329
9567505379
9447144042
8075180956
9447764824
9447811464
9447171239
9947921241
9846077190
8075105436
916774629
9400075000
9495367391
9495565516
9446620270
9947552353
9048037423
8714795004
8129151162
9847121137
9400660662
9446128321
9446741839
9447458669
9946044060
9895960827
96599006243
9496677981
8921631354
9446288964
9496852360
9847322450
7510119746
9496745479
9847770216
9496088185
9446982227
9895710318
9846560000
8907948388
9048123389
9446865557
9847937464
9947932295
9188833743
7559850664
9446922656
9446420944
9388631423
+91 8129854495
9947469127
8592066872
9947635990
9846064233
9497449612
9447863654
9447415315
NULL
9745595801
9061682341
9947879391
+968 99571935
971507785043
9745200766
8547841832
9345750585
966501962380
9847447090
6282633133
9947501536
9496297588
9497288270
9349222670
9895076380
9496980230
9446552992
9747234477
6282244773
+971 55 860 6853
9605839020
9961204443
9847861566
971504195187
9947004562
9349160060
9847765723
9400856472
9847223226
9846274655
9847886928
9447467570
8547827818
9447156151
9605229683
9495331213
9388852793
9961775991
9495467754
9946321920
8606830077
8086029799
9037445260
9495735846
9207587362
9496059766
9745459982
9745088468
7907117912
9447733380
9847193086
9846428210
9388803841
9947560459
9447000207
9745230702
6282227569
9074384486
9656729131
9656815953
9447965017
9495560306
9447153807
9946388220
9446138943
8330066527
9495220756
9388883484
9496284763
9544127805
9387727605
+973 36021009
9447822584
956257912
971504959953
7034228114
7034490873
9526840986
8075382613
9496137669
9447350076
9744962992
9495567294
NULL
9446555496
8138818520
8547222896
9567260147
8547082798
9447820672
9497197876
9895481574
9447580914
9744913482
9963397166
9495943124
971507571683
9447024094
918848665051
9447019952
96566152887
9447954074
9847262226
9497258920
9388948801
9496428933
8943482369
9562107762
9995257001
-
9947095310
9447511758
9744383947
97338473842
9847050747
9497228076
9544846219
-
9447122613
9645869659
+968 9530 7093
9847647044
9496791362
97466318589
9745542069
7034136037
9447478113
7907524117
8089008381
9447725528
9656977997
919400303478
9846211123
+971 50 883 9016
9447591002
9447173461
9718689205
971557373536
7012844378
9526863742
9526009931
9946170093
6282862735
9447676361
9072836325
9061872641
9744954688
9846106661
NA
9447663063
971505284584
9048319005
9846134680
9048307619
7012296496
8547703170
9746717626
9446349007
9447217617
8075569799
9747929992
9447973121
9656927612
9868167057
9846189569
9567979882
96566223061
9447475559
9712425837
9447528212
9747316045
9846052317
9946123772
9188003928
9349182383
9447153870
9447812250
9526678001
9446055537
9744498968
9446139112
9562469551
9447517670
8590111076
9495673206
+965 60018922
9048818513
9544566633
9447992019
+968 77248646
9387040241
9495177249
9896166170
9388552279
9847540607
9349340005
9846031385
9633450304
9061640352
971565052733
9249936686
8281177142
971504890995
9567774585
9207940369
9447914686
9656104224
9447379896
9447616448
9747782000
919846733062
971503489839
8606610599
9447737501
9446815836
9947238889
8089809840
9895763903
9526821361
8943088872
9744070556
971503296274
9048505005
7506065789
9605204876
9947203154
9447485965
9072469208
9949902233
9995992222
9447396213
9744704774
9447414483
971556793298
9645087336
8129083199
8281275134
8075319210
971509021837
+966 531140130
9947679397
97338426365
7902311820
9388085100
9846512333
447774431083
75949 46444
9895994014
9249201709
9446762669
9447256236
9495042098
9048710533
9446650628
9446419474
9447554466
9947129689
9847643034
9447670110
9605746849
7900917540
9946687014
9446994285
9446868440
9400748108
9447305274
9207030228
9249991830
9447635613
8547264808
9061380755
+968 9206 2707
NULL
9745202120
+974 7406 4725
6282603658
9048177758
9656896873
9846044476
6282349863
8078055084
9745159277
8156945189
8891066572
9388878889
9496790430
9846685420
8891167686
9847236877
+(965)50076654
971562021915
9496163006
9847241517
9496252320
9645443599
9447636142
9846058087
9846923992
9048665286
9961759594
9895331306
96599863985
9961417725
9446684176
9846839532
9846060462
9495168898
9447792572
8547251714
9895791919
8590692682
9349160031
9447498421
9539533393
9961467536
9037461739
9847327725
9562225169
9744190061
9846256659
9447353421
505422624
9349230454
9846151884
9847828613
7558097605
9947053996
9846312472
9544743018
9895856257
9446235688
6282991578
9747549474
971561354124
9447129091
9349799671
9446442001
+965 55493661
9446693949
9447620569
9061337179
9447626243
9061762124
9947771092
9447378690
9677561315
9497681032
9946265712
9447494769
7034414721
9526189121
9446925677
971545438177
9895234803
9562215209
9895457479
NULL
8547124543
9497355824
9446276447
8826280040
9946537286
9846379535
9447722410
9809039633
6235469194
9357354594
9037909626
0
9847302774
9744148113
9961292713
7034917002
971508239248
9539066690
9745696527
9048889433
971505808675
9947039414
9447338686
9387403439
9349160060
8157053266
9447645765
9446666059
9446817927
9847278014
9747828319
9847111742
9846123122
8848562933
9946889201
9446677789
NULL
9446252513
9633694966
9895758517
9846953948
9562329930
9846261789
9895149489
9995318383
966 506818364
9847772410
9961931400
9526558553
8921118263
8592036455
9895194060
9400880750
9447052261
9495106248
947242814
9744555359
9539004220
8547176782
9745662012
9605733132
97334568628
9946388894
9746763365
9400419750
+971 506406502
9946661951
9562066600
8606366106
9867769748
8111800483
9074630233
8089332345
9846582717
9947404685
9846337802
7907198815
9605168260
9447692807
9061122235
9497878895
9744907642
9846385832
9947647755
9447694230
9446156061
8547007400
9847334299
9388870220
9847661039
971504164579
9037170529
9447216455
971507645170
9847497328
9037094337
9497026238
8714292991
8086677263
8157809039
9447217846
9946577577
9496288133
NULL
8943796392
9400252023
9497962223
9447913607
9496614765
9495672905
8113808997
9446420204
8943875581
96899418096
7994556227
9605122844
9846223334
9447616480
9847266470
00973 39298091
7907432177
8089607936
94473 89937
9447575389
7012457335
9656532239
9847520210
8943538563
8086304261
9562384520
9497789214
9446495894
8921810852
8075390830
9745997904
9446277789
9847342134
9447574844
9447426464
9747549382
9048867464
9745032323
9447848461
9961553912
9995821054
8547384354
8547824961
NIL
+973 36917548
9656300970
9745008383
96896606200
971552137949
9846976991
8606031342
9656862287
9497555578
9061191550
9526628888
9446594467
9947218832
971566774591
9447154163
+91 82812 63918
8113857175
9446184545
+973 39650765
9447011629
9497124548
9495060059
8547803327
8547500790
9995234316
9744473378
9020950264
9895110079
9446718838
7306046245
+968 94552551
9846600572
9446915302
9605721973
9745733257
9447315569
9747340460
7012408156
9072358476
9946096395
9447036597
9072508035
9446605625
9946464667
96551374532
9961974270
7025812997
8714065461
9778121057
7907240881
9946660142
9562274114
8075050450
8157869234
9526805705
9447364206
9656900041
9495157834
9632821636
9846122327
9633179348
8547126331
97506740515
8589827636
8138001434
NIL
9037798628
8943125474
9074023860
966543498526
7012896472
+966 0502161101
+966 53 247 4547
NIL
9961984837
9495974062
9895612510
6282544969
9447360436
7907370524
9447552706
8921392828
9447356319
8907246234
9048702767
971555527130
9947299217
9400551111
9746174167
9446265830
9447034460
9446391698
9447380812
Nill
9656530943
9526607083
9447238800
9961234010
8086700548
8281949122
9526760675
9048929280
9995334453
9048208372
9447979830
8593903723
9847684029
9847165385
9447476054
9495738860
6282782505
9645939002
9656337255
9995132250
9846014708
8281388495
8129742200
9446629593
9447455943
9747206883
8137818415
9656118228
9947125188
9447808701
9947531517
9895535534
9947037039
9744197295
9605040009
9400809704
9495739577
9744529102
9447544817
9495120939
9446456453
9961923224
6238022322
9895056224
9847608248
8547295041
9388622398
9249797984
9072484480
9746804362
7907097804
9496454203
8943338060
9544847020
9539865121
9746146744
8078020711
9847222400
9846775399
971529064807
7510309802
9495040330
8848875509
8281958674
9633653894
9961230612
9605744088
9645517909
9446387224
9042756409
7559888016
9847246377
7356534242
9947855345
96566632887
9562494317
9446401806
971507318778
9495444950
9747658880
NULL
96599560678
9946805889
9446219515
8589934399
9446782682
9847256100
966507901339
8105260845
8138897577
9447019952
9633772658
9447086415
9447514609
9846415377
9447397043
9400619870
9946295550
9562821817
6238053662
9496019240
9567489400
9745326965
96550110633
8157815050
9400888065
965 51768839
9995907487
9747474069
9495375483
9447175661
9605095564
9447480510
9446939652
9496380733
9447469714
9961185252
9495014876
9496075984
9847263484
9947102288
9745755507
9995632190
9400877717
9846101092
9387446805
96899679180
9847132141
9539792665
7025035454
9447402897
971502432359
8089252588
9847220722
9961881126
97339266781
9048824496
6282355250
9037374881
9745503252
9400879141
9447146802
9847633227
9447513362
9862206805
9746156897
9495048250
9495603097
8270907117
9446738347
9744340401
9207226577
7722011069
9847498848
9400459796
9961991256
9447029732
9447447705
9846027232
9995188264
9633188834
6282175411
9847070717
9400206941
9400537343
9447250284
9847461515
9446127901
9497316166
9947728838
6282169298
96893556952
9495811927
9497789621
9446309092
9846068024
9633014491
9497912207
9745964745
9995645562
9562957250
9947645515
9496420998
7599619979
7356148318
9745554095
8089830216
9447020670
9947552501
9072814120
9446467609
9048052789
9995462200
9995491444
9846350290
9497846182
9656647425
9946352642
8907777778
9447864681
9895221616
9605771481
9544966646
9847613279
9744491222
9497209934
9846249900
9947728838
9447088710
9847046104
9946782697
9446611573
9847166584
8301867938
7034840718
9847739112
9847277834
9249431565
9947297731
9895430682
9809050007
9847241123
9895638789
6282141738
8086797182
7994729016
9446976140
9495783182
9746661446
9947413199
8089708338
9447455692
9446727831
9946762772
9868799954
8593987913
9037484766
9446611622
9746655015
9847176425
9886263194
9744704947
9562503305
9447285381
9544091230
9446963554
9744223053
9933711095
9496750194
9447830195
9562834167
8848943628
9745617070
9847932605
9048463663
9446839663
7025802970
9037467689
9447301418
8592042459
9388824617
8606459254
9446221675
9447568452
9447003452
9446087065
9847902464
9495859055
9846947662
9495763799
9447466496
9495880862
971555083072
7558014821
9840225702
8547017415
9539176642
9539004467
971555916097
9947213121
9846454620
9048463663
9847520960
9447867740
8848892295
-
9249743439
9495896009
9495764412
9995822309
8075327045
9744565639
9074757455
9446212635
7356081871
6238486112
9747425440
97455742837
9400291783
9645898952
9946160238
9447870118
9916135112
9074919903
9645313364
9447358217
9961834834
8943967509
+91 79074 58530
9847883366
9846580553
9847498850
9447211981
9495804098
8943005184
8606227878
9446308452
9746325369
9895573006
917907378556
9847197509
NIL
8157825614
9952404667
9724200903
9846833799
9526728277
918590656797
9995430190
9446652599
7025850385
NULL
9947306838
7025211581
9947721455
9447225345
9920075302
9847742473
9892519035
9605674446
9447176542
9633437478
79076 32556
6282851141
9847603055
7012011660
9961194084
9020667116
9946568448
9847146578
9744451255
9995444139
8592065373
7025098061
9946959992
9446217237
9597868015
9895497760
9745792963
9961838575
9447905585
8606212027
8086436616
966530746535
9747166979
9496217219
7025621264
9446464574
9447348539
NULL
8301013068
9074786825
9656660000
9947473658
8589083700
9539473718
8075752811
9061957252
9447986294
9947032227
9048600113
9061428365
9496086624
9895689939
9745605737
9072003095
971558452103
9447546920
9497045291
7907338663
9072797824
9745146288
9447718177
9446288920
9497230862
9605865248
9946364020
9745901888
9497461090
9446867740
00968 98099051
9946660994
8289844837
8589009866
9947531517
9895100306
9495726638
9446892042
9544409789
9846522900
9061784793
9846796050
9947994944
8939923455
NIL
8075905816
8592961201
9446608622
9447455631
9020067688
971506357163
9447356438
9847749058
9495466892
9495205550
9048081954
9645502164
9847029708
9388859654
9446060102
966556057511
9446360143
9847955553
NA
9895135002
9846185738
9446688123
9446454635
9847646597
9061155403
9961345150
9947068314
9446159653
9495472417
8848654454
8113046423
9446481151
971505903285
6282771085
9747412000
9747063679
9567834995
7025669096
9400325955
9446227860
9846586247
9446681969
9497397458
9496444333
9847689628
8606322853
9400837483
9846254019
9847355682
9048263287
9061637330
971506622539
9947770910
9544436666
9946128879
9447915616
971508774350
989562304
8921030683
8376863707
966506876360
9349353541
9447170408
9447305657
9447206475
8547810115
9496212997
9446770277
9633500687
9446605134
9946688863
9961731974
966540540746
9446540076
9847404480
9947440781
8289979010
8606222262
99656388749
9847014243
9349659154
9562990455
9847974486
8943331333
9895256239
7510578290
9497185580
971504381653
9496371923
9847106421
NULL
9446688684
9947920811
9745189575
9048079264
8547169314
9447761260
8301913339
9895805668
9895112234
9745999606
8547461378
9847405429
9447231703
9495956629
9495766158
9947616082
8547466966
9946110867
9037017179
9447604783
8891678374
7034156758
9446537070
7736249255
9496412056
7561034290
9447109148
9446410607
NULL
9846272418
9447436085
9447005650
8078891279
9747127555
8330089474
9645492458
9400180292
9446575828
8848881445
90480014185
9645564478
9048259139
9745756145
9446940133
9048259139
9447818786
9249577601
7736235820
9447143711
7012025389
9447043351
8943759644
9895701785
9947860845
9446472562
8289857603
9946773773
966559592046
9447334657
9388878040
NULL
9446657524
9900410300
9495842725
9895461928
9447509833
9758658600
9446666677
9495269210
9042280200
9895109895
96598857649
8113950487
9400233909
9645528783
9656037484
9495818630
9495668387
966504905941
9447355025
9846966916
9846518354
9846738131
7558098305
9961004884
9447727277
9847195208
9349866620
9847841948
9995876197
8111989966
9946614492
9497800058
9961519865
9745128976
7592019027
9744250373
8714050981
9446837594
9447521873
NULL
7558809330
+971 50 789 0374
9895644565
8129111018
9744504981
7592858657
9495194762
9947896651
9446314908
8281829474
9447318333
9745962405
9744609159
9747006951
9645564344
9895484281
971525636432
9744151203
9048660741
9497118551
919188821889
9961862170
9645635184
9744907191
971544223001
918111860207
9446300081
9048382322
8590021600
9846095767
9995030213
8156950590
9446365272
9074999137
9961654320
9497248645
9745808863
9645749470
9447077394
9645491600
9447162823
9446873607
9061322606
9072088399
9562847811
9562958091
9447260345
9745597377
9847789735
8943093254
7907376076
9447026326
9846599005
7012227171
8547158120
9961107262
9791125540
9074095863
8156877121
9946338982
9446605161
9778261705
90747 87567
9447178597
9446901194
9446697565
9847314949
9447064016
9400396953
9562948703
9048999505
9656666633
9562704189
9846224542
9744470605
9048273457
8547020071
9947099661
9995884761
9744185818
9539753735
971-506598412
9400702008
9745502508
9387107330
9605148096
9744684793
9447087112
+971 559487369
9388385464
9847143383
9495179325
9747554007
9048169600
9846444159
9037840018
9746716334
9745230809
7560962828
9846243502
9544629479
9447939413
9544083015
9846120731
9747563080
9961327343
9447840954
9388987351
8086814372
9446869530
7994537883
7902496591
9447499339
9744841567
9446089449
9495843366
6238489961
9249925646
96566119364
9446532978
9562089120
9497279171
7034322639
9847746983
9946789300
8086277571
9847862214
9656708112
971505820524
9496673090
9961010661
9947552338
974 6650 3500
9847633815
9495430648
9447022642
9847211114
8547179476
9567919798
9526001306
9497169935
9446240479
9497514888
9946510299
9447722907
7736044556
NILL
97333972620
9037678208
9656613710
8157005930
9447148539
9744239826
9567293785
9446719580
9495574154
9447087755
9447952268
9447447174
8593963385
8606665082
7510170395
8590624203
8304028503
8943382256
9605895516
9961803980
9447057736
9947174551
8590236218
9747439075
9747500422
9846598207
9188212776
96550549474
9847521255
9847785555
9446508033
8086660804
9895981460
97455335243
8089239388
9846218191
97339772924
8848428305
8129125042
9947992891
9446627386
9446869023
9497933751
9846046776
9495770288
9947137026
9895960704
9526429281
9946918560
96899612428
9744001705
9495230080
7594830647
8903655729
9447680397
9947370867
9847137024
9744959341
8943382256
8129967967
9995366311
9447878230
9447667695
9961431954
+965 66523989
9400477117
9847411987
9142111693
9447259845
9846606646
9447169507
9961846811
NULL
9446331031
9400777513
9995824334
8089222016
NULL
971504550324
9567080099
7907541002
8075027203
9447831108
9744973954
9961658321
7736775320
8086502819
+974 5057 3675
9447105673
8129888241
9446420446
9446369572
9447423131
9961429810
9895448488
9447419837
8078751757
9446990645
9447230686
9447873801
9447458326
9562740092
9037290718
8301889838
9446946267
9400750037
9447970269
7034477760
8547145714
9495381447
9495072720
9633279703
9567979177
9497854460
9605055415
9744233003
9895611742
9447993114
9847940302
9388608082
8139880585
9995476210
9847013894
9539000657
9747455680
9747007479
9048692007
9249504323
9496340791
9895096991
+971 55 479 3877
96530950364
9495545197
9249292521
9961903368
8113004442
9726651937
6282356167
9895128964
9895442700
9497776860
9895401225
9745959049
9400590551
9495565606
8129057738
9207341890
8589015010
9447079535
9497775323
97431502498
9447392616
9633915775
9497533480
9847707333
9847500978
9645419693
9037726648
9446764471
9037022333
9895552209
7306168027
9995375940
8111878197
9605011824
9746925855
9995346339
9731039643
9446116168
9746534970
9846652498
9847064630
8547734129
9495287660
9846032128
7012161897
9746576251
8921526146
9633825706
9446473583
9048023688
9895174621
9349131884
9037777733
9947151016
8547079354
9605855454
8086881269
7907575463
9349549598
9447532492
7736633219
9895706485
9995584446
9605044827
9656801828
NULL
9846954251
9656060859
.
9495200044
8089343692
9400395003
9446730095
8606111441
9946108390
9447284175
9446938090
9495037430
9539820535
9037716386
9847025102
9995510648
9544744364
971505652891
9961468701
8086881544
96899578192
9895430244
7373767076
9744656661
9961000045
9744655327
9847046313
9605984438
9539346990
9446355025
9400804487
9847063178
9446044431
9497003402
9847873222
NULL
8547838480
9447560659
9400775047
7907568424
9496700409
9447036633
9495528502
9746728970
9847015790
9447876681
9446688450
9745745601
9447473756
8606746782
9742168686
9946840885
9895644662
8891264717
9961785960
9447778670
9961057644
9446882651
7907832419
9645671752
NULL
9447216308
9495472002
9846198955
9447187834
+974 55549206
9895700748
9544118282
7736093979
9446113363
9446595456
9895545930
7736515591
9226143503
7736513457
7902336858
96899758698
9946770101
9061573779
9496649187
7907063769
9605762057
9495157798
9446542511
9847342871
9747070500
971552345535
9605276827
9846727120
8281994799
8714222851
9847344559
7356920660
9447569698
9995472568
528007101
6238151728
9496346932
9633464417
9400642677
0
9847425414
815789440
9961871675
9895784366
9008416268
9847034207
9544887735
9048192211
9496620622
9947425801
9188341348
8547235165
9447627160
9995633863
6282697917
9400301901
9846095393
8301838607
9447055766
9946787718
9447149245
9447829305
9605249394
7034774617
854784231
8301917611
9847849999
9074762199
97339169341
9847751453
9495257277
9747133222
947116477
9446724114
9048140561
9207380602
8606113665
9744259896
8939942006
9946572303
9747063679
9048270787
9656792646
9400676129
9894137531
7907581706
9847127136
9074992873
9446427141
9061791723
9895803535
9947611022
7559933130
8157831461
9447610063
9745132080
9961160309
9495514352
9645134099
9847136477
9567640715
NULL
9526232728
9447465912
9495712912
NULL
9847166165
9745933340
7593920751
9447360401
9847188323
8606682832
904879819
9562858495
9446687558
9744589350
9446026118
8592034440
9744444478
9495420523
9995449000
9447625904
9995776540
9961672133
971505831187
6583488836
96896574241
9846056238
8848993594
9846005267
971504997601
9497039272
8281004467
9048462733
8594054335
+966 54 512 7748
9846591444
9847719184
9447442735
8606517785
8590090575
9496646328
9497189133
9495437615
+91 85473 10674
9895903767
9447617002
9495422187
9847432779
9447100730
9633017202
9446027948
9495504656
9539411264
9447607679
9895476825
9847370130
8281954218
9447829987
9388823209
9947115616
9048262635
P300/BT/239946103120
9847360124
8078958046
9497240838
8590806530
9446716114
9847786061
97335913148
9961475518
-502055472
9605730027
+965 65917446
971509037839
8281491762
919961221225
7736719517
9847254320
9446931133
9446550066
NULL
9447007328
8129843585
8086882393
9847438282
6282755567
9746991477
9447021365
7907826493
7907987204
NULL
+974 74748300
9645328231
9846595615
9846365444
8848898370
9645996437
9947998707
9847540619
9446140414
7559825642
9744031122
9895772654
9400994356
9898982723
8800670290
9447276144
971551152597
9847776619
9746277023
9995899968
9645389837
9846353012
9447271492
966 507261019
9847596642
9495491697
9539007453
+973 33381266
8921608358
8547727988
9446442233
9766951351
9491324251
9567640421
9846643889
96566913744
8589948320
9249736716
8755438802
9633418805
9447465877
9895996518
NA
7356881010
8547094728
9446757702
9744984431
9895110051
7591979327
7012583151
8078162366
9895107487
96561807790
9447478235
9497413823
+971 55 122 8662
+971 557547161
9048613369
9446574337
9400888555
9207968778
9443333732
00973-36572287
9349126627
6238261080
9447397935
8714375417
9946347585
9947164328
9633152010
+971 52 668 9630
9961734470
9995879402
9496478893
9895427987
7025141722
9846177692
9895900933
9746628977
9400225012
9447921306
9567404888
9847544836
+39 375 804 6501
9847370336
9539117762
9846666477
9048860611
9447890131
9562409186
8891657120
8891058507
8848572755
9605390736
9947133544
9567318036
7306898302
8301053850
8590313503
9847283223
9388627940
9746628977
9447348461
9847851409
8606921093
9747927817
9895436573
8089500620
9562255409
9447528416
9048437686
8111933050
9645029187
9567062105
9446714842
8089103414
Nil
8289800860
9947344855
9496944440
9847400350
9037100440
9645824316
9567464598
9495501689
9995162335
8590669968
7994181732
9899092801
9847981662
919037626839
9496088401
9495667887
9847162383
9447097352
9495851084
9961234010
9895273753
9605131527
9446128378
9447646623
9847069013
966507691192
8714579110
9605107173
9387316929
9895951637
9656412978
7306650135
9447015243
9048818933
9605485174
9946295931
966567288493
9562657982
+91 9946413426
9188061036
9995552970
nil
971505197419
7306511992
8547373890
9847127458
9846185943
8893340245
8921952253
9645134099
9605262366
9539065573
9946039380
9567593808
9496265732
8590157619
9446931303
9961742674
9645281320
8281277116
9582999326
7909217378
9249730748
7576812518
9961655420
9820154945
8136868173
971556864500
8547294595
9846763368
97455827840
9447831762
8848373326
6282261570
0
8304073767
9562723365
9895835383
7559093120
9177382740
0
9995297531
9446088211
9446279336
9961202835
7907191406
7356059770
8590129476
9961401123
9846787779
9526472272
8129399132
9496285806
9447945302
9745240479
8111873997
9846545906
6282336463
9562229539
9562197673
NULL
9387330098
97441866607
9446741915
9072884738
9846123738
9947174625
9496783772
9847371180
8281304608
9747445862
7907099618
8281686274
7559952070
9947811058
9995593879
9495715029
9562698014
9048794142
8592812856
9495735571
9388840212
9495231477
9847941050
9947400337
9446094556
9895081971
918089717003
9544563111
9656488471
9995888828
9495263230
9446664638
9961243535
8589983853
9446296421
8129415633
8289935630
9847562665
971523344023
NULL
9846156840
8593020861
9447705911
9847273590
8129415969
9746438196
96599259186
9633202260
9947543243
9446685615
9446205238
8593037075
8129160487
9447913621
9797099523
9847709154
9947795035
8590248334
9539432568
9446742677
7994431608
97333820649
9961965232
7012389500
NULL
9446716418
9447227159
9946251485
9745614990
9495582945
9447616018
9496611847
9605996691
NULL
9946421975
9447302515
9847758475
NULL
9961161191
9744983870
9447992530
9847086022
9447275778
9847748800
9544002479
9656995464
9846271864
9745309399
9947554235
9746520235
9895469503
9446789018
9999972017
9744889680
9496214154
9495551249
NULL
9447353562
9446468003
9846104170
9847691524
9961993322
9447897844
9846005092
9961927286
9447260616
9744185021
9447713249
NULL
9995301271
9387772879
8136906178
9446079769
9847590935
9400939581
9744127353
9645658475
9745106475
9846712899
8301048146
NULL
9847446434
7902765078
9447037106
8921532661
9496211966
9847854118
NULL
NULL
9846901334
9895152830
9495735557
9633839019
9946110399
9947190246
9895238438
9656188503
8547070779
9744577429
9847764192
NULL
9744322782
9656037484
9567475633
9061207788
9895939400
9847529268
9495526640
9446744669
9895152074
9895350862
+968 99358418
9744482500
9846033716
9656807785
9495175232
9497018862
9447840093
9447043937
9562305675
9847646004
9446787802
8891043730
9847118194
9895019932
9846562299
8136969333
9895056823
9995340836
9846141800
9847188103
9400417109
9847398766
9605989610
9946492224
9847257373
9847717474
9605337457
9656002266
9645774754
9744796312
9846233223
9188172522
9745460940
9447291709
9846192749
9605766281
9947350843
9847899930
+966 59 131 0473
9947842255
8075928459
8606417152
9048922801
6282142793
9447329147
8086526638
9745807084
9846581440
9946885045
9846290789
9868904258
NULL
9567034183
9496687122
9567979953
9447811787
8157840471
9567712202
9495736733
9961624695
9447166083
9846124962
9539695274
94478 39756
9447186468
NULL
9745159716
9539743088
8893959004
8281041547
9447801064
9495553114
9446722128
9744433711
9847039020
9400347038
9207029641
nil
9446747144
9446684107
9946491798
9605353113
9847873238
9846563449
9562221445
9744678224
9745641804
nil
9995224477
9847794308
9744452710
9846012007
9747659099
9400397482
9388484693
9447647132
9447576843
8277164771
9037970510
9847227940
9495182654
9847120538
9778575548
9447670014
9207885063
9037599107
9447633025
9605646205
9400666869
9496169098
9946851208
9744273123
9633310253
9496417075
9645503434
9847507012
8943750870
9539547325
9495738270
9447402674
8606896309
7994660879
9447710827
9495217940
9947856877
9447321290
7025739889
9846560144
8606024139
9605230788
9846416684
9744805477
9495447169
9645989261
9847660854
9562559756
nil
9288083824
9562630496
9142211252
7902822095
NULL
9778189469
9388136657
9744610020
9744680740
9495600077
9249787589
9446827160
7025846969
7012270998
9847857973
9947346947
8301056064
9188668888
7902283477
9846055666
9400654096
9961681729
9745077989
8589944855
9947534179
9846953387
8606411210
974266964
7034467008
9495464418
9446985920
7558045844
9744191442
8592955769
9446222098
9961377795
9037777053
9645261070
9745182609
9446688292
9789246109
9847741702
9446641618
9746146705
9745803573
9995047141
9746798132
8138845747
8138993414
6282935341
9947037145
9744671041
9526990019
9447073599
9495502775
9447316536
9747418298
9847392220
9895560369
9961484461
9961162485
9846045280
9447467214
9656819105
6282845857
7025846062
8547019411
+91 98467 26370
9447728801
9446625717
9961537874
9656742165
9946232951
9496335847
9539059328
9387688055
8590648186
8075986784
8281475442
9747443994
9947425915
9744117559
9847133984
9847983077
6235543304
8547459618
9744521744
9447436998
NULL
9496718982
7975962327
9496124863
9847477652
NULL
8547613156
9744555580
9447044276
96597375226
8907817799
8086477584
9544246988
7902566902
9745963715
9446629326
9665699499
7558802509
9744712662
9947910294
9495064873
9946903562
8075681433
9744496612
9947407355
9446374126
6238648697
9633969745
9746401887
9495384570
7012074277
8129628452
9400784174
9995571586
8547093542
9539981900
8075486868
8113938860
9249526110
8089730003
9961613336
9387021875
9495978084
9495999345
9446353088
8547316417
9495552012
7558868228
9495375827
9446207526
9745722787
8589034347
9744972550
9947648937
9847862266
9947058399
NULL
96899658864
NULL
7907710687
9446233079
9846615957
8848573970
9048206811
9846587344
9567231410
9072919203
9645368394
9526751382
96331 70987
9447509950
6282424142
971554027636
9747384844
9544181013
8921226279
9645632335
9846208162
NULL
9747152646
9446576769
9349851441
9947719711 
7902307447
9744902281
9656927157
9847304772
7012814447
9446355847
9995782382
9497318536
9037551502
9497318536
9496835045
7902328530
7559096962
9447367592
9446894041
NULL
9447179324
9746071420
9249275588
9495524238
8848303402
9447631924
8891124380
9847739612
9809847239
8075283303
730635305
8089872384
9744932947
9744948380
9961573184

