9745999206
9745963241
9745869667
9745807829
9745782745
9745486290
9745468540
9745367059
9745333196
9745075697
9744955622
9744909231
9744842147
9744822057
9447784567
9744785038
9744778453
9744653847
9744649975
9744517299
9744424683
9744421779
9744421756
9744403156
9744282300
9744273141
9744151453
9744108404
9744051382
9656935116
9656861945
9656569341
9656436936
9656425005
9656380087
9656251127
9656132313
9656041149
9645988497
9645957021
9645356874
9633351002
9633294992
9605608915
9605597859
9447784567
9605320093
9605217516
9605208851
9605150077
9605082705
9605017392
9605008874
9567759476
9567707908
9567691153
9567387369
9567228773
9562973918
9562848275
9562831304
9562733068
9562678971
9562638309
9562616658
9562569945
9562310641
9562272880
9562161870
9562140038
9562118585
9562068875
9552541816
9544821411
9544811326
9544667923
9447784567
9544633832
9544583017
9544539892
9544524717
9544519278
9544350053
9544329434
9544227044
9544129941
9544071605
9544066669
9539757257
9539747957
9539468827
9539081995
9526978748
9526925302
9526830848
9526512183
9526297550
9526264587
9526200185
9526147820
9526143570
9497962447
9497026165
9496566389
9496564747
9496359845
9496177023
9447784567
9496086674
9495994785
9495879642
9495843289
9495789201
9495632804
9495526818
9495471257
9495025169
9476525487
9447986255
9447964209
9447872362
9447871547
9447834295
9447815390
9447724695
9447666832
9447604570
9447582527
9447579117
9447321931
9447285954
9447220179
9447219494
9447217586
9447213431
9447193983
9447114219
9447078918
9447784567
9447049548
9446819152
9446745715
9446742416
9446740787
9446740630
9446720613
9446719406
9446718919
9446718880
9446713442
9446611080
9446605593
9446593195
9446539437
9446468104
9446217197
9446141436
9446135188
9446079269
9446056610
9400968969
9400946578
9400901999
9400871465
9400794149
9400262700
9400261345
9400190786
9400013133
9447784567
9388818380
9388805377
9388725182
9388631797
9388480205
9387650208
9387475237
9387388092
9387377586
9387317967
9349917113
9349281329
9349265917
9349252091
9198990834
9142842756
9142135062
9072948061
9072020426
9061340648
9061247978
9048488218
9048460999
9048412355
9048191673
9048097515
9048039113
9037897273
9037363170
9037221862
9447784567
9037203991
9037159751
8943778787
8943370218
8943093138
8907531007
8891203563
8891113221
8606668242
8606423790
8606394878
8593088376
8590433279
8547937037
8547906041
8547815955
8547807656
8547483278
8547194995
8547180413
8547056663
8281902031
8281818897
8281489928
8281196336
8157083547
8129739965
8129437283
8129395828
8113034235
9447784567
8089516564
8089225557
8089187443
8086547624
8086308565
8086252764
7558065844
7356859688
7356844706
7293497121
7025587856
