9447728287
9747802447
9446376697
9488596194
9586949690
9961444317
7025849378
9605383557
9846139674
9447244479
9633335074
9645567159
9446621196
8139059031
9847697086
9747231693
9497068380
8891847114
8086824712
7994542898
9495465204
9745642470
9249417289
9446622082
8606809960
8078570986
9947204081
9072538888
9744727723
9539787413
8086342113
9447651729
8129179334
6238267632
9745751314
9037543291
9446853196
9747959699
9605856268
9778175833
8129647422
9656694186
8137803625
8139054515
9846130033
9562828752
9497318564
9544343719
9037461476
8089104263
9562201870
9745357640
9946527374
9746527538