9873751828
971569922901
9847014243
6282279941
9947426868
8075861995
971559942466
8547251714
7907186244
9207381604
0096566933744
00919744514292
9656927612
8281831679
00971507592079
919495559351
8281688736
62357 18771
9544318243
07736374585
9074299639
9188623213
9778495441
7559871580
8075861995
9744932659
9605819172
9040024064
9400173097
6282110891
9895076577
9846095070
9847963399
9846625958
9709352396
9746524060
09074579019
9446501700
8547934436
9159074412
9447701848
9400237015
8089318857
8589068099
8589068099
9447380812
9496356176
09947972940
8078249730
09447891527
966594392550
7012690039
9447960010
8075609830
7012970402
00971529736162
