9446953121
8589902003
9947400027
7025353306
7592079180
9495715150
9552753896
6238501184
9447142273
9947335848
9074455475
6235988730
9747570484
9995077891
974694152
9567653069
7907586144
9497258174
9539163295
9846794733
9562105858
8891256227
7561879934
9947688159
8848024309
6238165377
9744190532
8547606715
8891558972
9037022333
8891568074
8590219486
9656313157
8113038501
7561825021
9447297529
9446606424
7907577597
7356019073
9633093015
6235207348
8590833396
8590068942
9037788130
9037020541
9746202373
7994906829
8891684729
9142111020
7559874365
9495801430
9846487242
9061151190
9562451416
8547951090 
9495035587
9947725142
00918891731768
9746466411
9995674446
8129120959
9746911755
9188825777
7736136246
6238333723
8891413363
9605496450
7736649423
7907959484
8281010581
9400246376
9778541181
918848633423
7076678463
7025124104
8547221742
9544678292
9995215423
9400632215
9778576946
7025123185
9400550035
8289940377
6238131970
9447379483
9746816312
8891826170
9048028956
9747190909
9447104695
8848541751
9447776904
+91 90377 95005
9633123490
9747129012
8078551758
00968 78585938
9544437179
9995479110
7994793667
7306051385
9567065071
6238691341
9656385925
8157878062
9207753335
8086552579
9746339596
9961248906
8137884324
9447463967
9633773663
9895388534
8921556437
7012776129
8848877502
7736352829
8921511829
9061561273
7907555019
7510502297
6238136984
7994239250
9447891014
9633710696
9539497723
9847529517
8590113689
8921020160
7907186244
8129406455
8281539606
9746309819
8848696397
8590773083
946310134
8590435959
7306668586
9061684170
9745915154
9746259125
6235385503
8330046689
8714266991
8590449148
62388 23439 
8310827875
9400157679
9074100803
8078158254
9496114791
8848032626
7994668472
7736272325
9778201971
8848994241
9037061505
8848763476
9495854717
9447070939
8714365835
9496229640
9526319211
9048625029
7306066626
9946712319
9895427114
8848326341
9946846322
7907665957
7907959484
8590661763
9207652320
9947710355
8089996578
8138917919
7736670140
9497695371
9526912256
6282163771
9778356039
7736268562 
7907216144
9048012533
9446686099
9567924550
8078180987
9745143161
7907208317
8891274348
9995599545
9847227758
9074735868
9495722954
9496106351
6282408051
8547140935
8089024943
9496732156
8848897903
9778435417
6282381631
8921879610
9946695319
9747151834
+91 85908 93644
9446871834
9497871829
08111838928
8606260628
8136897737
7356625664
9446608287
9562720397
9037448726
9778559157
8113933153
9947770796
9495286387
7306881537
9447011034
8848078990
8606545193
9447620427
8848286981
8089639678
7907651937
8891331591
9747663376
9744418965
7907319510
8078038117
9497830695
966549082466
7907202235
9947927646
6282565336
9061224260
7736529262
9745200889
6282547722
6235393873
7306913821
9847039189
8891140639
8086531955
8606313914
7012993003
7592966762
8089390952
8138806077
8590651510
7034365951
8075097154
9745203390
9995938664
8590033605
8138889812
8714229278
8590424476
7736566202
9483707761
8075215749
9380811781
9847755787
9072293098
9447941062
9995029636
7736211079
8606933578
8138992450
9526391567
08139091770
9061034413
9605003302
9074829662
707752433
7306881537
8714003776
9207209181
6282944756
7560865076
7907218516
7034820415
9633513320
6282870334
9847664984
9746628740
9947639819
7907561637
9995673036
6238963257
9048328777
7907581446
9037149177
7510538765
8129530946
9594219006
9447475638
8531062749
9947943572
9035502633
9037594268
8606201441
7907061771
9447154846
8137088823
7025173955
9567709373
7356582661
9074572144
6238912503
7736124133
8136965260
7907658022
9072165013
8547747179
8921521373
8129944777
9895294016
917558069312
9447595103
9995136033
7012771701
9633450304
6235622279
9400039186
7012753372
6235782736
07034675647
9895144494
9656691156
7012032121
8281787545
9846007675
9744020198
8089736769
6282989288
9633125184
6282266129
9895560158
6238374486
8129938715
9605416202
7025028669
7306347727
6235759016
6282631327
6235759016
9447190098
9447407771
9778255540
9961204947
9074309509
9778003834
8590597281
7034313002
8547171500
9567097304
7592831791
6238027880
9846554041
9778177256
9037541725
9496356176
9400526712
9895716038
9447477571
7593029853
9495603834
9544732550
9400418531
9446396778
09809020900
7561010039
7561010039
9544993177
9526294529
00966595408677
8078407112
9744556656
8943322048
8891826170
9961066903
7012791663
8547414340
8547723113
9497405351
9400531192
8590041568
7736669394
9633558093
8590843656
7012457468
8590965729
09048168351
9947900249
9496451409
8891377974
9037691325
8075286547
8891027804
         6235307609
9744717200
7907945866
9561201269
8848207806
9349896979
8075158413
00971506715537
9928855332
7994484883
9447246093
9744998013
9605578992
9496808965
7306715634
8590892260
8137949864
9037585890
9072201717
9188621244
8590360710
9747663005
8075906766
8606610599
9846468195
8848881886
6282181885
8590871064
7356519227
9890408608
9447269141
8848211169
9544082940
9037733890
9544467977
8921934156
8943027105
7736244013
8590505609
7594018879
9778140630
9188229525
9037594664
79076 22687 
8590233394
9946126920
8129360235
8129916291
7488008513
9380811781
9846169371
6282695921
9037841545
8590449296
8301916510
9400452809
9645028450
9048460924
8590511524
7591920392
9747718390
9946770888
9447143536
7994520134
8943263742
9400856482
7012706632
7356206277
7012148053
8547493367
8921742816
8156957681
9633629737
9847547697
9947061540
9446269836
6282520803
9961165517
918078335616
9446780534
7012338412
8590501050
9820566259
9995302254
8848879646
9544233455
6238667339
8075750634
9895864913
9496025869
8848359869
9995311083
7012586355
9074735740
9946414132
9847124384
7558894945
9895956435
9400166886
8138095354
7902438986
7902438986
6238288641
9778594278
7907844654
9496770504
7592890122
9304730167
9349256474
9048930750
8156990964
8943984651
9400299568
9207480160
9747842152
7356666430
8075854423
8590674377
8157905368
8129123535
8921262971
7558060625
8590123568
9037072858
7510703288
9074220618
8304975074
8281011051
971507202990
9446879009
8921462329
8589814011
9526559449
7012088519
00971547708409
9496929680
7306101357
8714277009
9633623367
7902850854
9562260133
9447333542
7907325569
6282489310
9746497003
9207562711
9947440781
8848039006
9400016260
9400147732
9847960377
8590205618
8078433400
7907160086
6238339301
7306063001
7306986790
75948 67410
7994685683
9656913843
8848721724
8078251423
9446714842
9656586301
8281499788
8838502716
9746765467
7902441746
8078240171
7736270075
8289903417
7012062621
7306960200
7025076583
7356612797
7736531656
9048320040
9747066040
7736723926
9747754724
6235457803
9048986699
8330822465
7994504485
9074340875
9562555339
7736676071
9747290134
7907103975
9995170922
7736909575
9061944599
7510176203
+91 80789 63080
9946054154
09747031385
9061381867
9946252118
9496349781
8075638352
8590327904
7356415224
8075848681
9496449342
9747408321
8281548112
6238886210
9446553109
9497065579
7907657021
8921160725
8086426340
8714884292
8590343947
6238785036
8590780978
6238101121
9445186343
7012921323
6282269687
9847646597
9539937227
9496217050
8592915008
8848734081
8590864834
8075462066
8304835479
6235759016
9495720064
09424523229
9778289487
8078503373
7736835737
7902542252
8075234427
9895996622
9746818484
9447215010
8078093110
9446811481
9037420026
8301812844
9074806224
9447800223
7902270302
9074916212
9037618199
9645230222
8590622607
9645151111
8589024812
7012004911
8921928177
9526494785
9446297862
9495874057
9778003834
8594076850
7736055668
7356131066
7012866646
75104 57646
9526859238
8547672127
9747085389
7994687722
8089581794
8714883738
7510287479
94473 34552 
8921352904
9446353728
9946982154
8590736298
9495158984
8848793339
8590503417
8281268764
7594083430
7907101453
9284698772
7994060784
8921482300
7034270421
8139099948
7907335212
7510162401
9074419108
9656217841
8129194259
9544551847
7907867399
7907818238
9567175753
8086634130
7736831768
08590116310
9778149610
8593803714
9633412559
9207309588
9443316857
7736013305
9809700466
9447269880
9567443117
9605601242
7994098113
9847874785
8891238822
9895941905
7736653766
8891418754
9746596151
9061545805
7907102995
6235218601
09744168051
8075792450
8547702383
9037616694
6238504001
9447517280
9447620254
8590389099
9778343778
8178599568
9037733903
9778190670
8895651781
8590205130
7012063550
7736784867
9847725904
6282833759
6282820647
6235456357
8301905339
9074606540
7907142839
8848905647
8281476484
9645033400
9961060106
9072067344
6238678088
9539293689
9072757077
8943154996
8848966482
7034249234
8848689677
9188426495
8547209625
9995105998
884860676h
09074082867
8086706303
8156832301
9207379262
9539151667
9605391305
9746820607
8590464214
8304803746
9747085389
9567327524
9656773855
9895604090
94004 50323 
7736600761
9567533433
6282359225
9495990887
9895910548
7907773606
7736194351
9497206336
8594076850
9562479615
8281585120
8086906254
8848137141
9656714808
919497776776
8921945798
8129420105
7902414206
8075262771
9745093135
9567459988
9400137934
9895377046
9605898269
9895092623
9383499018
7012548225
8078104599
9847058900
7034360514
9446372165
9446576697
9961950377
7907476796
9446555511
8547255927
9745272580
 92071 03313
9744265727
7510230801
9048221337
9037289989
09895075275
7736960906
9188339480
971 568669686
9496542630
9995684886
8593049175
9567100901
8547169314
9447940740
9188020194
9539488426
8921551441
8921994105
9526598580
7306511992
7306056764
9645607523
9995905493
9562517012
7034846522
8590285272
06282285049
09544059662
8848419955
8547756533
8590988941
8075798374
9567698033
9567698033
7012426423
7012649569
9526627792
7736184688
7907244943
7736884310
9496883005
8590441758
9446870017
7907629368
9605544527
9496407730
9747376622
7736442865
9495600391
8921286243
7306608475
9895814825
9846556932
6238584449
8590106057
9446536701
9747532475
7012032379
9744148006
9787291019
7561867740
9778124565
919995897861
9495662074
8848514434
8848446912
9136213762
6238789357
9037059583
8129981144
9496732160
9746849379
7907899712
07558894914
9496229380
9567360439/9995141985
7025203633
8590640711
7560985805
9446392155
9846933833
7012078338
9633450304
7907537068
6238375717
7025653782
8075284316
9496091978
9495305217
7034147924
9496448167
8075833869
8075479119
9072101271
8590750043
6238522701
9496753918
8848515397
9946112943
9995975267
8714405708
8921004833
9447718177
8075442721
9207231554
9037434960
9074885560
8714117791
7306059689
7012677090
8136937114
+91 8089372664
8281970196
7559008684
7012467791
9446632025
8921688911
9072048905
9188107037
6282734614
9645787000
9778370647
9847235478
6282184846
8301954937
9778228530
8714407628
7025597928
8089031927
9495678251
9061294615
09847619769
9995455066
9656232490
7012124852
7561008313
8714036852
9496265977
9567951830
9562019172
9496448167
9895056611
8547975816
8281006513
8075069455
8086601862
9995415063
9176432161
9778515199
8089204768
9656854148
7593919473
8943843940
9847704902
9037222746
7907716230
9895201629
8304987156
9895360357
6238974900
8714835473
8714835473
7559085100
7012498609
8891729941
6238553689
9800895763
8848609431
8590575288
9539101754
8714792006
9562426616
00918848473585
9746164662
6282765559
9846431884
8606207894
9745324448
9400638509
7306456103
8590695198
7306612788
7902311820
6238471742
7594085637
9946131470
9946453876
7510953804
9207264211
8848762554
8590897273
9747823917
9496592603
9947268677
9947777281
9447134176
6282548655
8301975044
9447379109
8590752479
7907273919
9778522955
9400918588
9004665872
9447428756
8078129978
8606074191
8111855172
7593042465
9037594664
6282709698
6282428907
8157088077
7306928378
9400712168
9048202933
8590537818
9846606051
8129197139
9446179393
9526600547
9895467802
8593866063
9747284811
9946719500
9847793919
8547408505
7902245325
9020406910
9747394949
9048185473
9188713895
9847498478
9645900095
7025189231
00966565257335
8547344286
8301968055
9995394419
9495463548
8075267603
7306803644
9544459133
9061172507
9497531010
9562228529
8447475868
9544754930
9847903791
7994888341
9746818484
6282472909
7306811247
9072071922
08606001444
7034276753
7025594914
9633043970
8301841007
9495551672
7012399197
8281625029
9400766292
9037024944
8078588674
8590637438
6235178996
8469860874
8848532039
9745690514
9947583365
8921247971
9061008518
7012740167
8921266938
8547523986
9037624665
9443679530
9567475697
8111937066
8089119277
920714993
907281130
6238223543
8075780652
9744036184
9495915166
9446747821
7012405948
8714399845
8129689422
8089134723
7736727245
9447036375
9037448118
9633713103
9778759580
7909140142
9495986819
9061679297
09446217780
9895430404
9526255804
8848902142
9746953972
9048745474
7025896791
7356689767
9074624392
7356163759
9447969068
9495397541
8330879854
8848501622
8281301681
9446710320
9746440221
8848476812
9745336001
7736474471
77363 00937 
9446106026
9188100706
8891759714
9468182230
9995772549
9656420993
9037065461
9645868974
7025792956
9497650136
8921789046
8590087294
7356186692
6282725589
9605481085
8590453077
9961637162
9074970641
8281874154
9947296488
8606593461
6238207014
7510772273
9495390429
9995158090
9544403177
8590411272
8075055628
6238445045
9176854472
9645595335
7907086547
9946222841
7356985503
7034411593
9447116588
7907601987
9544511261
9995574777
9846894254
94477088427
9072643165
9746393730
7356087962
9496159890
8547745681
9544709900
8891224039
9072230656
9446202803
8891066572
8891051646
7558859587
8891226643
9074121510
8604459068
9961146562
8139808218
9656527177
7034740782
7907159707
9496148102
8075497586
8891285714
9895650821
7034605800
9446938105
9074112414
9526015236
8590789409
8921189131
9778303184
9847136570
8289853031
9400949223
9895869977
8547270847
8891568562
8891344692
6282868756
9810893538
9048063270
9947608314
0503593955
9037374098
9048830894
9895636359
8089390950
8891575176
7012370970
9744291989
9496438256
8590991421
9496438256
8943587142
7559072832
9656482723
9400330269
8848101196
9846231974
9446037760
09633472959
8078726350
9745495684
9446908707
8589878940
8138979851
8590519052
9747217815
90377288515
8075031201
9895773268
8891352846
8078322403
6238185052
9400534962
7907401895
9846252317
9037632688
9061158100
9074811129
9446073722
9778179452
9895940654
9497135246
8590283505
09995883233
8921532808
9745757940
9645248699
7510296580
9946822230
7510662989
8139065748
8590806859
8281399158
8714887975
9074085707
7025224704
6238310766
7902833815
7025298712
94460 71295
9539416254
9961924509
+965 60015911
9061960688
7034256359
8547810115
8848257681
8848693649
9400127398
8075896830
9446182364
7025924890
6235950164
9746432921
9037721240
8078082061
8078082061
8089886341
8078314068
9946200970
8075855899
9074490518
9447341393
966506660826
7907869787
9496848497
9744495212
8547431917
9539008894
7306357467
7012194095
9539567379
9539007907
9747229792
8281884520
9446604617
7306364958
7994893539
7558033492
8281679414
9747585862
8210502245
9048088458
7012056335
9400852814
9099033115
9400658545
9447215385
9645291463
8156975587
+91 73069 65980
8086849552
9400881514
8590742286
9846365631
8089970312
9567522037
9387330298
9645967692
9446290580
8089889162
9074551437
9387040241
8921633202
8089344205
971505176316
9526500841
9946252526
8848366407
8589978028
9539298143
8547572270
9847849222
8289971049
6282315662
9846772252
9496762350
8590572533
7034069785
9037912889
8330098049
6238188657
6235325988
9995858996
8075858058
9447892469
8714587582
9961166400
7558860354
8606374976
9072852974
7306779410
9895807295
7907775844
9745669096
9188165830
7025641587
7736702071
08075462066
7902791434
7012825215
9074128230
9207168558
9847362680
9495916431
8547290799
7994535095
9745995792
7012783733
6235491774
6282995013
7034782909
7907658297
7012672563
9446580660
9387330298
6238177713
8547559917
8590940675
9526984552
9946801353
7356254158
9895742342
6238112533
8089602280
8281515149
8547976186
9061482332
9656771153
8590456720
6282743372
9847711663
9061496998
8590310903
7994293583
8921523517
8848941139
00919037558160
8248501345
7012826376
7012214642
8304032885
9447114269
7736127932
6235597738
9778731938
9400829674
9539223807
9544335749
7306411280
6238596673
9400022442
9961747554
6238852023
8086159912
8547364344
8921027179
8594076101
9495566310
9846730723
9446202576
9544183760
9072280661
8075422451
9383449538
9544932475
9946458064
9495797151
8848630993
8281417431
7306375183
09847861947
8593811853
8606927885
9946376300
8547268421
8547268421
7736413750
8289948254
6282294025
9496131221
9400428059
08714474461
9746079266
9567828001
8129317768
9495351753
7306670898
9496103570
8590123568
8590310035
9447468475
9207441714
917907385791
7012390881
7902252514
8025997205
9778045080
9400567434
8281283618
9946475027
9562621296
9446290580
9870097976
9884481062
9961690184
9446580951
9562292575
9778509990
8891152046
9446024448
9447636142
9072393777
7907130926
6238581463
7012451162
7510772273
08078160498
7306410547
9072424701
9496470283
9745654005
8073618765
7902985655
9745792180
9539215252
8075750991
7034779436
8921336423
8148145051
8281648055
9074755453
9744209795
8138051373
7558819589
9496276191
9447631987
9207134811
9037100107
7357756778
6238071150
8138828252
8714479473
8590540204
6238030492
9447401402
9037591037
9061819327
8547732822
8075277118
8139851700
9656619272
7012061102
6238547292
9847415603
7994844435
9544019799
09656619272
9567643292
08606486197
00966508210718
9074324076
9446935748
6235019318
9778200669
9847732830
9400602790
8590455818
9746939854
7356856655
9495242234
8281652753
9605406787
8921690673
7907380989
7909231272
8075344129
9605932962
8590236376
9778177265
8593082160
9496904246
917012037414
9447346928
9995231928
7306415792
8590854160
9061591610
9497473777
9495287035
9633807177
8113801086
7034461443
8547201069
9895732196
9072216703
9746029857
9746036682
6235504845
9188357228
8606721450
9447174722
8138033448
9539255445
6282946966
6238643289
9539036349
8606052770
9747004606
6235632996
8590795702
8281443431
8791009926
9895737128
7736869312
09656349660
9074227384
7736167399
7012965698
9995770018
9995770018
9947538501
8078725921 
9846491219
8086217449
7025845395
9048830363
7012603431
9656010114
9995207064
00966506660826
8921592775
9288853092
9744513632
9778163123
8075859340
9847106165
9562994523
9400080458
9745487971
7356513922
6282300962
9895090498
9447604066
9961181853
8921374743
9497787530
8075781547
8075761493
9897650034
9745565469
9446553536
9074896056
9037041593
9845290809
8606655943
8075487529
8921409524
9061645950
7558917723
9037120011
8848987296
9074469568
7511148488
8590700440
9846330979
9061005753
7736529186
9207252934
9037979102
7736976580
7306458783
9037112108
9745731385
9074507749
9745780980
8075839878
07994263268
07907042190
6282543569
8590955033
9447138022
7558881108
9447284698
9995719242
8089871649
9447721560
7025812997
6282423361
8086857252
9645447559
8156908125
9207207870
7559007611
8304848286
9656544684
9446493550
9656171744
9847169158
9961348850
9656756033
918891631349
8157981120
8593957196
9446713487
9995633953
6238014968
9562108090
9400082313
8089385063
8075929967
8089011664
9870097978
9446052590
9562079789
9778355972
8547850663
9048376303
7306279294
9446004627
8921392828
9526068700
9946111607
9656885631
8891479694
9747433129
9544654838
7005461030
6235491774
9645540005
9645540005
9778487011
7025869371
9447070992
8138016681
6238346216
08547653806
9446961232
8714135175
8592098143
9188381914
8309052190
9400195725
9400132577
7356348291
7306845115
9995907487
9447194004
7736441688
8848198544
8086514696
9447874599
8089002255
7592047825
8281303810
8848512523
9747972654
8304095484
9946165329
9605542210
9995012110
9778225100
9778225656
6282662451
9497086328
7012997655
9846025190
9778212823
7736034250
8590454536
9061348133
8891207075
9074393768
9074688827
8281029542
08075568004
9188449830
8111817050
8590421283
8590360265
9846870225
9633555338
9495393202
9778390421
9961189008
6282120852
949553934
9487300745
9945481192
9995264998
7907984616
00971521794925
8078502039
9447542654
9447542654
8139818654
7907720167
8590123862
7994619180
09995692424
9497487626
9745689708
8590450742
9778049636
7736364080
9447413698
9447369680
8281549392
919947854592
8078011317
9447812118
9496660293
7306731455
97336999170
7907999505
918129401094
9567746299
9188531670
7025304561
9847999080
8089858509
9497876794
8129579187
8921642272
9778330255
9745503753
9249350307
9745366889
9447973121
9497027024
9497027024
9947268677
9037523371
9074403360
8848949622
9400968816
9037059713
8590294590
90746 06540
9947957271
9526818608
8590017311
9447762529
9446643498
8086959074
6282144892
09496178599
9497412719
08606271000
7902424588
8281868658
8547604086
9539001260
9447739474
7902794644
9605115274
8281974442
6282184846
0000000000
0000000000
9778523005
8138034153
8920962790
9074210335
09400973113
9496795364
9447108141
6238185052
9447510144
9061489062
8590493506
9745689708
9495366734
8848784049
8075667838
0096566356149
9605680007
9447292281
7736834121
9846253168
9539755703
8590695167
6282848296
9633190806
9744021175
9400104946
9188605194
9074581751
9074581751
09846387448
8590643349
7012927202
8590971225
9544643954
0097337757526
0096899058076
8928962583
9447414282
9072145403
9447109210
7012543632
9447475150
7511139770
9995772549
7012508086
9847725142
918138021176
917902765563
9947954688
8078472541
8547390863
9633446891
9061670397
9400050857
9074674374
+965 65149987
09188498507
9633083873
8113984840
8714237613
9446991396
7356166598
09901633256
8921522905
8590666398
9633768464
9496247464
9946930099
+65 96250065
8921689594
9605121052
9744088682
9567284914
9747405979
6382545616
8129778963
97477 50063 
9567978557
8078543292
09445480979
9447159979
9495641539
7561893556
82485501345
8078015462
9745472637
9846937876
8129377247
7012788360
6282610347
8921051213
9946222841
9037208317
9496879301
9946923741
09447894710
8129107661
9895175598
6282753743
7736687371
7510273152
8086969040
9037123688
8304809290
7034740782
9446212060
9633149274
9400055836
8921918734
8714773620
9744711071
7736452734
96892820255
94473605657
09188253249
9633493039
9496462914
9961362101
8138955800
8157030763
7982082204
9645968275
7012804481
8547906971
8089912166
8891478596
9489650080
9947413688
7411833705 
9400667010
7594837318
0091  9072157779
9747667424
9400785353
8078988171
8075599489
8078322403
9778332430
9495991439
9947679397
9496841241
09778418767
9061782398
9947836015
7558999421
9846336859
9446687938
9847728064
9037434169
9846877477
8075877400
8606339492
9946921348
9947912824
9037877075
9846136817
9400642226
8606131221
7893892687
8157857688
7025825819
7025825819
6282099838
9633784894
8714433450
918113063316
97470200590
8547880226
9747473842
8304850804
9846422286
9446842997
8281565077
7994450802
7560889777
8848452381
8921477325
8891616424
9495956797
9785609767
00919446116241
00919446116241
7558859587
97455290658
8714888285
7907532800
0508983254
9747735168
8590633890
8590633890
9447813367
9495991439
9605896876
9895928396
8592881949
9497688127
7356355995
9744546147
9895479206
8547029118
8943321820
8921369684
9446811481
96599703497
7736191480
7012995565
8943428936
7306595363
6282374122
9446255982
9188171481
7907850891
96555922361
9567979882
8848353953
8281286780
9920672022
8590339496
8714054792
8939923455
9961513803
9495570810
9495400752
8943448945
7034115057
7306675400
8921644017
8086124461
9847305561
7558860412
9778728655
9745503205
6381949553
8075530725
9901633256
9946633599
8547263046
7902765563
9847611417
9188591129
8547147814
8891568562
9048830894
7736200837
6282376370
8848410043
9495467637
9446811481
94997060020
9544344848
6282753285
8078944764
9447208565
9495150095
8547134649
9188837638
7994160289
8129088991
8111983311
8606132904
7293361122
8089458962
9048812657
8086754109
96899659946
9207004788
9447342873
9496180293
6238473945
9495157834
9745965993
9387557775
9207033010
9400137984
9633472572
9633227619
9447608572
9645532710
97475 77374 
9778593270
9037590223
0999 560 8731
6238576977
9400577857
8113027853
9995709955
9497043125
8086385486
7736989129
8281991206
9946423573
9611237512
96895685354
9495960078
7559035310
9582827767
8943431999
973 39292177
8330821044
8921042077
8848654450
7012058169
9562291975
9633491333
8075859340
00971569122209
9961724369
9847773337
8891257097
8157898733
9952121202
9562757383
9744556656
9961724369
9207413009
9745641710
0096871177482
9496586554
00919746126654
8129430045
7907173096
9947657130
9495554628
9778191375
7034090168
9995577208
9961724369
9747155995
7994421647
9349896979
7736800350
7736800350
9400238745
9447349529
9388880028
9495812223
9567558394
9048184064
7306211214
7561063787
9061329074
7025027987
9074022798
7510513605
9496236307
8848250341
7012524060
8590275618
9544087355
8590635125
09447247510
09447247510
8590123862
7907886387
9447391742
9447159979
9847085545
8848275679
8891377890
9072938333
7306150072
0096895245472
9745854134
9446618480
9847183452
9188409230
6235225166
9947732197
9744729056
9048676083
8547619692
9746447514
9207806351
965 65519210
7907279555
8590173610
9496228911
8590303225
9745451543
9526914220
9447293042
7902203585
08606774852
9447131949
8593932322
6238709198
9072046585
9746850677
9947701159
09447859734
971504213449
9447602874
9847192434
8590578895
8281540120
9074734244
9544667923
9961125435
7736562307
9495157834
9946639802
9495667456
9946548175
9037081160
9946673854
9447629388
9567875946
09544184236
09591670779
9495852427
8075295471
8129495863
9495637752
9567447163
9709352396
8086762243
6282314221
7909159803
8078995323
8547054383
9048956354
9961537715
0097430546076
7012683533
9846022472
7012708679
8921323033
9947657764
85478 66009 
9847569890
9961700657
9645585757
9188566728
9526557422
6282741435
9946832937
9061855850
8590656308
9946361581
8547072094
9605710801
9778756353
7994131558
8590242757 
9895514978
9562751749 
7736123688
971507539313
9400337369
9495995072
6238188265
9446427929
9048956354
8330068600
8590739218
9745910106
6282081322
9895068231
7561060265
9995538510
80789 86751
9497631878
9539491360
9349921747
8156963739
9847853769
9074586054
9446781962
9946644479
8848755890
9566280833
966504483284
9447811575
9048756765
9895159758
7306474293
8590578895
9074646886
8089287533 
7306735903
9778736517
9188414616
9745555017
9061715103
971528630513
6238820238
8606001347
9447716309
9496871900
9567408435
7559937817
9656250620
9449730003
8086884390
8075792430
6235820589
8547070269
9632174510
7972385706
9958735408
9778236832
9447803488
7909155873
9495066346
9037343279
8089630436
8138818110
9946071305
8281450604
9778236832
9447674659
9497787433
7902237250
8075957017
00971552001099
7561017873
8848786407
8547728695
7012004613
919447891527
9846504152
7907571833
919447891527
8921023261
9895119992
9446600936
9995193089
7306722367
9544458672
7978803120
9048654131
9072159187
8848896152
9446231167
00971505880562
00971505880562
7907866793
9633211692
9567534497
9895221212
9495468670
8606365129
96895478012
8547294920
0096567050252
9447990839
+91 6282700430
8281382270
8281382270
971589212005
9947039142
9995750126
8301906746
6235789063
8157062407
7012148073
7025541041
7306779702
9074767569
7736637593
6282957435
8547029118
9446897674
8590305617
8113932202
944689868
96895851920
994600785
773622135
8086966647
8848616029
9526364267
9746488370
9846344309
919847010144
9995599528
8075546670
8075455963
7907340750
9497891426
9447608237
9048121365
8111897128
918891051646
7736277029
7561839070
8547852557
7902791553
9207524855
9946898035
8943428936
9895771101
96892572680
6282202700
8138818110
6282725589
6282922971
9946954989
9961472869
9895046312
8075943671
7306275861
7560995172
8921870116
8590538083
7204347729
7736597340
8592052005
9446341235
971582292599
9496862873
7012151864
9846070636
9947364580
9207009044
8078823617
00971564152467
8078726350
9656977073
9446177324
9562202004
73052 35401 
9620902248
9495285002
9847727616
919746139792
9037418994
7034962164
7306595363
9633911656
9020994455
9818441302
7975273285
7736379349
9746717626
9447134176
8089433165
8754218735
9497873650
9037955468
9060857591
9447352943
8301913339 
8921331311
9605014310
9446868440
9446868440
8590581792
6282263762
8547693284
9544566633
8139857316
7510855194
9526191461
7012050186
7012114661
7736154343
7592054575
8921952800
8078340847
9048369667
9447035998
9497167692
8848416496
9539220177
9895993856
8921988735
9539333388
9544152299
9447291449
8943938808
8589862838
9446605625
7306253847
7356996063
9496032762
9645691312
7994572151
8590978742
6282532203
8921952271
9567644111
9645015097
9400078304
9995611168
9730757629
9605987101
9446531742
8089326399
09447329765
9188451720
8078353119
8157965615
9745197829
9964753816
8078079684
8075934204
9846738131
9497685140
8590993574
9615222333
9496824282
9747711349
8129083199 
7560883587
8301917349
96560477060
7561032005
9539494769
9745608438
8547000351
9188762290
9746198550
9188762290
9400655014
9526849013
96569306610
9516232180
8089654183
8089737196
9074703413
9495501315
9495205550
9744403406
09995149065
9846855355
9895078649
9496118686
7561017873
8714740689
6235463029
9539007475
0543288202
8848694882
9961231198
9446552705
9544447981
8590873762
7012690039
7994304344
9496702508
8590511453
8281854134
9562732788
9447133127
9605488113
9947580201
9656614940
9747291655
8921639017
918129474212
8921639017
919061570573
8156945189
8590346993
6238049083
8606816427
9846306661
9074457949
8113831412
8281575277
8301975044
8547063133
9995540549
+91 90615 42159
9447646449
7012124852
9744497361
9496148102
80787606
9778335793
9495276784
7306414569
7306947722
9446873437
9048623161
9995940816
00971527557550
8075379545
9846358988
8129745254
6282606092
9656828835
9895144498
9497688175
8590346993
9495851084
0097336699165
 85907 50043
7902687402
00971552001099
9495677670
09995419343
9946123772
8547353265
8590991197
7012958200
8281108350
9446555865
9947604688
8848532039
00971505461734
+91 9446477103
9037600627
8590968115
8138082695
8589852233
9448817930
7736637593
6282129733
9447528212
9310024624
971589212005
09495882949
9447575152
-
966509907650
918075903392
919946894206
9544810691
9496451115
7907135526
7012592504
9446800913
8848679075
8848650158
00971505453188
8943916594
9946524164
8589092682
9605351525
8891178741
9037996372
8589852233
9895178418
8943692818
8943692818
9747497940
7012476346
09446179393
+91 9562827263
9048333196
00918129677184
9946065500
8921467076
966533637374
9037900586
8547867912
09497688127
8129692179
9497362790
9539651901
97466868156
9446235283
9061954173
8129118777
8714250967
7025087639
6235935115
9847110815
8606825667
8086066481
7034136065
7736877205
8089966224
9562668979 Brother (Rusafid)
0096899270817
9447603547
6238110704
9605601434
8714101348
+973 38861678
6282506566
07356325197
9342649580
9947609043
00971557207436
9656947498
9391679940
9391679940
7994666092
9447884843
09744749676
7994958329
9846169139
6282831879
9847422939
6238438662
9947662708
9656104224
7356519227
9995021636
9037125347
8714157359
09495576025
9496226439
918593811853
9446589269
8086782650
8547012612
09895998870
8590787733
9567620632
00965-97630205
9048782301
9739829720
9388085100
9037579420
9496587770
8593090306
7025656202
7561848936
971505680638
09846407720
9037197977
9037469626
9496790430
966566525501
8590212547
9400656110
7559871580
00971529736162
7012970402
8075609830
9447960010
966594392550
09447891527
8078249730
09947972940
9496356176
9447380812
8589068099
8589068099
8089318857
9400237015
9447701848
9159074412
8547934436
9446501700
09074579019
9746524060
9709352396
9846625958
9847963399
9846095070
9895076577
6282110891
9400173097
9040024064
9605819172
9744932659
8075861995
7559871580
9778495441
9188623213
9074299639
07736374585
9544318243
62357 18771
8281688736
919495559351
00971507592079
8281831679
9656927612
00919744514292
0096566933744
9207381604
7907186244
8547251714
971559942466
8075861995
9947426868
6282279941
9847014243
9873751828

