9656232490
7561041239
9526287787
9947995120
8156941615
9400537633
9526559449
9605436045
8086799088
9496106096
9037587837
8281156113
7902831705
9947450283
9961036538
8590451103
8078413011
8714088465
9495667728
9961598967
7558881868
9188098430
8590197644
7561026181
9061496146
9846304780
8848580790
8590385140
9037831187
9567885563
7510976779
7306961139
8086034557
8157016898
72728282910101001
7902931637
6238159183
9744903742
9495045536
9495018438
9400617440
9778436327
8606712127
7012458194
9947011148
9745263512
9188564532
9074772849
9747200947
9744401123
7736540910
8129793972
9961043709
8714968919
7902662401
9846851464
9048075679
984788905
9744372710
8590379496
8075424542
9074361373
8301040543
9495429093
9946192316
8281614278
9961911241
8281315515
8281661288
9497598232
6282030800
9048359190
9846439093
9446419558
9744954642
9745222723
+919745015670
8078352944
9061248609
9447749605
9847200224
7591976121
7356703400
9539422526
7561099955
7510144460
8281417123
+917025087639
9558118482
8589836302
9946242621
8921559869
7736221979
8590197723
9495404263
9847724106
9777290307
9400593254
7025148573
8590318349
9048312474
8590559759
7736255276
9895323458
6238141369
8943696478
9633697992
9446009075
7736769353
9074484007
8590622242
9447595546
9810369614
9400827321
9633156955
8075943757
9645399547
8089366812

