916235924216
916238201430
916238576197
916238775151
916238897534
916265065437
916282055525
916282309327
6292207506
97430191818
919656111115
919846026206
919846462336
919846717778
919846735864
919846737527
919846922020
919961870279
919961875928
919349195771
919400886881
919447574307
919447722740
919495216568
919496826218
919497770498
919632821636
919656111115
919846026206
917012152238
919846278007
919447133588
919605819172
916235434120
919526501981
918129644727
918330866165
918547544105
918648887888
9493400709
919072410967
918590469405
919072002320
919446741884
918589970285
919947252292
919497443128
919947155341
919048101553
917012152238
919207140898
91984688011
919744175909
919835749371
919495466709
919072410967
918590469405
919207140898
919539518357
917034559434
919446550012
919846880711
919744175909
919835749371
919495466709
919072410967
918590469405
966506425597
918089393139
971507783886
971509554796
971528320636
97433094299
97433268110
97433438952
97450161807
97455370611
97466474347
919995809306
919995932184
96566583570
966500969579
966562003667
966569662062
96896447006
971501843914
971505092125
971507783886
971509554796
919847233729
919847546370
919847780371
919886243014
919895703367
919946953513
919946982856
919947030490
919995313465
919995652528
919400418864
919400462339
919446190833
919446582343
919446705436
919446846095
919447115488
919447181124
919447522273
919447522695
919447666183
919447723718
919489946124
919495085314
919495332119
919495513320
919495562953
919495563536
919495600771
919495635126
919495915488
919496171980
919496293588
919497325795
919497458580
919497623493
919497656191
919497816048
919539077093
919544054871
919544654838
919562237156
919562376334
919562428677
919567326628
919602399447
919645015097
919744088114
919745506918
919745888937
919846066937
918848353953
918848876717
918921543338
918939087409
918943689865
919037079563
919188753808
919207104732
919387271851
919400320487
918089916130
918113842343
918129299700
918129530388
918129887185
918138804230
918289861124
918304028608
918304942464
918547551013
918848334718
917736548966
917902554616
917907263890
917907742130
917907885485
917907999174
917975489806
918086121237
918086947364
918089147761
918089916130
916282397586
917012097576
917025111092
917034934999
917356141683
917510154808
917510665211
917568787558
917594018569
917598945396
919946470370
917510933028
919496751950
919400550977
918921398733
97470215754
919003244909
918848182948
919497444979
919447058706
918111817050
919567140737
918281775692
918547833020
919495223951
918137956884
919249747009
918943042551
917736758859
919847428130
917593925925
918590663325
919539416978
918891656884
919995382138
919995551577
918921994812
919072213959
917593042465
917306866030
919048472284
919920170022
919349155001
917306154711
919048509015
918921266911
917306906770
919846568062
918137941266
917736868682
918714555805
917736464655
919847899175
919562210225
918137970975
919037443447
916282947836
919846584961
917561021050
919961987231
919605351525
919207413009
919745073848
97338974885
918089148674
919446567652
919946977854
918086201350
919447889757
918590457692
919744629220
919847381401
919072411935
919744812395
918547317323
917306375183
916238264224
919562424240
919744523940
918075446746
919072210068
919947648674
918129172864
917907555019
919544197277
919744051330
919526797312
919605495620
919633928846
919846315836
919497157158
919605830155
917306861170
918547814957
918943844459
919946409563
919744854136
919497283069
919846121015
919745326827
916235861371
919645028222
919495505210
919567692821
918592929584
919605139668
918547855070
917736825406
918157939839
919846595744
918590823837
917306491338
918078936004
916235281906
918943843479
918330042808
919847198571
919497320258
918891475732
919847691868
919995865590
919645790767
916238941975
917025959325
917356041756
918075391268
918089000325
919388939993
919446529488
919847047476
919946855120
919995799988
9400882208
8848537682
9061350864
7902374731
7907262003
8089155120
7558009970
9037100440
7994135352
9745402700
