9495669595
9447784567
9605954694
9495669595
9447784567
9605954694
9495669595
9447784567
9605954694
9495669595
9447784567
9605954694
9495669595
9447784567
9605954694
9495669595
9447784567
9605954694
9495669595
9447784567
9605954694
9495669595
9447784567
9605954694
9495669595
9447784567
9605954694
9495669595
9447784567
9605954694
9495669595
9447784567
9605954694
9495669595
9447784567
9605954694
9495669595
9447784567
9495669595
9447784567
9495669595
9447784567
9605954694
9495669595
9447784567
9947022722
9633004703
9895937572
8891385534
9895237681
7907403921
9995761156
8157991320
9846985777
9447577089
9656064351
9895638070
9605113997
9895559361
8089002255
9895812334
9447249046
9446297919
9446080852
9544652084
8111937700
9895173602
9747572296
9388845387
9061360466
8891030840
9447351600
9048008574
8281166679
9446073329
9447784567
9846655844
9496173722
9840155275
9846433337
9995526934
7559052311
9995162188
8547922312
9633999900
9656378216
9895315435
7012159564
8078845056
8547143897
9037083407
9605693378
8089792273
9605104980
9446025406
9446013535
9446458698
9656031582
9961315497
8075758064
9495408980
9895048895
9995841628
9447989215
9496622816
9847423358
9447784567
9745999525
9562238368
9846199947
9495944537
9645005315
9495714917
9446070819
9544609145
9995717359
9388857975
9495322324
9895949942
9496833434
9656703814
9446414370
9633195744
8089541154
9895860381
9947136023
9446290371
9895090906
9496361296
9497287156
9895005577
9446411315
8848249015
9947259344
9447603384
9846722992
9497189346
9447784567
9847081504
9895169443
8891152503
9947233757
9846064910
9995237000
9496409329
8943948650
9446357969
6282818504
8281536651
9747000170
9061874916
9847436638
9746207579
9446446413
9995891449
9562193768
9895651753
9895492307
9847725904
9995023446
7736649626
9847227425
9388612279
6282881500
9447888954
9656731666
8301958776
7012013572
9447784567
9446532898
9847000929
9495984997
9497219972
9947007227
8129200076
7010124281
9747000170
9747344333
9446164893
8848470579
9846744485
8089563348
9995375130
9446096948
9447913420
9447937539
9447282059
9207140905
9847958571
9846012665
9495315931
9947096402
9496779416
9446029694
9562078580
9645801840
9497459544
9544958208
9744225210
9447784567
8943836364
9562727299
8129963630
9400645481
9495970206
9496062110
9995533788
9447811806
9846763368
9747016809
9562313520
9496257872
9947747224
9830732212
8606438141
9526512841
7025078054
9633377444
9744569335
9745811149
9747154322
9447608424
9495955694
8281579945
8606893224
9388253202
9605819238
9946250250
9846450036
9497650942
9447784567
9495990053
9747402056
9497181901
9400258976
9846725286
9446217981
9447369978
9526960082
9961170909
8547643221
9947472375
9847475610
9847974229
9497687194
9544057777
9550713449
8943334901
9447319140
8848559350
9447812207
9746290235
7510220569
9947017011
9400174824
9400757462
9207184025
9400756069
9846385574
9656270737
9895570400
9447784567
9496244914
9495696174
9447913613
9495157797
9496226772
9847327871
9400338308
9847496754
9207077814
9447811575
9895941807
9495466709
9846208510
9744746218
8075400829
9946348527
9496118789
9495947451
9947364580
9745712606
9447048804
9446096122
9961401104
9446058192
9388608712
9447871345
9496120415
9447294313
9446867740
9446549545
9447784567
9539409870
9544983370
8943847102
9847772266
9745006337
9349717774
9895453170
9446932011
9447414589
9446927267
8943503414
9496350369
9497975485
9847221988
9846421513
9567773132
8086142887
9846020263
9447022642
9746365425
9447292262
9447767155
9846732226
9447166118
9562843379
9445213727
9446719235
9847085991
9995846436
9961951551
9447784567
9961817076
9961721749
9961462382
9961254479
9961170517
9947854554
9946218772
9895718593
9895242414
9895177137
9847789406
9847770959
9847645404
9847595646
9847327075
9847068448
9846081222
9747513632
9746798505
9745877321
9744427763
9744427085
9744213378
9744177442
9656933813
9656563355
9656492984
9605468631
9539569944
9526844281
9447784567
9526844177
9526815483
9496430307
9496418009
9496046438
9447933633
9447871273
9447721661
9447434276
9446742228
9446688123
9446473117
9446217165
9446173384
9400979581
9400979296
9400262765
9387575726
9142629554
9142228150
9072836126
9048844782
9048549722
8943148688
8893648366
8304937964
8281931062
8281139619
8157949843
8113033508
9447784567
8086413571
9961430225
9037518295
9847602477
9446504505
9995520770
9605282706
9605010990
8281133659
9558007596
9446074244
9847766700
9495974620
8136802852
9947892237
8593977444
9443391374
9995312687
9895105300
9847333365
9037424362
9847035433
9496737090
9446868468
9037002003
9497237535
9895016136
9495990230
9495534567
9496303777
9447784567
9744547780
9447048308
9846022042
9747204038
7909231272
9946104480
9249262637
9061069944
8547513246
4844045797
9567097068
8907050500
7358124477
9895006666
9446050263
9496229432
9633197099
9656431997
9847970233
9995399000
8921665189
9846077183
9048713838
9995965686
9539570978
9578291414
9895137938
9946665447
9995624573
9446981034
9447784567
9447138022
9446535975
9447023076
8606736151
9946105170
9995350001
9895874216
9446535975
9895709778
9539151506
9446351134
9846016370
9633885338
8943342245
9201943652
9995893326
9447870251
9847338525
9745206974
9446931303
9539000654
9388844199
8129941144
9946064916
9037223808
9846977707
9895489034
9895011022
9995677363
9526304424
9447784567
8086039174
9061571618
9656658666
9447743970
9961992304
9895518494
9446006629
9847466731
9846899992
9447784567
9947022722
9633004703
9895937572
8891385534
9895237681
7907403921
9995761156
8157991320
9846985777
9447577089
9656064351
9895638070
9605113997
9895559361
8089002255
9895812334
9447249046
9446297919
9446080852
9544652084
8111937700
9895173602
9747572296
9388845387
9061360466
8891030840
9447351600
9048008574
8281166679
9446073329
9447784567
9846655844
9496173722
9840155275
9846433337
9995526934
7559052311
9995162188
8547922312
9633999900
9656378216
9895315435
7012159564
8078845056
8547143897
9037083407
9605693378
8089792273
9605104980
9446025406
9446013535
9446458698
9656031582
9961315497
8075758064
9495408980
9895048895
9995841628
9447989215
9496622816
9847423358
9447784567
9745999525
9562238368
9846199947
9495944537
9645005315
9495714917
9446070819
9544609145
9995717359
9388857975
9495322324
9895949942
9496833434
9656703814
9446414370
9633195744
8089541154
9895860381
9947136023
9446290371
9895090906
9496361296
9497287156
9895005577
9446411315
8848249015
9947259344
9447603384
9846722992
9497189346
9447784567
9847081504
9895169443
8891152503
9947233757
9846064910
9995237000
9496409329
8943948650
9446357969
6282818504
8281536651
9747000170
9061874916
9847436638
9746207579
9446446413
9995891449
9562193768
9895651753
9895492307
9847725904
9995023446
7736649626
9847227425
9388612279
6282881500
9447888954
9656731666
8301958776
7012013572
9447784567
9446532898
9847000929
9495984997
9497219972
9947007227
8129200076
7010124281
9747000170
9747344333
9446164893
8848470579
9846744485
8089563348
9995375130
9446096948
9447913420
9447937539
9447282059
9207140905
9847958571
9846012665
9495315931
9947096402
9496779416
9446029694
9562078580
9645801840
9497459544
9544958208
9744225210
9447784567
8943836364
9562727299
8129963630
9400645481
9495970206
9496062110
9995533788
9447811806
9846763368
9747016809
9562313520
9496257872
9947747224
9830732212
8606438141
9526512841
7025078054
9633377444
9744569335
9745811149
9747154322
9447608424
9495955694
8281579945
8606893224
9388253202
9605819238
9946250250
9846450036
9497650942
9447784567
9495990053
9747402056
9497181901
9400258976
9846725286
9446217981
9447369978
9526960082
9961170909
8547643221
9947472375
9847475610
9847974229
9497687194
9544057777
9550713449
8943334901
9447319140
8848559350
9447812207
9746290235
7510220569
9947017011
9400174824
9400757462
9207184025
9400756069
9846385574
9656270737
9895570400
9447784567
9496244914
9495696174
9447913613
9495157797
9496226772
9847327871
9400338308
9847496754
9207077814
9447811575
9895941807
9495466709
9846208510
9744746218
8075400829
9946348527
9496118789
9495947451
9947364580
9745712606
9447048804
9446096122
9961401104
9446058192
9388608712
9447871345
9496120415
9447294313
9446867740
9446549545
9447784567
9539409870
9544983370
8943847102
9847772266
9745006337
9349717774
9895453170
9446932011
9447414589
9446927267
8943503414
9496350369
9497975485
9847221988
9846421513
9567773132
8086142887
9846020263
9447022642
9746365425
9447292262
9447767155
9846732226
9447166118
9562843379
9445213727
9446719235
9847085991
9995846436
9961951551
9447784567
9961817076
9961721749
9961462382
9961254479
9961170517
9947854554
9946218772
9895718593
9895242414
9895177137
9847789406
9847770959
9847645404
9847595646
9847327075
9847068448
9846081222
9747513632
9746798505
9745877321
9744427763
9744427085
9744213378
9744177442
9656933813
9656563355
9447784567
9947022722
9633004703
9895937572
8891385534
9895237681
7907403921
9995761156
8157991320
9846985777
9447577089
9656064351
9895638070
9605113997
9895559361
8089002255
9895812334
9447249046
9446297919
9446080852
9544652084
8111937700
9895173602
9747572296
9388845387
9061360466
8891030840
9447351600
9048008574
8281166679
9446073329
9447784567
9846655844
9496173722
9840155275
9846433337
9995526934
7559052311
9995162188
8547922312
9633999900
9656378216
9895315435
7012159564
8078845056
8547143897
9037083407
9605693378
8089792273
9605104980
9446025406
9446013535
9446458698
9656031582
9961315497
8075758064
9495408980
9895048895
9995841628
9447989215
9496622816
9847423358
9447784567
9745999525
9562238368
9846199947
9495944537
9645005315
9495714917
9446070819
9544609145
9995717359
9388857975
9495322324
9895949942
9496833434
9656703814
9446414370
9633195744
8089541154
9895860381
9947136023
9446290371
9895090906
9496361296
9497287156
9895005577
9446411315
8848249015
9947259344
9447603384
9846722992
9497189346
9447784567
9847081504
9895169443
8891152503
9947233757
9846064910
9995237000
9496409329
8943948650
9446357969
6282818504
8281536651
9747000170
9061874916
9847436638
9746207579
9446446413
9995891449
9562193768
9895651753
9895492307
9847725904
9995023446
7736649626
9847227425
9388612279
6282881500
9447888954
9656731666
8301958776
7012013572
9447784567
9446532898
9847000929
9495984997
9497219972
9947007227
8129200076
7010124281
9747000170
9747344333
9446164893
8848470579
9846744485
8089563348
9995375130
9446096948
9447913420
9447937539
9447282059
9207140905
9847958571
9846012665
9495315931
9447784567
9947022722
9633004703
9895937572
8891385534
9895237681
7907403921
9995761156
8157991320
9846985777
9447577089
9656064351
9895638070
9605113997
9895559361
8089002255
9895812334
9447249046
9446297919
9446080852
9544652084
8111937700
9895173602
9747572296
9388845387
9061360466
8891030840
9447351600
9048008574
8281166679
9446073329
9447784567
9846655844
9496173722
9840155275
9846433337
9995526934
7559052311
9995162188
8547922312
9633999900
9656378216
9895315435
7012159564
8078845056
8547143897
9037083407
9605693378
8089792273
9605104980
9446025406
9446013535
9446458698
9656031582
9961315497
8075758064
9495408980
9895048895
9995841628
9447989215
9496622816
9847423358
9447784567
9745999525
9562238368
9846199947
9495944537
9645005315
9495714917
9446070819
9544609145
9995717359
9388857975
9495322324
9895949942
9496833434
9656703814
9446414370
9633195744
8089541154
9895860381
9947136023
9446290371
9895090906
9496361296
9497287156
9895005577
9446411315
8848249015
9947259344
9447603384
9846722992
9497189346
9447784567
9847081504
9895169443
8891152503
9947233757
9846064910
9995237000
9496409329
8943948650
9446357969
6282818504
8281536651
9747000170
9061874916
9847436638
9746207579
9446446413
9995891449
9562193768
9895651753
9895492307
9847725904
9995023446
7736649626
9847227425
9388612279
6282881500
9447888954
9656731666
8301958776
7012013572
9447784567
9446532898
9847000929
9495984997
9497219972
9947007227
8129200076
7010124281
9747000170
9747344333
9446164893
8848470579
9846744485
8089563348
9995375130
9446096948
9447913420
9447937539
9447282059
9207140905
9847958571
9846012665
9495315931
9947096402
9496779416
9446029694
9562078580
9645801840
9497459544
9544958208
9744225210
9447784567
8943836364
9562727299
8129963630
9400645481
9495970206
9496062110
9995533788
9447811806
9846763368
9747016809
9562313520
9496257872
9947747224
9830732212
8606438141
9526512841
7025078054
9633377444
9744569335
9745811149
9747154322
9447608424
9495955694
8281579945
8606893224
9388253202
9605819238
9946250250
9846450036
9497650942
9447784567
9495990053
9747402056
9497181901
9400258976
9846725286
9446217981
9447369978
9526960082
9961170909
8547643221
9947472375
9847475610
9847974229
9497687194
9544057777
9550713449
8943334901
9447319140
8848559350
9447812207
9746290235
7510220569
9947017011
9400174824
9400757462
9207184025
9400756069
9846385574
9656270737
9895570400
9447784567
9496244914
9495696174
9447913613
9495157797
9496226772
9847327871
9400338308
9847496754
9207077814
9447811575
9895941807
9495466709
9846208510
9744746218
8075400829
9946348527
9496118789
9495947451
9947364580
9745712606
9447048804
9446096122
9961401104
9446058192
9388608712
9447871345
9496120415
9447294313
9446867740
9446549545
9447784567
9539409870
9544983370
8943847102
9847772266
9745006337
9349717774
9895453170
9446932011
9447414589
9446927267
8943503414
9496350369
9497975485
9847221988
9846421513
9567773132
8086142887
9846020263
9447022642
9746365425
9447292262
9447767155
9846732226
9447166118
9562843379
9445213727
9446719235
9847085991
9995846436
9961951551
9447784567
9961817076
9961721749
9961462382
9961254479
9961170517
9947854554
9946218772
9895718593
9895242414
9895177137
9847789406
9847770959
9847645404
9847595646
9847327075
9847068448
9846081222
9747513632
9746798505
9745877321
9744427763
9744427085
9744213378
9744177442
9656933813
9656563355
9656492984
9605468631
9539569944
9526844281
9447784567
9526844177
9526815483
9496430307
9496418009
9496046438
9447933633
9447871273
9447721661
9447434276
9446742228
9446688123
9446473117
9446217165
9446173384
9400979581
9400979296
9400262765
9387575726
9142629554
9142228150
9072836126
9048844782
9048549722
8943148688
8893648366
8304937964
8281931062
8281139619
8157949843
8113033508
9447784567
8086413571
9961430225
9037518295
9847602477
9446504505
9995520770
9605282706
9605010990
8281133659
9558007596
9446074244
9847766700
9495974620
8136802852
9947892237
8593977444
9443391374
9995312687
9895105300
9847333365
9037424362
9847035433
9496737090
9446868468
9037002003
9497237535
9895016136
9495990230
9495534567
9496303777
9447784567
9744547780
9447048308
9846022042
9747204038
7909231272
9946104480
9249262637
9061069944
8547513246
4844045797
9567097068
8907050500
7358124477
9895006666
9446050263
9496229432
9633197099
9656431997
9847970233
9995399000
8921665189
9846077183
9048713838
9995965686
9539570978
9578291414
9895137938
9946665447
9995624573
9446981034
9447784567
9447138022
9446535975
9447023076
8606736151
9946105170
9995350001
9895874216
9446535975
9895709778
9539151506
9446351134
9846016370
9633885338
8943342245
9201943652
9995893326
9447870251
9847338525
9745206974
9446931303
9539000654
9388844199
8129941144
9946064916
9037223808
9846977707
9895489034
9895011022
9995677363
9526304424
9447784567
8086039174
9061571618
9656658666
9447743970
9495669595
9447784567
9605954694
9495669595
9447784567
9495669595
9447784567
9605954694
9495669595
9447784567
9605954694
9495669595
9447784567
9605954694
9495669595
9447784567
9605954694
9495669595
9447784567
9605954694
9495669595
9447784567
9605954694
9495669595
9447784567
9605954694
9495669595
9495669595
9447784567
9495669595
9495669595
9447784567
9495669595
9495669595
9495669595
9447784567
9495669595
9447784567
9605954694
9447784567
9947022722
9633004703
9895937572
8891385534
9495669595
9447784567
9605954694
9495669595
9447784567
9495970206
9496062110
9995533788
9447811806
9846763368
9747016809
9495970206
9496062110
9995533788
9447811806
9495669595
9447784567
9605954694
9495669595
9447784567
9605954694
9400174824
9400757462
9207184025
9400756069
9846385574
9400756069
9846385574
9656270737
9895570400
9447784567
9496244914
9495669595
9447784567
9605954694
9495669595
9447871345
9496120415
9447294313
9446867740
9446549545
9447784567
9539409870
9544983370
8943847102
9847772266
9745006337
9349717774
9895453170
9446932011
9447414589
9446927267
8943503414
9496350369
9497975485
9847221988
9846421513
9567773132
8086142887
9846020263
9447022642
9746365425
9447292262
9447767155
9846732226
9447166118
9562843379
9445213727
9446719235
9847085991
9995846436
9961951551
9447784567
9961817076
9961721749
9961462382
9961254479
9961170517
9947854554
9946218772
9895718593
9895242414
9895177137
9847789406
9847770959
9847645404
9847595646
9847327075
9847068448
9846081222
9747513632
9746798505
9745877321
9744427763
9744427085
9744213378
9744177442
9656933813
9656563355
9656492984
9605468631
9539569944
9526844281
9447784567
9526844177
9526815483
9496430307
9496418009
9496046438
9447933633
9447871273
9447721661
9447434276
9446742228
9446688123
9446473117
9446217165
9446173384
9400979581
9400979296
9400262765
9387575726
9142629554
9142228150
9072836126
9048844782
9048549722
8943148688
8893648366
8304937964
8281931062
8281139619
8157949843
8113033508
9447784567
8086413571
9961430225
9037518295
9847602477
9446504505
9995520770
9605282706
9605010990
8281133659
9558007596
9446074244
9847766700
9495974620
8136802852
9947892237
8593977444
9443391374
9995312687
9895105300
9847333365
9037424362
9847035433
9496737090
9446868468
9037002003
9497237535
9895016136
9495990230
9495534567
9496303777
9447784567
9744547780
9447048308
9846022042
9747204038
7909231272
9946104480
9249262637
9061069944
8547513246
4844045797
9567097068
8907050500
7358124477
9895006666
9446050263
9496229432
9633197099
9656431997
9847970233
9995399000
8921665189
9846077183
9048713838
9995965686
9539570978
9578291414
9895137938
9946665447
9995624573
9446981034
9447784567
9447138022
9446535975
9447023076
8606736151
9946105170
9995350001
9895874216
9446535975
9895709778
9539151506
9446351134
9846016370
9633885338
8943342245
9201943652
9995893326
9447870251
9847338525
9745206974
9446931303
9539000654
9388844199
8129941144
9946064916
9037223808
9846977707
9895489034
9895011022
9995677363
9526304424
9447784567
8086039174
9061571618
9656658666
9447743970
9961992304
9895518494
9446006629
9847466731
9846899992
9895174621
9495995957
9742011206
9656880542
9446308621
9847047714
9895444546
9846065326
9961476110
9447017161
9846070981
9846300044
9995491212
9961680667
9895015353
9447762460
9846036448
9846728756
9072223393
9995356413
9447329765
9447784567
9847724187
9847083097
9495744111
9497718667
9847059884
9037904509
9895431019
9745366367
9961923134
9446265830
9846080405
9447334275
9946021999
9446466887
9846513854
9947111717
9446065263
9961922333
9447026648
8547522799
9633083565
9633083565
9633003780
9400568080
9847058199
9447352599
9633177608
9846042834
8547000386
9846121577
9447784567
9747711985
8547972990
9745604911
4842304836
8921196112
9961564488
9142357478
9745737093
9895701676
9847262565
7034656397
9946669903
9947237996
9895118979
9847340707
7293121212
9388605986
8138901099
9447326812
9847398040
8589022484
9495714419
9961802244
9846407100
7293561336
9745005180
8129742778
9495892655
7034032139
9745319115
9447784567
9846071295
9497687966
9633710390
9747333666
8891716207
9544251701
9061147237
9539244415
7012015575
9645846042
6282274385
8089121209
9744288714
9995080110
9847180160
9495024665
9447268148
9495876689
9961022282
9895479059
8129091057
9895760961
8893173438
8137033582
8129446442
7293142320
9436756644
9544118140
9249744244
9497188789
9447784567
9961665654
9895433654
9496202777
9567509792
8086219823
9446318781
9539159927
7025759174
9895088220
9526711122
9744957437
9567288654
9615779743
8547661263
8281231446
9995265652
9498080238
9876532819
9446426768
9656185622
9895644426
8281845258
9946052260
9605418478
9495934763
8301826394
9495652231
9446054527
8547973544
9895957420
9447784567
8089547771
9847581953
9847190052
9072792902
9400714220
8289904623
9447487900
9846128866
7718847887
9446089933
9447487906
9846023373
8547432160
9188711278
9895032020
9048025246
9526082655
9947256210
9895910888
7025339798
9447513000
9947243914
9567107000
9895312201
9847099936
9895137908
9447716309
8129699555
9037099325
9447576108
9447784567
9447608863
9526576111
9848886795
9961604000
9847729686
9447184120
9037978440
9656213533
9744662030
9547177600
9947662787
8129977888
9846456887
9497775295
9387822327
8138021100
9847035692
9846151889
9446804051
7795024384
9895006018
9846097762
9847735354
9895176306
9895721732
9645403704
9995246091
9947065894
9946945999
9745801377
9447784567
9447609974
9846052574
9447982030
7736775464
9744777099
9961742678
9846277171
9633011186
9447356084
9446475907
9947399870
9895765897
9895759438
9847004997
9847056091
9447368944
9446486745
9847544477
9947846684
9388823347
9446005566
7396001000
9447740634
9847843990
9400151268
9447474246
9895945220
9446501326
9446404134
9447546562
9447784567
9605390450
9447184923
8281983797
9447991245
9895394199
9496040869
9895189440
9447052320
9539495969
9846658561
9447778411
9847303965
9847056091
9846132910
9633588228
8129452188
9995201869
9633021616
9446210636
9447121134
9446001806
9567883312
9847114485
9495983357
9895177778
9544193682
8129310468
9847128919
7736344626
9447213803
9447784567
9446688078
9446865138
9995352324
9447731687
8129270941
8281739550
9847211584
9446589448
9447573665
9446134926
9349875575
9447233653
9497397458
9495941661
9847453750
9447022505
9447284320
9662592588
9846081214
9847052666
9846057697
9846278210
9249397051
9442291019
9446477093
9847923314
9895015436
9746831617
9895765859
9446687938
9447784567
9961215340
9961661714
9387635366
9497177421
9495513125
9847977594
9946570926
9995556546
8086799220
9447170943
9495876746
9847053169
8156836802
9061341597
9447368128
9496525662
9847498287
9744459990
9447172467
9496178245
9961212106
9447207906
9447231775
8097655805
9495577522
9961713941
9946276409
9847254991
9497933050
9847465846
9447784567
8078122174
9037100280
8592959729
9495945374
9847053169
9567927117
9388862768
9447291629
9847309664
9747456004
9961986084
9656256046
9400726530
8547837767
9747233145
9497347601
9288084666
8281726718
9446549890
9846027232
9447816113
8304915155
9846046446
9605003371
9447379109
9446605616
9961234432
7994172578
9497793590
9387649349
9447784567
9461111008
9947055061
7907207367
9447128629
9995261324
9946555312
9947233853
9447677605
9847183296
9188100592
8547793447
9544242221
9895214710
9443149082
9946112460
9446415252
8848556898
8547347892
8281943267
9387436179
8086699988
9037770073
9847411972
9868491655
7012637922
9656025880
7306545829
8113899103
9787256739
9847925260
9447784567
7736306667 | 9020127222
8281281234
9605866605
9895402164
9961472751
9656878929
9633377530
9400309049
9895843238
9447053300
9633497812
9497540479
9447001457
8848498098
9526140936
9495768268
9947964603
9946667278
9605204876
8281994326
9747612576
9447579973
9847083367
9446684407
9895765438
9447225215
9074919965
9399252634
8129487395
9895078317
9447784567
8943941536
9447066036
9544977722
9846071719
9840777343
9539069530
9447071985
9895033310
9995331913
8547022877
9358604849
9895092292
9847985555
9847474748
9447647161
9995228812
9495061097
9946122252
9020602010
8129096845
9037670235
9633382686
9025089206
9446069713
9447887252
7012609828
9497031254
9633813176
9249544484
8281496552
9447784567
9446935748
9745004502
9349168505
9388605818
9349559563
9446428696
8547347539
9895030901
944777886
9895889895
9846206711
9539174575
9995442999
9447565685
9847124851
9447483314
9895226236
9447736683
9980541147
9847387839
9946511187
9388778490
9895465965
9388444833
9745009234
9847121119
9446477007
9388480217
9446082403
9847148712
9447784567
9539004786
9562179584
9446574825
9349895952
8129236262
9895665522
9895077081
9895225476
9997376677
9446090745
9846395555
8086476148
9847048338
9387047313
9847446112
9072234910
9495808276
9446380595
9249257666
9995527066
9447817980
9446710320
9867013103
9895244788
9895015533
9746475051
9387168647
9496215988
9847813183
9847111601
9447784567
9447828031
9447790486
9447162652
9995802489
9446729254
9446409733
9446140474
9847969997
9447364189
9847117050
9061939002
7012325795
9947739943
9496233433
8606979828
9895352977
9895973849
9895041583
9447030448
9847037395
9847878207
9847424345
9446072506
9447409432
9847130078
9447664572
9400335180
9895039610
9946341187
9946341187
9447784567
9847728067
9447294628
9846820112
9497793256
9746192323
9745105126
9847717264
9645006605
9447476660
9645148595
9995249746
8547617906
9846633366
9447790298
9947020830
9567510000
9447152869
9447030448
9074571320
9961466551
8281269027
9447434491
9847788396
8281732352
9048585776
8281865981
8281864118
9496123907
9496098530
8301041827
9447784567
9497098487
8547900457
9497677004
8007541990
8089101977
9495510054
9531816617
8089600567
9447637330
8800423484
9910395628
9320491050
7566901052
9540144685
9869785298
9763902361
8605426093
8281920312
9611237619
9846170637
9515457895
9581543106
9850949152
7676972872
9567654676
9447012992
9656005899
8129951122
8589068099
9846196756
9447784567
9961323315
9875368010
9744964199
9037444060
9447361020
9496574850
9895399110
949603791
8138906650
9447581587
9493186587
9995551579
7403401090
9946358543
9895208488
8547000316
9567878207
9846091154
9447554466
9562234690
9846061909
9995989200
9447048897
9495242220
9446491343
9846040400
9447661774
8129163127
9446489983
9496177549
9447784567
9846288002
8281732467
9037001122
9846244253
9895877633
9847041311
9447871878
8939932480
8089491351
9447134820
9061507979
7025111092
9961005360
9048306904
9497246322
8547843088
9846262195
8136913054
9446546932
9946094023
9895765953
9495782021
9495376524
9744270078
9447147470
9947600864
7025220470
9447097531
9947795037
9249409292
9447784567
9495349119
8593053050
9446577277
9497187060
9496152628
9447768153
9847241517
9446533709
9447131949
9633029935
9447580770
9447107605
9645465352
9447380982
9447174945
9249582760
9847474795
9961440141
9446218137
7034335889
9447154642
9847522100
9846070157
9847055513
9446055537
9495361658
9847941080
9846062559
9846112266
9744100822
9447784567
9048571728
9387585032
7736070036
9400259840
9895099366
9446717572
9847135759
8547593015
9846344756
9446897091
9995821117
8589988830
9847043760
8547821902
9746524060
9946995105
9846079750
8589011512
9447041352
9446856663
9048893268
9495161919
9895258872
8075062723
9447132267
9745529505
9895549553
9947681578
9447218199
9447218199
9447784567
9496013096
9495764492
9656430161
8590071897
9526031135
9745550630
9447580670
9061060747
9895845342
9961499502
9895573471
9995846786
9846581402
9447522615
9539003680
9947050400
8075220247
9447474266
9447375769
7025660322
9447379257
9605085058
9744224704
9833378231
7598799911
9496249114
8129443111
9946397140
9995799651
9495632249
9447784567
9447610049
9847422084
9400082313
9447874471
9447842958
9847461543
9446320519
9400852626
9446612159
9446387493
9895081560
9496277183
9447510484
9497188284
9446695397
9447465504
9446323274
9446113087
9446840700
9747427680
8281395272
9447213338
9447026536
9446740710
9447208852
9496276097
9645937664
9387412881
9744040329
9446157077
9447784567
9446606897
9495472093
9495519403
9447346583
9400883957
9446687395
9497238294
9447043754
9447985138
9495948212
9446684215
9495856476
9846812537
9446494196
9497031082
9447509086
9745004745
9447465554
9961222038
9946813855
9400965984
9895031618
9895077162
9048408922
9491248514
9447232615
9446210744
9446127790
9447503200
8606162487
9447784567
9447260499
9400241387
9495272820
9497130849
9562770698
9497025665
9447001189
9447019750
9447219888
9526661022
9447190096
9847869807
9645085297
8281137829
9656410300
9605702954
9847250096
9526882476
9947629678
9846580454
9961762684
9847010719
9947917436
8301979931
9526930824
9447115479
9446127180
9747100552
7558869957
9947630259
9447784567
7025752621
9995498358
8848620295
9947271361
9895165609
9633427324
9745042850
7356414749
9446720784
9995649565
9656943115
9349277908
9447784154
9495716553
9995474906
9895494496
8547555090
9895816642
9847803358
9072201742
9562376000
9846010308
9847870326
9446218091
9846010308
9847870326
9446218091
9895033753
9847697838
9746467106
9645442423
9961468159
9895175000
9447784567
9656058150
9446611941
7034233633
9809477777
9744909402
9847611222
9497197890
9846010308
9847870326
9446218091
9895033753
9847697838
9746467106
9645442423
9961468159
9895175000
9447784567
9656058150
9446611941
7034233633
9809477777
9744909402
9847611222
9497197890
9633538051
9495669595
9447784567
9605954694
9495669595
9447784567
9605954694
9495669595
9495669595
9447784567
9605954694
9495669595
9447784567
9605954694
9495669595
9447784567
9605954694
9495669595
9447784567
9497197890
9633538051
9633361930
9995685787
9495715431
9633795182
9495669595
9447784567
9605954694
9495669595
9447784567
9605954694
9495669595
9447784567
9605954694
9495669595
9447784567
9495669595
9447784567
9605954694
9495669595
9447784567
9605954694
9495669595
9447784567
9605954694
9495669595
9447784567
9605954694
9495669595
9447784567
9605954694
9495669595
9495669595
9447784567
9605954694
9495669595
9447784567
9605954694
9495669595
9447784567
9605954694
9495669595
9447784567
9605954694
9495669595
9447784567
9605954694
9495669595
9447784567
9605954694
9495669595
9447784567
9605954694
9495669595
9447784567
9605954694
9495669595
9447784567
9605954694
9495669595
9447784567
9605954694
9495669595
9447784567
9605954694
9495669595
9447784567
9605954694
9495669595
9447784567
9605954694
9495669595
9447784567
9605954694
9495669595
9447784567
9605954694
9495669595
9447784567
9605954694
9495669595
9447784567
9495669595
9447784567
9605954694
9495669595
9447784567
9605954694
9495669595
9447784567
9605954694
9495669595
9447784567
9605954694
9495669595
9447784567
9605954694
9497197890
9633538051
9633361930
9995685787
9495715431
9633795182
9020676798
8848346843
9961058226
9447200274
8281915049
9447058706
9745262060
9460330978
9946618124
8281567301
7025192942
9544844609
8086119706
9497204793
9446960228
9447291819
9947035214
9847663680
9447784567
9744745413
9871790302
9656096828
9895242399
9446740445
7902359491
9947882871
9495685511
7034150808
9495353473
9446812941
9747323265
9746825735
9995495227
9447578716
9847963882
9746582021
9495989318
9961399313
8089112930
9447055064
9447050813
9947882871
9447819547
9400335472
9495665648
9633472572
8136814793
9496175438
9961741701
9447784567
9605497229
9447355323
9947489433
9995797202
9496327287
9995824294
9947831372
9495194254
9746850271
9447068857
8286567301
9497386513
9946740445
9495970492
9446485233
9846597848
9995774636
9847712828
9447510144
8606273617
9495427653
9539011887
9744784993
9961709480
9447621300
9447913865
9447980436
9605462459
9447293303
9447214271
9447784567
9961058226
9495656953
9446866414
9447058126
9447204500
9846209475
9447293310
9447872147
9744276070
9447251158
9605028537
9446216823
9656683381
9447058706
9447668374
9562962877
9947247871
9961740351
9388801861
9447980128
7558897192
9048676943
9744157433
9995492565
9447510112
9447435388
9447308329
9747421767
9400224296
9447212908
9447784567
9495852386
9447552763
9544373587
9947703131
9447773228
9747911071
9747689727
9447039520
9846196135
9447136576
9447814445
9447164538
9745045015
9747191301
9400238614
9947023288
9447821582
9895347554
9447144947
9847654224
9447814446
9947450457
9539065448
8086070362
9446319010
9447700728
9020668560
8547804794
9447319909
9288038831
9447784567
9447742927
9744077011
9605933173
7559023828
9400650189
8157884474
9447414483
9946802176
9447818151
9745576777
9447828316
9562065907
9447107630
9447252319
9447837743
9745975899
9747066040
9526658548
9447396244
9846646625
9495194674
9745576777
9447828316
9562065907
9447107630
9744440467
9446805710
9847106511
9744524548
9446717199
9447784567
9496823213
9496435459
9847762161
9447506687
9497686470
9447222393
9847772838
9895981241, 9447414556
9895943433, 9895984984
9447933234,
9447396235, 9605027345
9.84714646398468E+019
9995252425
9961808005
9961790862
9961485282
9961468268
9961313449
9961260929
9961258855
9947947939
9947681681
9947449227
9947312070
9946857729
9946662357
9946553615
9946530109
9946488901
9946442232
9447784567
9946406937
9946187299
9946132378
9946102830
9895924956
9895676892
9895666488
9847982591
9847973183
9847916820
9847860321
9847706242
9847691922
9847593549
9847421926
9847407123
9847360517
9847250505
9847139227
9847073225
9846540988
9747778660
9747558311
9747269792
9746086921
9745999843
9745393679
9745046712
9744539368
9656419991
9447784567
9656340817
9656105688
9645795000
9645533770
9633867369
9605730024
9605530388
9562864005
9562732721
9562338807
9562098959
9562018593
9544486410
9526257200
9497793740
9496976085
9496494416
9496277599
9495961773
9495841611
9495569627
9495375246
9495372589
9495193725
9495020481
9447988150
9447981743
9447963971
9447916705
9447916122
9447784567
9447860804
9447822323
9447816273
9447815702
9447812861
9447762133
9447747773
9447721982
9447663200
9447605998
9447581033
9447580926
9447580387
9447526536
9447468475
9447457867
9447435210
9447384216
9447379169
9447378921
9447368665
9447331300
9447300294
9447231937
9447216754
9447200517
9447187677
9447184289
9447163593
9447107434
9447784567
9447055351
9447052231
9447047974
9447002602
9446943261
9446931161
9446894723
9446889947
9446810258
9446716328
9446680080
9446611284
9446610224
9446606655
9446579202
9446578094
9446464906
9446416346
9446372902
9446315616
9446276347
9446207477
9446128166
9446000950
9446000533
9400897188
9400768802
9400093583
9388754215
9388609327
9447784567
9387585023
9387585022
9387585014
9387299153
9349884657
9349232340
9072226256
9048650660
9048055633
8594065801
8547970136
8547427259
8547000191
8281618579
8281174407
8126819620
907226256
8281369875
9446536145
9995498498
9809457354
9447523195
9497676725
7907803946
9447991223
9497884337
8281246631
9037330623
9995219697
9447104933
9447784567
9495577531
7025115202
8129172864
8301888977
8547713235
9446397771
8281724480
9496173796
9446966434
9447607544
9446424547
9495348814
9446409889
9446397771
9446763771
9447153041
8089870713
8547200318
9946755146
9605039277
9656433206
8921731239
9003726267
9447519060
9400924005
7994118302
8547553167
9495187792
9747678067
9946000083
9447784567
9495600245
9446080021
9496245078
9447837121
9747020500
9895397888
9947742479
9496745993
9946833577
9446404328
9495506875
9744883101
9447697988
9446025547
8547556080
9656591053
9446400645
9400876716
8660981722
9446348531
9605090650
9847040125
9447039811
9995206189
9048380840
9384118787
9946445406
9746476336
8301940139
9446080803
9447784567
9495252988
9846899920
9746662026
6238270959
9995199426
8281863757
9142548054
9495995353
9037385543
9349292223
8129418600
9745358671
9961988388
9562609657
7736459991
9847711663
8281500273
8943190293
9605770741
9895090063
8907010010
8129209660
9496212750
9567760206
8893804142
9946538038
9446179935
8589023286
9061025566
9847933204
9447784567
9495519699
9947133493
9446666414
9656300024
9846020091
9745073353
9447718758
9447625174
9446084333
9447046182
9495384187
9846903351
7736456456
9567956387
9995774535
9946514298
9495255040
7560859594
9847618486
8907658242
9287347086
9446076423
9846558149
9847930909
9495580375
9818739952
9846217935
9495507694
9446128960
9447576702
9447784567
9446813939
8089268303
9495184956
9498097613
9037375471
9446437487
9567739910
9495812822
9847159430
9061337179
9995311163
9995359028
9495600059
9387387886
9495505044
9846455450
9995448895
9526062733
9072214636
8848182450
8592854763
9747088309
8075557466
9947471081
9061507035
9037474383
9995244453
9526229386
8113014248
9447737761
9447784567
8547072300
9447414433
9656982141
9048676083
9496067314
7025088167
9037522545
9446363421
9847994457
9995879255
9961305534
9061499332
8301033239
9746958758
9971418632
9995336913
8652607385
8129270924
9544132260
9411178413
8848703954
9746677407
9995681314/9746992502
9995185742/9447577893
9995006118/9645918308
9961201983/9400775740
9961154599/9747266179
9947141425/9744961425
9895942488/9895301421
9895774178/9745365955
9447784567
9895765464/9895086464
9895388778/8593965428
9895378385/8547678385
9895376760/8893740633
9895310271/9400539627
9895088308/8547275180
9847946513/8590574662
9847853684/9656100619
9847706848/9495985648
9847582802/9526237041
9847429255/9497825855
9847377447/9544923504
9846922271/8593936671
9846332259/9747978125
9846276372/8547325572
9846057578/8907932775
9809912366/9526070723
9747864716/9846135144
9745424089/9388908791
9744724065/9446721294
9995855191
9995801989
9995770035
9995574777
9995447909
9995431415
9995185576
9447784567
9961800342
9947816633
9895918495
9895772544
9895498975
9895298014
9895261338
9895229495
9895102913
9847636634
9847495227
9847226874
9847200573
9846388027
9846203071
9846166344
9846097508
9746572764
9746026984
9746026687
9745534386
9745421589
9744142918
9645433628
9645278962
9645185993
9633527421
9605612467
9544352906
9539167112
9447784567
9526851119
9495179960
9474303005
9447331396
9447232609
9447158593
9446891486
9446865299
9446714400
9446227318
9400922731
9061055258
9048821877
9048270141
9020967531
9020388333
8848455749
8547732822
8547591631
8281662709
8281367056
8281309241
8156881839
8086735812
8086078716
949575231
9995596824
9995559295, 9847116604
9995400737
9995260811
9447784567
9995136136
9961242429, 9497074941
9947786007, 9495737390
9947764888,
9947460716
9947431522, 9633109357
9946120226
9901955273,                          0484 2538896
9847911494
9847745185
9847413029, 9072399568
9847058070, 9847759126
9846923992
9846834462,
9846674787, 8086388631
9846600112, 9961481894
9846008355
9746072690
9745989863
9744546147, 9605678484
9656992222
9633832658, 9567843743
9605741802, 9847280150
9605678484
9562573391
9544791124, 9895018238
95446557294
9539994539, 8086480534
9539489690
9526453614
9447784567
9526356432
9496197726
9496156512
9496043400, 8281439340
9495573663, 9496764663
9495430808
9495378023, 9895050098
9447907303
9447573860,
9447434040
9447295401, 9847087798
9447152177
9447097739, 7012211266
9447051007
9446508142
9446505328
9446451790
9446439359
9446352722, 9895772731
9444389332
9443045400, 8714426026
9400656689
9400642226
9400484831
9388610102
9388419388, 9037073916
9287563069, 0484 2837957
9142042380, 8547514181
9100115866
9072747087, 9020165225
9447784567
9072162355
9048854255
9037214988
9037055575
8943436151, 9048352259
8888388333
8593907515
8547880226,
8547875327
8547332965, 9846634316
8304867363
8129986305
8129431125, 8129431124
8129418690
8129418434
8129418434
8089165104, 7736113336
8089009089
8075410296, 9495938153
7591907904, 7591907589
7356644479, 9446387600
7,35,63,50,35,29,84,74,00,000
7012735911,
2625448
0487-2333400, 9562133400
0484-6519939, 9495957054
0484-3255090, 9656424816
0484-3229604, 9567909007
0484-2970439, 9946448499
0484-2750967, 8891797020
9447784567
0484-2630795, 00971504376825
0484-2630532, 8281612292
0484-2628593, 9961748483
0484-2625518, 9447965759
0484-2623150,
0484-2608996, 9447006422
0484-2608007, 9495960458
0484-2606649, 00973-39864695
0484-2604096, 9744735177
0484-2577036, 9847122583
0484-2576914, 9895040500
0484-2559957
0484-2559736, 9048632070
0484-2558770
0484-2557912, 9946452779
0484-2557508, 9495612611
0484-2556742, 9895934757
0484-2556069, 9947600200
0484-2555477, 9847916667
0484-2550209, 8891343921
0484-2550207, 9744810890
0484-2543462,
0484-2542521, 9846104662
0484-2542347
0484-2541769, 9746130292
0484-2541608, 9895946360
0484-2541125
0484-2514322, 8289808221
0484-2513529, 9746592755
0484-2513074, 9847888483
9447784567
0484-2442625, 9895239056
0484-2430323
0484-2395256, 9497023290
0484-2342288, 9847681227
0484-2340678, 9447120334
0484-2340188, 9400771515
0484-2270919, 9349160031
0484 2624607, 9656983047
0484 2550899, 00971557658596
0484 2432688, 9895056414
0484 2256082, 9846093660
00971-557625700
6598361196
9447574751
9846839151
9349006050
8547774964
7994541334
9372871865
9745472239
9618884800
9895178336
9746198884
9633188360
9995869582
9447841118
9447037023
9947141332
9072150508
7012530712
9447784567
9061158091
9567777480
9447733659
9447817971
9567840187
9947061540
8111804573
9947390108
9745232727
9645928888
9447405256
9387406523
9072215088
9388604024
9746051341
9895703077
9544724680
9539756680
9846173631
9048886999
8136937114
9947433144
8281372137
8111887729
9447104933
9496745993
9447221547
9847422939
9995498498
9895397888
9447784567
9447355535
9496575714
9446465262
9447748531
9895388643
9995626326
8281369875
9895563527
9447603495
9447166788
9466104484
702511522
9847032422
7907803719
9633447467
9947742479
9447991223
9446536145
94462277661
9074059564
9446404328
9495810642
9895377774
9447460708
9747678067
9495336385
9447347891
9495470725
9995949160
9847173294
9447784567
9946755146
8136922144
9446310164
9497278730
9526821359
9605039277
9447709989
9645075261
9447544203
9446135133
7907803946
8547556080
9847080101
9846094686
9946670000
8547815414
9847020605
9003726267
9446485035
9446512221
9400924005
9895080565
9496245074
9847126775
9645083104
9895038074
9446061435
9961571344
9446531742
9446544480
9447784567
9446512221
9495501315
9846094808
9446080021
9946453924
7559933700
9446282121
9447194898
9947827111
9447414282
9846036480
9495679555
8089045131
9037779000
9995519000
7889202001
7736139349
8281467535
8301024408
9847338825
9995900294
9847251269
8078129198
9022616061
9495425573
9847032345
9847406193
8606236011
9310524787
9745451155
9447784567
9497023737
9496060726
9847159483
7907046302
9495218740
9388966104
8547099613
9895447809
8656128191
9895175424
9746478944
9037378216
9745988897
9745988897
9895855779
9495716474
9895177561
9995006000
9846755380
9037690323
9744711160
9846151519
9995915495
9447379375
9447807780
9447019750
9846224106
9961883312
9388605801
9447090377
9447784567
9995137395
8547790007
9846083683
9447017570
8281884847
9846032275
9846404409
9746138686
9496339110
9747059021
9400003993
9446415881
9388602672
8589092170
9447167974
9388600235
9895712008
9801872890
9387739449
9061941234
9249472703
9847011150
9895557177
8075926134
9447819527
9846176933
9447565838
9847388812
9605677711
9544080011
9447784567
9495514393
9747170011
9061146595
9446118337
9995666180
9846041495
9745997007
9400940464
8590957043
8589080773
9847106838
9847878821
9895123495
9447001877
9446312299
9895192999
9846060260
9895075655
9447325362
9388992111
9995498533
9388405757
9846438195
9895048468
7025282101
9740004631
9846090770
9388603315
9544253651
9446515146
9447784567
9895189547
9747234342
9746470333
9388609103
9645038582
8157997770
9567820000
9447011738
9744115650
9020774835
9447228039
9496586104
9496496108
9447827565
9447826102
9447175999
9847167698
9947991991
9847910124
8089928019
8754421569
9176666429
8547000139
9645822998
9746237795
9947208332
9447231045
9446207572
7561018741
9447987495
9447784567
9744961379
9496106130
8129900236
9037643093
9745226442
9746074741
8714356878
9388702295
9895348606
9633548001
8281528288
9447200291
9447208469
9847317087
9447703677
9495778331
9048094617
8592929232
9495383761
9446607424
8547013977
9476769245
9611897606
9446569168
9895071410
9990588243
7356156743
9947472729
8281480685
8891618175
9447784567
9895595441
9447759795
94477986037
7356177487
8089176336
9847207720
9921796603
8547991060
9447900415
9497188514
9646599733
9447048703
9633998913
9495354488
8301820039
9495425596
9646118983
9495180913
82889966483
9846874162
8304041334
9847448268
9747884525
9446803693
73569896514
9496225568
9847040482
9495673631
9746771761
9495078591
9447784567
9447986037
9526697850
9947593670
9481921123
9744454400
9995498451
9447733716
9446127864
8939931390
9447247984
9447601930
9747733428
9847329505
9895005328
9495897521
9447508270
9895534223
9496823751
9895595441
9846929799
9447775644
9947311707
7736447375
9633145331
9447476869
9447016961
9446103571
9446510038
9895642979
9446000701
9447784567
9446102693
9746801915
9496072938
8907364387
9961049017
9847010046
9495193753
9846388818
9496258732
9986755635
7736898716
8763860091
9496063380
9747486671
9544205408
9497366187
9495425657
9633884464
9895987813
9645505605
9995487208
9745234302
8547001011
9497188596
9446479156
9388141496
9074983540
9847193182
7902357303
9847701999
9447784567
9400707924
8547729251
9745999824
9633003499
9447775799
9544380878
9447784417
9400238123
9496956970
9142509148
9037529719
8547000338
9446945766
9495105606
9447129279
9495127911
9072301971
7907441769
9400055836
9947772705
7093800434
9447422378
7592018184
9446755666
9446078224
9860148249
8086697832
9847769557
9809048069
9496179424
9447784567
9446945175
8547203208
9388439146
9446522461
8524802689
9995800871
9446983937
9846478373
9847547694
9995809681
9495105245
9495187779
9495581071
8547000321
9495380875
2255777
0484-2760861
0484-2525625
0484-2762275
0485-2870337
0484-2732334
0484-2685769
0484-2688315
0465-2208336
0484-2732290
0485-227309
0484-6468090
0484-2528009
0484-2730268
0484-2685723
9447784567
0484-2689507
0484-2680308
0484-2761548
0485-2811586
0484-2680606
0484-2768005
0484-2681231
0484-2057433
0484-2688058
0484-2870811
0484-2657629
0484-2520368
0484-2761134
0484-2593901
0484-2688712
0484-2680634
0484-2760956
0484-2650588
0484-2767184
0484-2688364
0484-2763225
0487-2847009
0485-2272291
0484-2590658
0484-2317181
2832174
0485-2245241
0484-2764204
0484-2760431
0484-2527148
9447784567
0485-2812335
0485-2207783
0484-2591394
0484-2762248
0484-2767563
0484-2685533
0484-2688419
0484-2681129
0484-2707251
0484-2767508
0484-2650661
2732809
0484-2731011
0484-2594575
0485-2811266
9847259988
8848412661
9847685622
9544249915
8008677225
8156880384
8593993130
9207294998
9207371084
9645800247
9840958455
9847516760
9731866550
9446134894
7356118217
9447784567
9947265658
9895217778
9846977009
8086356987
9656100913
9037481529
9746703600
9495643259
9447155055
9446349123
9495813994
9995556337
9895611899
9567386866
9445045712
9544216664
9961889993
8593995299
9847007954
9847041611
9895040831
9895201710
9746727488
9995811668
9633330099
9495141414
9886208361
9847034800
9447260725
9995532000
9447784567
9895270486
9895080812
9995475155
9061821718
9946600604
9495211233
9846595431
9349210130
9645854243
9946554967
9846701233
9746039637
8089327833
9846039429
9447777728
9562260881
9895185740
9497274548
9847919396
9446716051
9447326890
9846789750
9349219447
9946024179
9656837158
9447459527
9847823793
8089440007
9388623493
9847751802
9447784567
9961663007
8089242595
9961663469
9633081198
9539145243
9847399877
9995286053
9495201027
9895987099
9895030259
9495431609
7575875165
9497791398
9496225731
9961645416
9048367245
8943257830
9745476026
9447095591
9495393273
9744557605
9567492926
9947384622
8086303901
9446583600
9497088697
9539749103
9895303203
9895079377
9447396098
9447784567
9995239545
9061881574
8547501788
8281921230
9847618603
9495588661
9567019112
9656434956
9387160999
9947648800
9526658435
9947240665
9746850721
9961706789
9605492550
9207007627
9187286865
9847227533
8943872249
9895302303
7994241323
9633010938
9567019112
9388641629
7025233655
9544361725
9847266533
9562221752
9400915401
9446832490
9447784567
9746588583
8983836599
9946405252
8805785270
9495201027
9895760623
9496330937
9847636368
9744557605
8904681461
9567852164
9446531203
9895765860
9033575893
9447368580
9496993666
9847292317
9446089805
9447369555
9039734692
9497189049
9997709604
9496278757
8606667750
9447965143
7760425031
9746350013
9496753741
9496120556
9633795607
9447784567
7736012726
9446549805
9400789686
8891299010
9447715829
9447172873
9496180308
9495765894
9605065752
9745176655
9895037303
9447602793
9446514112
9847965162
9846630559
9846551000
9037331967
9895148261
9895654264
9048078383
9995660080
9847012373
9895693345
9446441359
9847137835
9447666983
9656982111
7736523160
9447145906
9388805304
9447784567
9447028224
9446184348
9567875946
9895168793
9446412097
9400201984
9497459085
9895058345
9895715567
9633309188
7306955177
9446129012
8921375644
9846819921
9645138977
8075346255
9446431119
9846115035
9745696065
9946997200
9446027902
9961155266
9895999444
9633158440
9946293560
9847059979
9497188541
9037709828
9746186537
9447464946
9447784567
9947196774
8086049738
9562036981
7561811906
9895719076
8086171977
9447228628
9349292036
9495466691
9995431572
8606496421
8089877293
9847222704
9847104904
9847725142
9895580341
9447068895
9447251418
9846218541
9847011684
9847175752
8089122750
9447407973
9447797454
9744495101
9744582939
9061034657
9447326283
9895031696
9447948378
9447784567
8592924136
9895161935
9446357867
9846837096
9567330771
9446168202
9895985264
9496430224
9497216008
9846175294
9847025484
9847140933
9400762582
8921142484
9544939178
9562665720
9895933044
9048822950
9495971889
9539702703
9447722410
9846463481
9746290929
9846291870
9447095591
9847618603
9605950588
9789031768
9946200158
9145544868
9447784567
8807617840
9633066915
9846015702
9605887651
9947096928
9796893388
9496225731
9446832490
9061881574
9567809213
7075062021
9633559096
9496555516
9744708600
9504689834
9539004588
9495989750
9846890011
8281714186
9656710064
8078494525
9846618413
9847395502
7012805200
9446463550
9446116147
9961664439
9847367824
9495629002
6238348735
9447784567
9947232187
9961993342
9656982528
9961664709
9961368984
8129310646
9544198199
9400524992
9447528386
9847768850
9567820220
9895062504
9496531077
9497289954
9544124240
9495747781
9567919252
9388600506
9447378173
9747585648
9061403905
8907918185
9496060941
9747562699
9037604293
9562480402
9446054313
9544072401
9645639616
9961434006
9447784567
9995089202
9847771959
9847934264
9847442020
9562116887
8593021957
9744213680
9249350307
9447698253
9349270895
9447813151
9947092333
9961817038
9446128467
9400466435
8281100862
9745269909
9544072247
9895375012
9947910547
9946261444
8289887838
7736750095
8547078829
9447663063
9496960801
9744221590
9847095150
8089566734
9495814670
9447784567
9497369116
9847158239
9947032227
9495571389
9142519827
9497200125
8281807375
8848689156
9447577246
9809813640,
9847222498,
4842558423,
9959992125,
9037824798,
9847249225,
9961817087,
4842603085,
4842671989,
8547506811,
9447812639,
9946020325,
4842670115,
9745572943,
9567362653,
4842514388,
9995377565,
7736124772,
9605983020,
8281321661,
9744418878,
9447784567
9656714055,
4842672389,
9947921761,
9895753329,
8893815065,
9961277035,
9895533304,
9895985345,
9745507262,
9747258205,
9846151715,
9961000620,
4842671148,
9633310628,
8547523162,
9995640164,
9496160382,
9995044279,
9388808538,
9495603285,
8089085663,
9544772238,
9447722747,
808964245,
9400333948,
9400333948,
9400843242,
9744959471,
9947680778,
9744842959,
9447784567
7558928037,
9847604695,
9048901845,
9400820184,
9846262692,
9656254277,
9744135532,
9846355196,
9847274088,
9995420681,
9400843242,
8086666208,
9947474755,
9847103011,
9947806934,
9744709425,
9249730578
9995325321,
9847108805,
0484-2672102,
9895907786,
9446276248
9995749967
9605083221
9961707898
9544907512
7558885063
8281467529
9446718307
9497183935
9447784567
9846850026
9447602751
9656947498
9037781909
9447872008
8289937291
9249331406
9447817914
9745630025
9605638417
9495505205
9446957616
9447358698
9947161503
9496120776
9847858248
9847470750
9446356715
9847217138
9496097983
9446869207
9995374508
9747788973
9497687798
9388140112
9961618824
9946276510
9048881863
9446746287
9446665688
9447784567
9961663970
9447510720
9847678155
944716811
9447510462
9946025471
9400549936
9633271977
9446139469
9446024307
9447154787
9446091770
9447250943
9446464906
9447187139
9847740580
9797204430
9961964414
9947306774
9447465373
9526282285
9526224924
9495257965
9567519995
9961807796
9847851409
9744273971
9539888089
8547905629
9447510551
9447784567
9495813218
9562361187
9947102319
9744561234
9446472911
9605381855
9446610933
9847570013
9605588550
9995369690
9847593141
9605591193
9961656237
9526749433
9539436998
9947374497
8086799241
9961909774
9447921625
7025756363
9656659290
8299025875
8921360850
9744864232
8547126331
7025893023
9497687822
9744584567
9446972263
9744543188
9447784567
9645573655
9846242893
9895416068
9567266825
9446228053
7736405138
9745358815
9388479540
8547350039
9495429015
9895916703
9846201871
8089444268
9847072633
9946512562
9526583877
9633639363
9946808607
9746147958
9961849099
9746265773
9895205323
9446982926
9207448776
9539696498
9495933560
9899727018
8921256381
9846134488
8089165104
9447784567
8129019222
9562200940
9895272569
9349960993
6382086991
9847914086
9656384813
9388605400
9526888577
9847654192
9895838344
9846155059
7736464850
9562751460
9746947782
7736621403
9567501377
9946440585
8606746155
9072195186
9961001321
9895222407
9946506442
9526273460
9947595659
9745998812
8891111370
9947989228
9895488738
9846789554
9447784567
8547231828
7293577537
8943881176
8281460604
9287927062
9526823610
9387458688
9946060555
9846512835
7025728150
9946057070
8075942048
9809728971
9567109046
9496263715
7736438182
9846441443
9744616469
9539725766
9961795664
7736612151
7510820286
7560817125
9847295048
8113804620
9605131527
9745628105
9061985593
9847182574
7994691805
9447784567
9567878910
9745695653
9446716246
9567760847
9846184545
9605131527
9846184545
8921477618
9447260616
9567878910
9349005223
9654745143
9447465610
9447710050
9946130404
9961140006
9747720489
9846770429
8129151389
9884253350
9446481914
7510910952
9895133167
9895886309
9995492071
9605131527
9539076465
9747102313
9895711750
9847792827
9447784567
9847051553
7293102056, 7290102055
9995476705
9495664823
9037435578
9446441535
9940141659
9447378276
9633066802, 9847063887
9447082473
9746579619
9895470207
9349223365
9497192460
9947183750
9447070158
8086610739
8157041555
9995322253
9961433020
9746013907
8943645237
9847953414
9633188644
9061862974
9895358902
9447608538
9495712639
9847837475
9226844887
9447784567
9526868896
9746470738
9447379377
9633867420
9747204849
9495961280
9496266399
9447170874
8157984285
9446928326
9497295619
9656224915
9846454262
9447595127
8281322475
9388819225
8606923023
9847276781
9495675618
9400645788
9645121296
9388859654
9995590200
7012305219
7025085713
9446138196
9961154599
7558969905
9407933069
9946790664
9447784567
8547341358
9995441135
9846425226
9961578136
9961614885
9400937407
8281791088
9895316534
9605112082
9961901365
9995592602
9946341170
9447482396
9496824296
8089806459
9746605196
9447305657
9847265998
8089420161
9747427444
8129100394
9656978533
9497288660
9747678075
8907336166
9847243095
9539290713
9446574734
8156941220
9496225206
9447784567
9496312801
9744833664
9744183422
9346497557
9037771793
9895627157
9633012732
9745457418
7012788360
9633088377
9639000657
9847354307
9846245588
9496281144
9447755716
9447231657
98950845319
9745780111
9447206476
9497460093
9495917573
9847024585
9400581328
9961162438
9846199335
8606361925
9961256405
8281295371
9747620792
9744382351
9447784567
9744722921
8086713210
8304089372
9895894850
9496227125
9496408720
9562190669
7403593091
9400389235
9496215220
9847639114
9895310271
9633875239
9895362759
8606029630
9633886043
9947777281
9847619073
9847449120
9446865299
9847811393
9961214907
9460504788
9495021852
8921159923
9946807494
8289972996
9847063380
8943928899
9895299154
9447784567
9388452461
9072792903
9605667756
9447332869
8129826968
9562438104
9947344513
9495790589
9446896921
8075041615
9995637305
9744675371
9400299568
9562851767
9744843478
9446513686
9946443655
9142149032
8156960576
9495888692
8089145661
9846803441
9895048730
8086816173
9020782587
9446448620
9895281315
9847939416
7593900346
9995574777
9447784567
7012305219
7025085713
9388859654
9995590200
9400645788
9845121296
9847276781
9495675618
8606923023
9846940161
8281484048
9846015225 | 8921431593
9526827851
9495382447
9495382447
9961449987
9995970949
9074124848
8089344997
9633808878
8281444457
9995848099
9961627066
6282350711
9746493631
6282765802
9567136735
8137027941
9895267343
7356002659
9447784567
9847030463 | 7306424468
9746378882
9947048316
9497036667
9895460290
7560896627
9895562641
9747676459
9995542798
9656802495
9070912577
9847140896
8547767254
9847181551
9544127504
7025236390
6282112922
6282110535
9447740617
9567888804
7560949114
8089440283
8714977986
9846023940
9947858592
9744493958
9746195057
7736528301
7736331938
9656686825
9447784567
9995233085
9847448274
9061532333
9745348893
8547832411
9846534585
7356423495
8037925739
8903569475
9048557252
9847976523
9961219875
9747434042
9746733611
7593939785, 9496437482
9447200160
9895011006, 9447177118
8606657300
8281777194
9846093102
9447991207
9562994224
9349843616
9447055630
9847927597, 9605631817
9895206987
9605388458
9495591213
9895318000
9746613432
9447784567
9446363124
8606137878, 9447177820
9037070670
9446212140, 2218276
9633035071, 9037903465
9744562836
9447596778
9496480359, 9745046396
9847794894
9446865207
9447603326
9847518098
9447790729
9447022684
9400148409
8129822333
9387101803, 9961470103
9349274902
8136848799
9846166123
9846283080
9947136041
9947870608, 9847490608
9645644729
9447764098
8891657819
9846336859
9037384807
9495506466
9895652071
9447784567
9544621463
9895011550, 7012432880
9846618073, 0484 2215880
9895619597
9037452272
8129946772
9995233211
9946557681
9947158054
9744271404
9746677701
8848455998, 8089150565
8891006918, 995474137
8714434448
9895744572
7907812801
9605858292
8113948890
9995431219
9746825037
9447591500
9526062744
9495950657
9746569749
9895527086
9946544417
9895089599, 9895588811
9447930459
8129353132
9447233182
9447784567
9037364100
9847644818
9847491277
9388274414
9995882587
9388446881
9995610765
9846180964
9847744377, 9744174377
9747873282, 9847923632
9847241782
9895005383, 9745005383
8714117791, 8921346881
9048438437
9947469965
9847299887
9846180839
9745037506
9895885355
9605855979
9995821064
9846834274
9497141334
9496040079
9846362218
9846316310
9846722970
9847729505
9446530988
9995907487
9447784567
9496313294
9496531363
9349626531
9061287762
9388813073
9447856560
9746453212
9961203668
9745694881
9048826442
9947930855
9947932466
9747255226
7012243356
9400606581
9847853684
9847464109
9496955905
9961984837
9447812424
9846548869
9496177441
9447813027
9846310490
9656696373
9288118145
9496177643
9847466542
9447465427
9947483465
9447784567
9048567432
9961967353
9349109033
9846503808
9895456872
9539114810
9061950531
8086415202
9847452555
9544994368
9895658145
8281694354
9707564343
9746172626
8129861046
9544715624
9895664094
8589985401
8086144221
9809088581
9633001888
8281134000
7012789604
9946537050
9447184678
9633037865
9847770956
9846066937
9947243748
9447632989
9447784567
9605700703
9447168209
9744398523
9388066010
9995555146
9447291658
9497686975
9744866202
9544933563
9495407337
9961430592
8075505665
9846450388
9446688396
8129174141
8301980225
9446611686
9447580373
9847408927
9447329716
9447140003
9847797079
9020075830
9447328509
9747976076
9895388137
9847832427
9447167538
93878875152
9947498343
9447784567
9947475518
9645784797
9497026280
9567590399
8281992190
8921238585
9447666969
9446139294
9656377350
9447815540
9961636326
9946454179
9847433202
9745699695
9539075422
9497491517
9995319468
9526269764
9847729558
9048372388
9495163578
9495272734
6282250601
9847685836
9495381673
9447149377
9744812745
9495129804
9447061147
9349671820
9447784567
9645006435
9745189899
9446208752
9496917334
9946125328
9495520299
9497835020
9249577839
9946539988
9946556426
9961488298
9249577839
9744138975
9605339125
8547537823
9747884184
9995675629
9446721031
8547537823
9847238509
9447078321
9847107565
9447721560
7012835728
9447056698
9847388115
9847584378
8606570798
8301968828
9947301548
9447784567
9747973943
6235352163
7025941759
9495715051
9446826431
9947920871
9447144312
9061429978
9562458289
9947004529
9495762588
9446593614
9207904403
9656293992
9995981801
9249899709
9605089211
8547830889
9633476649
9847345172
9747819397
9947761534
9656699711
8289931992
9562850559
9544483807
8921024648
9847377250
9562593520
9895732821
9447784567
9747599867
9633415962
8086285361
9809813618
9562563124
8606284673
9946341935
7558054705
9605798721
9744420281
9847917846
9061278002
9061658797
9562564457
9645562198
9495918894
8129572650
8086108870
9605149418
8129620059
9061547523
9744121984
9349505284
8086586424
9747054883
9645033988
9745394008
9400422205
9633406741
9048869637
9447784567
9947814297
9526774388
9605391112
9048154359
9072202358
8589077380
9947670905
7025107797
9526954029
9744497446
9745752211
7560881096
9747207867
9847738889
7560956626
8129684349
9995123968
9605339528
8281476388
8594094721
9020402044
9847095315
9656807987
9605995175
9544973579
8078568442
9847113658
9846187401
9645756667
9946976041
9447784567
8113032794
9847773641
7025532864
9961254495
9744173102
7592944620
8606617865
9847660976
9142101713
9497071386
9846940161
8281484048
9846015225 |
9526827851
9495382447
9495382447
9961449987
9995970949
9074124848
8089344997
9633808878
8281444457
9995848099
9961627066
6282350711
9746493631
6282765802
9567136735
8137027941
9895267343
9447784567
7356002659
9847030463
9746378882
9947048316
9497036667
9895460290
7560896627
9895562641
9747676459
9995542798
9656802495
9070912577
9847140896
8547767254
9847181551
9544127504
7025236390
6282112922
6282110535
9447740617
9567888804
7560949114
8089440283
8714977986
9846023940
9947858592
9744493958
9746195057
7736528301
7736331938
9447784567
9656686825
9995233085
9847448274
9061532333
9745348893
8547832411
9846534585
7356423495
8037925739
8903569475
9048557252
9847976523
9961219875
9747434042
0485-2824632
0485-2823404
0485-2862455
0484-2522106
0485-2570239
48452571421
0485-2843352
0485-2823247
2570505
0484-2640283
2812351
0484-2642142
2646484
495518449
0484-2526404
0484-2641303
9447784567
0484-2641521
0484-2641999
2640572
0484-2641981
2640023
0484-2642022
2641461
2649116
0484-2641733
4842640589
0484-2593359
2521167
2529346
0484-2654193
0484-2656381
0484-2657015
0484-2812068
0484-2526538
0484-2525442
0484-2652258
0484-2657904
0484-2656499
0484-2654539
0484-2654232
0484-2653576
2654206
2592844
0484-2651131
0484-2592518
0484-2523182
9447784567
0485-2827205
0484-2657652
0484-2642044
0484-2646148
0484-2591261
0484-2591889
2657652
2590877
2528514
0484-2657202
0484-2648686
0484-2644356
0484-2645024
0484-2648721
0484-2645714
2646479
2847306
2645967
2646236
2847455
2648546
0484-2645144
0484-2645877
2649511
0484-2646071
4852843089
4852826262
9961316756, 9847666111
9947870031, 9048564576
9895946589, 9895100265
9447784567
9895884290, 8891270376
9895686677, 9846221761
9847882229, 9645218691
9847521103, 9847410103
9847271765, 9544130224
9747265741, 9744675454
9747198715, 9747848765
9745955500, 9846163964
9656869943, 9747238415
9645739637, 9539993618
9645277219, 953981770
9645107540, 9605500390
9645090367, 9645029557
9633611007, 9895803451
9562854279, 9544563739
9562804979, 8547076742
9497789470, 9495747820
9495536475, 9605629395
9447608499, 9446995481
9447460363, 9847280821
9446684270, 8547328274
9349314648, 9562193111
9249320945, 8891279003
9142780569, 9142885094
8547909509, 9447650809
7558894154, 9544654154
808911114666
9995858871
9995663240
9995468601
9447784567
9995430028
9995393026
9995358816
9995228406
9995106224
9995034693
9995019725
9995004326
9961999755
9961991702
9961888018
9961871574
9961849366
9961815480
9961725473
9961724808
9961723292
9961723193
9961619010
9961488414
9961458750
9961394428
9961247469
9961206674
9961188177
9961188177
9961168866
9961007223
9949258833
9947962615
9447784567
9947899257
9947898702
9947858360
9947850974
9947849429
9947832716
9947696876
9947660449
9947460177
9947443664
9947415379
9947405566
9947249090
9947187033
9947186388
9947166102
9947099695
9947035561
9946996723
9946661296
9946634763
9946600502
9946430913
9946291911
9946228099
9946086393
9946060269
9946058020
9895981367
9895968981
9447784567
9895929487
9895819006
9895731309
9895699893
9895691005
9895638536
9895572922
9895548080
9895440770
9895190291
9895183474
9895075541
9895056848
9895030820
9895026943
9847993909
9847934881
9847878174
9847872689
9847800670
9847767413
9847760072
9847749040
9847661736
9847658358
9847622245
9847606100
9847577118
9847575266
9847437357
9447784567
9847434844
9847343461
9847322969
9847278132
9847274888
9847271094
9847219130
9847053606
9846999883
9846964189
9846905670
9846835098
9846833349
9846691970
9846636671
9846636183
9846625306
9846595615
9846528773
9846507200
9846477112
9846287325
9846189569
9846182824
9846117377
9846114717
9846106990
9846073021
9846026675
9747990808
9447784567
9747960168
9747870539
9747800629
9747758119
9747705764
9747677438
9747639173
9747429566
9747236146
9747166390
9747158276
9746737401
9746731877
9746686285
9746610990
9746108805
9745999206
9745999206
9745963241
9745869667
9745807829
9745782745
9745486290
9745468540
9745367059
9745333196
9745075697
9744955622
9744909231
9744842147
9744822057
9447784567
9744785038
9744778453
9744653847
9744649975
9744517299
9744424683
9744421779
9744421756
9744403156
9744282300
9744273141
9744151453
9744108404
9744051382
9656935116
9656861945
9656569341
9656436936
9656425005
9656380087
9656251127
9656132313
9656041149
9645988497
9645957021
9645356874
9633351002
9633294992
9605608915
9605597859
9447784567
9605320093
9605217516
9605208851
9605150077
9605082705
9605017392
9605008874
9567759476
9567707908
9567691153
9567387369
9567228773
9562973918
9562848275
9562831304
9562733068
9562678971
9562638309
9562616658
9562569945
9562310641
9562272880
9562161870
9562140038
9562118585
9562068875
9552541816
9544821411
9544811326
9544667923
9447784567
9544633832
9544583017
9544539892
9544524717
9544519278
9544350053
9544329434
9544227044
9544129941
9544071605
9544066669
9539757257
9539747957
9539468827
9539081995
9526978748
9526925302
9526830848
9526512183
9526297550
9526264587
9526200185
9526147820
9526143570
9497962447
9497026165
9496566389
9496564747
9496359845
9496177023
9447784567
9496086674
9495994785
9495879642
9495843289
9495789201
9495632804
9495526818
9495471257
9495025169
9476525487
9447986255
9447964209
9447872362
9447871547
9447834295
9447815390
9447724695
9447666832
9447604570
9447582527
9447579117
9447321931
9447285954
9447220179
9447219494
9447217586
9447213431
9447193983
9447114219
9447078918
9447784567
9447049548
9446819152
9446745715
9446742416
9446740787
9446740630
9446720613
9446719406
9446718919
9446718880
9446713442
9446611080
9446605593
9446593195
9446539437
9446468104
9446217197
9446141436
9446135188
9446079269
9446056610
9400968969
9400946578
9400901999
9400871465
9400794149
9400262700
9400261345
9400190786
9400013133
9447784567
9388818380
9388805377
9388725182
9388631797
9388480205
9387650208
9387475237
9387388092
9387377586
9387317967
9349917113
9349281329
9349265917
9349252091
9198990834
9142842756
9142135062
9072948061
9072020426
9061340648
9061247978
9048488218
9048460999
9048412355
9048191673
9048097515
9048039113
9037897273
9037363170
9037221862
9447784567
9037203991
9037159751
8943778787
8943370218
8943093138
8907531007
8891203563
8891113221
8606668242
8606423790
8606394878
8593088376
8590433279
8547937037
8547906041
8547815955
8547807656
8547483278
8547194995
8547180413
8547056663
8281902031
8281818897
8281489928
8281196336
8157083547
8129739965
8129437283
8129395828
8113034235
9447784567
8089516564
8089225557
8089187443
8086547624
8086308565
8086252764
7558065844
7356859688
7356844706
7293497121
7025587856
9447728287
9747802447
9446376697
9488596194
9586949690
9961444317
7025849378
9605383557
9846139674
9447244479
9633335074
9645567159
9446621196
8139059031
9847697086
9747231693
9497068380
8891847114
8086824712
7994542898
9495465204
9745642470
9249417289
9446622082
8606809960
8078570986
9947204081
9072538888
9744727723
9539787413
8086342113
9447651729
8129179334
6238267632
9745751314
9037543291
9446853196
9747959699
9605856268
9778175833
8129647422
9656694186
8137803625
8139054515
9846130033
9562828752
9497318564
9544343719
9037461476
8089104263
9562201870
9745357640
9946527374
9746527538
9873751828
9873751828
971569922901
9847014243
6282279941
9947426868
8075861995
971559942466
8547251714
7907186244
9207381604
0096566933744
00919744514292
9656927612
8281831679
00971507592079
919495559351
8281688736
62357 18771
9544318243
07736374585
9074299639
9188623213
9778495441
7559871580
8075861995
9744932659
9605819172
9040024064
9400173097
6282110891
9895076577
9846095070
9847963399
9846625958
9709352396
9746524060
09074579019
9446501700
8547934436
9159074412
9447701848
9400237015
8089318857
8589068099
8589068099
9447380812
9496356176
09947972940
8078249730
09447891527
966594392550
7012690039
9447960010
8075609830
7012970402
00971529736162
9873751828
971569922901
9847014243
6282279941
9947426868
8075861995
971559942466
8547251714
7907186244
9207381604
0096566933744
00919744514292
9656927612
8281831679
00971507592079
919495559351
8281688736
62357 18771
9544318243
07736374585
9074299639
9188623213
9778495441
7559871580
8075861995
9744932659
9605819172
9040024064
9400173097
6282110891
9895076577
9846095070
9847963399
9846625958
9709352396
9746524060
09074579019
9446501700
8547934436
9159074412
9447701848
9400237015
8089318857
8589068099
8589068099
9447380812
9496356176
09947972940
8078249730
09447891527
966594392550
7012690039
9447960010
8075609830
7012970402
00971529736162
9495669595
9447784567
7510215743
7907345510
9847311377
9495669595
9447784567
9447784567
9495669595
9447784567
9495669595
9447784567
9495669595
9447784567
9495669595
