919663968861
919744933238
916235543764
918547958780
919539363172
919048877311
917594017200
917902700739
918547242485
917907625418
919188809333
919037059176
919495958582
917907152195
919142036022
918848104219
971561273402
918281831326
919188691560
919035576826
919496015611
918111919022
919176743712
918590038833
919562261828
919778227892
971509637385
917306572762
971555156970
918606424729
919744398446
919745355717
918089085522
917736239277
918714969204
917994619053
971524973321
918943642286
918078008605
918590910822
919745118690
919946398491
918052650050
918891823601
966544235545
918547462980
919633547827
919188195585
919846570056
919847899622
96871564661
919037313941
916282289331
971545647482
971503920943
918157071936
918848921952
919778179972
916238276247
917907045455
919895273677
918237813783
919497220786
918075376886
919188032195
919656791051
919562603974
966510358095
919496353433
919566055644
971557455366
917736514489
919995796878
917012511862
918078094942
918714497005
919100325361
971527254607
919961465985
917902889428
916238122987
918075342518
919995828065
917907589246
918281696735
919061325057
916238995514
917012268383
918921110761
916282124858
919567073862
919188171832
919846578994
917025258004
918075514626
918590694874
919645089831
971562273684
919961482520
919656990027
916238288957
97333517461
918281660951
971509032083
918281240677
918606699813
919526212434
919633881522
919400290444
919744808206
918089037475
916238903791
917034521275
918281755048
966539431579
918075195018
919447991116
919207227785
917025439129
917902313845
919995766849
917306414569
919995597849
919447966708
919526047480
966570719840
919605206541
917025510476
919567927226
919995982965
919539731390
919746941030
916238118904
971509624803
919207174114
918921389982
916282571240
919656802020
916282868377
919400197368
918606454850
918220965504
917907086251
918714325736
918113906595
917356265760
919656064351
918547025133
918943348835
916282702086
918078113314
918593994463
971585852789
966576751633
919207181124
919656105688
918848877502
96893648977
919947000864
917306212020
918590568707
919567024543
916238336022
918590496844
918078003525
919744545903
919188326289
919188056598
918891524591
916282577269
919778132944
919526232499
918301068608
919745462759
918891638165
918590477795
919746296077
919037271635
916235728839
918330806315
917025124104
916238684968
919400510855
918590309761
918943904868
918086392139
918921404002
919567404690
916282527851
919188161620
919495511936
917510309371
919446578652
918921029545
918593968223
916238905671
971556915474
918592835149
971504213449
919961644279
917736289771
918891344692
918136922164
919778007244
917907703903
918156871590
919497106562
919656482524
919048371715
918590308463
918921912379
919497724993
919497506973
919645275722
919048141330
971559330600
918590470758
916238875109
919400970770
918590165811
96896732575
919496360495
971564502891
918138994932
919446544272
919495464793
919745706269
918606096205
918943878777
919447176686
918139807160
919961800997
917356836406
96894837957
919605361540
971567764181
919495808644
918921671092
918943911768
971561524440
919074486496
917736600761
918129941407
919633026601
919037182961
917510803321
919495188331
919747350629
918156845320
919400238929
919188744089
917012016422
919495380815
918129252900
919895066007
919946348610
916238291341
919495242234
918590808545
918590379842
918137973588
971563424296
918891252725
919447762529
919085316950
918089008105
919496415007
919447739202
919380723422
919539945754
918606122082
918590425209
919990010200
919207806371
917025633768
918921657210
917994008395
919446905827
919745122281
919383408356
917736123016
971508970162
917907488469
918921589124
971554679191
918787683738
917593015418
96590062827
918281909139
918129920731
971506776054
918921949553
918129366367
919526218364
916238578169
971503393523
919847833916
919895973236
919946907172
917619616092
919188600557
919048902852
919074500260
918547584663
966571421357
917306735903
919746069075
919744341334
919747503127
918848001880
971555442755
919207200456
918281794254
919847903174
919605025444
917907810502
919847998472
918590531731
919778498167
918086441217
971564755245
966570904652
918156858434
918891819822
97433505123
917907054024
966540690232
918921767679
917561009959
918921252162
919745051641
918590706171
919037619882
919961199628
918547141534
971558307372
919074495076
919061835783
919744311588
919061365765
918547524366
971559438527
918075309764
917994685378
917012444592
971563813360
918606342014
918848389086
919745837218
919846791276
918547239144
917306943477
918089596181
918593882163
919947352969
918921971969
919061145405
971558056699
918848956582
919562825016
919605731938
918089003392
919526602663
919072920149
917907620716
919633390483
97335592081
971551457094
971526463851
971503788979
919061864998
918921586251
919562165663
917306736072
966556394821
918606832499
918511672761
918089301779
919388612600
971502467274
918086259586
917559908855
97336204177
919645232230
919605621397
917025893307
919962870013
917356503478
917559977757
919526146109
917736009905
919188672853
918075195169
919074999186
971505486889
916282327874
917902214340
919645689671
919847272219
919600824021
971589731932
919072718866
918281586925
918848694882
919003400757
971502810205
917736207447
919946295956
971502531544
971509770228
918547444344
919747360208
919497625170
919037138463
919526142432

918921964162
917012363437
919496595174
919526645398
917558962943
918590516679
919995864373
916383080596
917012759631
919567248520
919447613439
919633567311
919037527284
917736280377
971561328545
918921726329
916235012051
917736990031
917594843326
919074369619
919551281133
918848275172
917907012574
919497638309
919929700548
918590877049
918086684438
918590339644
917356819459
971545428914
916238485308
919562443315
919383434544
919074599265
918921979568
918281453736
966501101648
918089467776
918606678590
918075841298
918089639282
919400783733
971567083120
918301951732
918921508788
918547264411
917560952588
918129916291
917592042740
971509817649
918590218277
917306193001
918848532039
918157018804
919747200353
918138811749
919400927092
918078861732
918547447627
918086963023
917561875170
916282798312
918606075240
971544802573
919496196001
919048890348
919656720261
918891143119
919947041448
917591925407
919633327801
918089113330
917039860302
919633124453
917306670898
917736283191
919446193431
919567082612
919633997976
971554405180
919846631282
917736245963
917012432388
917909122671
919847211762
919746649821
919446478718
916282826701
919497043761
916282317622
916238050608
919497804018
918075885693
917736180551
919288118734
918590509168
966573228236
919746957222
918078013120
919633065700
96898478846
919074211769
917025903894
917034423355
919745060236
919496025884
918078881912
919447547574
919048818287
919048726077
919744066314
97366961897
971559469697
919037049558
918921416703
97433220603
919567034528
917025302743
919048931662
971547874897
917510633319
919633661286
918590538835
918714606792
918921654268
919446973398
918891187443
919037270954
919495124304
919207315448
918136834798
918281240321

